812
190
329
694
935
720
278
204
469
476
967
705
770
770
455
783
218
550
488
247
247
623
638
117
832
772
248
179
305
701
455
469
243
784
163
178
505
793
734
974
270
702
31
392
472
487
175
42
37
16
641
285
639
279
402
824
403
2
355
708
56
810
178
299
594
693
830
99
487
564
425
109
266
457
853
90
296
28
132
333
44
125
970
36
405
372
212
808
727
567
869
783
377
399
82
971
92
264
423
931
829
848
392
95
657
597
538
953
626
22
287
22
148
609
410
553
334
622
713
61
189
582
844
566
981
278
890
426
543
313
709
372
513
454
819
171
51
709
476
29
732
763
52
880
725
462
785
59
85
498
120
626
433
964
545
414
594
787
192
137
452
902
509
965
708
681
488
759
390
965
789
122
80
841
354
805
655
491
864
92
342
336
71
775
652
616
541
247
403
734
384
855
988
246
172
696
927
661
455
669
978
244
144
410
437
850
216
445
342
432
889
684
121
960
459
773
576
0
20
331
86
757
186
74
3
711
770
282
372
226
951
702
822
447
112
612
298
680
57
640
113
946
324
234
259
135
359
835
487
380
167
926
137
705
0
492
416
771
774
140
349
77
194
523
525
307
135
823
987
544
815
452
843
491
38
102
978
398
289
817
130
808
743
619
514
744
111
282
867
237
775
216
314
969
739
191
628
227
366
968
771
533
420
966
24
811
68
2
561
358
172
691
166
915
662
32
659
773
667
526
362
442
94
28
763
834
220
744
413
938
712
184
472
484
151
848
295
571
203
856
929
375
899
448
290
913
832
950
686
499
828
400
293
923
429
409
109
1
153
522
939
865
58
763
349
209
612
997
133
815
205
414
190
457
862
832
370
47
782
409
898
963
809
192
886
238
953
347
239
106
869
531
971
927
294
672
489
906
21
622
73
227
388
615
684
603
448
406
650
582
815
548
545
625
92
783
863
45
130
455
151
351
338
474
279
632
499
120
891
520
94
316
99
482
932
135
85
732
542
87
314
357
636
212
982
728
995
198
126
126
5
277
829
343
104
460
975
955
580
218
475
26
535
575
509
819
62
946
551
604
34
865
962
22
77
296
102
425
494
228
903
851
858
732
194
314
193
522
269
125
740
96
152
627
23
13
446
86
311
997
690
697
215
652
719
644
301
822
69
147
402
972
999
612
57
193
926
250
715
195
727
808
292
879
435
315
244
234
753
556
231
444
253
798
448
325
443
749
499
512
897
901
837
896
514
246
441
440
848
509
988
575
669
632
807
104
299
51
338
53
959
922
497
565
720
945
890
163
47
389
28
944
642
217
192
156
463
985
949
311
494
289
238
163
921
45
620
220
449
310
273
408
584
122
325
305
68
215
820
467
956
200
763
599
769
307
107
232
292
408
895
787
697
486
302
618
531
274
191
332
585
816
93
169
939
418
826
359
986
999
826
294
199
589
245
969
896
353
553
540
113
801
679
811
287
982
781
170
256
972
855
193
141
948
715
80
718
541
439
704
540
265
351
740
206
596
61
454
949
614
994
63
767
674
226
54
656
359
577
264
332
432
810
473
380
525
905
450
66
344
155
607
961
506
699
167
454
112
621
756
726
615
171
846
641
397
900
297
756
829
914
440
261
724
265
993
249
170
444
315
866
951
274
827
809
325
994
263
437
967
19
516
935
542
362
576
939
614
226
48
444
140
840
57
216
106
403
817
628
199
132
495
150
759
322
311
436
669
926
874
636
298
390
923
840
104
500
780
718
726
180
514
218
20
924
434
478
679
251
107
878
735
954
28
846
276
691
283
297
617
509
286
915
251
209
756
355
709
888
425
787
420
292
5
440
568
791
271
247
42
378
125
130
332
505
328
960
196
611
610
165
120
896
81
371
105
189
78
167
429
856
954
849
148
960
641
716
751
912
963
146
642
440
628
326
945
956
639
493
920
249
658
392
145
739
116
602
280
194
769
61
50
724
910
550
36
904
618
139
168
581
285
811
373
265
137
318
574
776
811
494
377
470
886
522
561
2
477
194
549
246
255
951
322
518
502
358
422
120
850
942
54
487
753
427
753
243
98
327
371
909
821
749
731
59
623
645
414
100
839
963
699
446
914
21
964
768
732
738
241
582
681
295
421
434
74
174
29
172
853
401
434
674
150
165
86
773
810
500
226
1
815
925
448
81
298
764
850
30
503
443
964
536
738
386
322
164
912
352
337
766
753
123
792
255
288
878
28
451
730
606
804
545
531
252
627
830
369
829
212
224
272
529
760
362
267
82
526
179
786
215
945
539
338
90
146
979
968
527
782
51
133
586
596
665
191
575
847
560
404
59
784
28
940
544
390
207
978
269
387
765
484
684
656
175
126
803
154
447
330
936
498
815
874
446
480
65
22
679
625
778
91
761
807
31
657
549
239
988
818
978
753
303
14
761
830
141
916
984
588
246
272
438
414
146
884
894
212
906
926
189
37
17
303
844
48
960
393
639
948
564
969
53
219
984
815
49
477
731
33
417
330
657
855
744
803
739
990
367
998
916
909
35
933
212
231
334
524
976
973
473
540
943
878
759
279
45
808
756
777
193
173
459
850
380
555
6
119
545
373
117
814
634
504
99
846
735
433
371
64
759
196
604
54
74
716
333
120
876
441
249
70
966
60
272
346
615
278
465
512
4
935
326
990
791
778
837
879
563
560
943
674
756
899
728
182
615
413
654
844
854
903
914
820
315
538
518
930
169
336
443
525
271
121
515
62
251
352
941
815
264
236
489
372
136
570
555
103
983
561
947
190
817
213
362
132
752
881
63
921
217
858
798
840
331
313
254
583
18
548
750
282
784
591
7
920
513
562
24
497
475
323
39
292
537
401
425
641
634
840
562
203
50
712
43
381
25
298
316
395
198
418
30
982
10
37
255
523
951
631
372
426
954
411
719
491
165
496
132
151
336
46
355
386
110
750
119
136
400
436
883
598
854
913
581
216
950
836
740
901
467
464
328
773
228
47
617
393
895
101
544
231
500
251
969
610
2
88
98
402
524
982
1
731
895
934
947
846
770
39
99
589
856
427
362
84
826
331
829
721
433
373
304
933
977
273
543
979
362
642
733
238
624
734
321
871
20
621
69
790
12
169
731
868
948
446
952
775
777
133
848
210
859
153
495
836
778
39
815
140
33
548
731
9
635
52
880
655
673
302
798
38
471
881
906
419
327
211
546
457
344
747
19
203
252
515
39
30
906
206
171
291
107
254
300
94
306
532
749
332
834
899
370
657
781
628
429
460
839
975
269
536
722
289
739
974
156
131
357
62
689
528
353
148
134
5
242
440
889
344
124
724
243
846
381
376
475
810
189
314
138
458
850
212
747
942
539
255
425
896
317
466
776
22
615
910
379
857
702
269
553
179
345
797
25
78
525
500
241
714
815
379
173
17
943
272
311
482
528
88
730
197
555
858
572
170
768
303
379
823
572
933
2
917
82
27
996
607
528
237
674
695
968
847
64
911
471
376
746
351
816
828
901
371
687
825
541
807
128
921
630
701
206
984
970
288
12
966
895
892
555
569
587
523
768
3
787
592
731
533
943
548
361
196
919
400
21
813
208
150
86
190
851
292
175
821
580
187
140
827
431
695
749
370
571
869
373
358
461
105
243
757
653
956
305
924
357
327
737
565
477
823
755
680
467
930
853
399
469
345
227
900
41
328
270
612
197
996
322
11
101
565
120
106
521
425
30
230
752
768
795
581
943
903
613
411
185
819
810
7
164
389
259
205
69
882
169
267
878
843
630
331
760
750
437
282
175
467
864
280
587
12
213
531
915
827
294
452
646
456
459
810
198
71
368
267
953
889
534
183
733
516
514
845
266
951
127
794
418
344
426
6
356
639
889
623
818
183
75
816
991
887
979
189
958
347
457
263
588
343
446
673
860
960
519
478
911
998
272
681
342
698
39
698
690
928
321
508
463
749
325
807
636
304
996
946
3
805
209
943
501
655
969
713
615
488
191
878
838
816
559
533
866
951
583
556
879
257
65
695
6
742
502
994
398
850
940
753
8
501
48
861
508
17
574
123
857
765
353
48
933
264
581
800
215
164
356
447
421
773
494
779
867
348
773
265
198
65
370
558
566
419
419
74
788
993
549
646
111
254
694
44
519
627
196
734
791
553
533
565
326
27
344
194
375
118
811
926
535
182
484
102
953
256
528
741
601
430
739
64
684
785
461
555
412
657
642
556
210
175
121
889
203
465
435
930
935
598
856
471
132
693
573
85
301
453
179
902
883
918
967
920
704
780
475
468
437
469
24
0
645
145
241
200
611
676
482
546
626
691
17
759
384
942
196
685
748
375
939
983
646
258
903
702
38
731
170
828
200
195
828
197
692
69
749
655
97
232
554
75
923
923
834
659
866
31
696
966
758
635
949
404
246
853
106
636
936
277
464
488
824
292
686
516
713
435
524
162
19
78
238
942
1
424
953
219
455
649
185
214
637
135
970
883
340
77
519
276
706
984
764
530
628
802
398
694
590
274
856
609
352
446
904
354
871
857
573
678
859
111
244
496
246
215
731
586
292
250
862
998
586
978
880
567
781
630
261
371
905
469
332
609
916
588
315
139
798
889
817
657
0
62
153
598
277
884
184
921
486
398
271
425
728
503
992
509
485
253
232
742
74
917
352
990
505
667
481
303
908
299
960
260
713
465
858
990
701
394
263
188
144
534
965
873
389
957
382
874
562
967
617
636
884
969
979
389
988
460
693
249
111
5
509
824
471
720
166
172
114
429
712
611
315
29
484
704
986
866
579
900
185
548
537
69
869
868
811
857
328
856
106
440
861
968
616
684
688
783
209
154
564
273
765
880
303
249
936
289
468
867
542
653
415
79
75
284
947
886
142
627
742
600
419
955
568
36
992
608
171
201
115
735
474
880
967
129
482
904
771
302
771
313
955
539
392
382
823
691
620
317
670
714
918
442
670
838
830
662
799
1
215
914
88
41
794
56
171
628
312
942
930
435
255
238
974
999
620
798
42
241
115
64
307
385
506
977
576
336
991
375
689
558
289
130
600
435
538
771
416
850
713
346
285
320
936
612
319
557
410
713
150
877
777
809
615
284
787
191
972
130
918
14
689
207
144
641
994
682
412
410
884
477
109
521
797
45
133
468
954
895
181
456
773
310
266
740
594
405
283
919
535
201
285
576
760
429
217
754
463
981
517
347
458
626
868
607
671
2
75
626
897
608
434
22
919
700
114
865
105
397
136
993
950
421
921
710
202
139
817
665
472
334
12
931
312
233
538
335
587
966
313
836
574
748
211
493
448
325
711
906
75
847
899
25
269
820
736
471
311
905
137
784
591
501
67
903
86
957
238
673
923
904
510
498
652
721
343
452
398
54
358
473
902
609
499
171
430
587
994
93
492
131
229
435
985
296
690
71
254
280
97
529
184
607
379
836
680
75
641
78
129
999
904
383
609
403
906
391
342
901
484
186
384
66
621
369
362
311
793
968
591
890
850
128
849
229
964
881
304
957
311
786
957
215
169
918
970
76
309
312
329
145
850
713
211
471
435
926
134
580
894
78
470
744
206
671
326
522
552
630
480
863
416
789
431
938
707
401
14
16
66
695
513
916
760
725
740
547
651
226
127
897
304
949
994
862
620
672
385
524
302
217
740
71
6
171
9
713
924
375
81
990
70
594
259
182
671
351
730
674
577
857
924
882
159
270
744
131
942
481
656
596
698
748
667
56
271
676
769
195
403
202
538
473
149
149
656
820
500
738
495
77
595
419
311
106
41
56
238
983
889
246
579
588
994
247
996
265
275
118
812
679
320
702
504
469
851
512
290
351
250
137
429
846
908
740
304
949
148
542
284
390
788
863
330
782
462
326
399
90
444
564
769
765
266
625
586
118
138
228
821
388
365
602
586
625
695
891
926
843
433
210
233
574
426
563
708
888
242
108
978
686
24
99
451
290
725
390
408
863
618
230
603
984
832
190
961
527
81
888
723
866
450
308
440
876
224
149
117
466
609
95
152
633
547
956
923
272
698
684
487
316
266
90
652
450
632
614
330
713
854
405
932
304
713
724
181
289
873
298
755
834
745
260
819
292
568
95
916
266
779
755
934
397
198
587
847
830
201
529
896
55
934
828
359
0
552
892
289
778
190
397
612
288
9
784
932
929
879
201
547
10
956
481
407
506
68
606
337
269
488
233
676
422
61
388
774
965
280
64
743
823
813
708
111
822
844
395
751
723
596
650
733
905
131
492
411
200
450
748
821
938
981
498
713
394
238
487
712
518
903
807
693
716
867
156
890
711
552
993
434
148
643
519
53
775
363
465
327
166
565
148
456
899
998
521
645
236
361
357
107
264
517
800
333
384
957
223
448
509
569
234
9
212
754
415
339
469
232
666
987
797
815
796
48
165
317
694
754
678
403
861
295
272
13
628
657
970
203
105
831
772
339
193
985
445
608
324
267
840
343
254
989
510
50
38
675
720
732
429
398
487
642
693
760
656
673
769
978
877
874
162
649
565
355
634
363
963
311
630
803
654
236
792
516
639
830
191
711
914
973
109
754
967
155
514
623
828
283
954
57
509
116
707
426
471
693
789
434
356
771
589
362
360
733
878
351
916
422
62
182
395
523
936
714
30
450
338
211
85
644
268
946
760
975
373
231
21
514
17
377
286
958
740
998
43
618
349
959
40
763
142
787
638
430
502
669
881
192
880
318
836
500
265
948
828
990
531
849
504
548
226
142
858
318
140
901
937
841
213
329
956
355
117
595
785
971
616
18
515
848
689
703
348
306
651
528
296
182
377
800
82
956
943
940
274
435
193
211
629
406
893
585
113
362
532
251
333
148
621
200
348
310
903
697
616
906
225
912
88
955
65
170
911
360
462
185
147
7
749
776
414
994
714
879
356
246
130
41
747
752
241
95
414
496
144
31
402
722
295
490
677
712
12
940
72
826
477
220
833
226
348
599
220
62
479
928
661
961
969
760
713
210
855
480
706
352
863
460
74
158
302
751
871
314
43
295
492
520
515
326
99
864
277
671
278
756
600
939
70
569
51
135
132
259
615
190
611
478
651
685
637
953
788
860
620
831
155
112
703
23
438
802
887
68
474
517
824
74
809
894
643
860
382
127
119
997
318
730
476
969
767
465
274
907
325
894
738
832
7
442
855
797
244
94
865
70
612
42
144
421
288
140
281
670
267
401
668
937
483
496
258
251
961
533
158
638
427
249
822
786
43
678
936
639
772
801
710
736
195
206
157
836
346
791
506
966
544
526
903
27
374
514
630
687
47
141
325
826
390
500
613
785
178
901
424
302
54
486
39
250
693
196
86
391
987
944
709
883
823
965
911
197
479
893
885
878
34
562
704
776
62
669
561
592
570
338
895
625
176
286
227
221
834
313
613
174
609
674
57
432
991
968
982
822
862
867
700
248
781
405
25
196
426
938
788
997
276
35
974
805
321
201
26
508
866
991
682
475
666
739
260
9
60
242
832
274
109
532
522
242
289
899
438
716
838
579
713
466
614
687
271
288
240
650
796
106
641
478
581
659
569
841
669
629
83
501
255
544
385
130
139
675
29
577
391
219
156
456
38
123
495
661
411
735
311
559
841
953
389
774
964
958
968
633
940
403
486
195
300
872
677
439
899
707
368
642
278
525
98
316
0
945
330
763
32
641
322
873
946
711
999
911
21
967
896
313
723
735
861
23
607
538
462
858
245
830
500
876
707
950
192
59
895
522
822
927
516
144
152
814
207
503
725
581
471
974
894
546
709
755
569
668
294
383
526
891
565
26
767
625
976
312
684
223
186
507
150
702
3
302
869
563
805
946
144
628
920
38
174
981
794
95
649
440
478
175
331
44
553
99
21
881
763
705
104
949
212
254
4
568
908
873
131
66
819
275
46
740
665
573
721
811
20
723
251
499
250
583
895
804
34
916
37
797
973
142
98
538
748
102
106
9
975
237
427
147
864
825
239
529
750
312
341
771
35
944
622
286
527
869
442
913
137
831
710
110
973
161
648
74
263
106
435
591
695
862
738
559
39
329
441
790
641
134
561
677
78
535
315
958
404
109
871
541
940
934
3
266
447
652
340
710
758
127
653
806
989
743
365
380
72
158
170
714
292
83
743
723
618
58
33
22
519
256
915
459
190
919
725
637
923
417
700
33
544
705
839
885
449
557
618
521
715
788
235
360
224
330
435
842
388
468
217
907
724
132
719
267
403
796
256
678
566
308
712
110
14
551
348
463
460
966
984
176
106
572
536
330
902
971
525
643
791
742
902
515
226
973
782
982
770
391
660
336
699
372
798
713
276
498
176
736
816
513
264
923
437
152
605
691
475
130
686
266
224
589
134
803
914
916
785
684
659
445
20
359
170
171
72
798
669
601
886
486
114
151
761
903
303
366
946
779
849
633
397
73
574
531
876
488
800
13
173
459
811
545
818
981
68
891
779
738
844
665
576
310
168
337
213
472
55
159
603
904
792
0
330
718
532
558
207
332
572
732
791
383
629
962
716
698
205
847
788
49
864
716
359
33
53
572
857
460
83
460
717
228
812
399
946
696
957
505
28
881
237
172
264
219
486
332
269
691
179
57
740
44
773
99
429
178
23
286
990
106
98
707
686
910
106
985
607
416
490
987
297
80
511
914
299
997
246
920
40
778
977
780
174
102
231
603
280
254
241
622
713
339
330
751
601
788
736
560
204
227
900
502
659
763
768
958
113
14
230
153
144
207
934
318
661
165
273
293
772
514
915
837
205
245
588
159
386
325
719
590
904
971
444
563
87
212
873
200
579
103
353
723
310
639
394
971
157
667
264
281
182
531
118
739
777
706
898
515
383
970
105
287
293
902
850
380
114
723
932
45
826
286
121
488
277
515
811
786
182
427
67
716
959
537
456
88
596
706
603
979
28
60
267
322
962
117
54
429
193
987
474
19
625
595
860
902
110
671
41
645
451
460
361
410
998
169
498
594
228
453
573
256
513
840
930
828
310
985
257
503
972
83
874
949
679
734
203
141
758
244
786
209
705
500
971
703
21
821
649
249
274
222
858
139
415
140
967
77
477
576
580
801
660
806
750
339
893
954
832
651
198
971
212
255
823
183
958
844
4
959
446
630
182
656
769
949
796
89
26
274
665
606
75
325
764
826
16
657
132
849
308
330
172
520
586
995
55
896
839
59
856
637
689
390
293
811
339
90
900
365
716
565
323
143
243
439
321
259
97
453
460
405
784
632
278
722
979
685
970
819
97
178
808
786
568
102
949
259
544
849
976
260
767
651
755
10
91
77
621
188
530
82
945
666
66
575
740
46
261
711
217
358
889
377
496
810
479
446
69
375
647
398
987
766
49
743
128
140
820
750
328
350
184
274
17
602
201
109
0
462
820
217
172
62
947
669
224
426
467
293
802
114
43
141
233
93
884
361
233
704
111
914
407
295
540
776
250
741
885
250
556
58
820
728
120
767
397
344
193
864
989
347
331
33
841
564
478
725
925
63
782
389
977
189
684
869
317
286
611
202
537
167
612
357
247
732
124
645
428
669
861
770
17
544
155
210
108
633
935
386
696
717
775
674
258
811
543
575
98
506
130
635
25
742
992
273
827
468
270
607
137
483
377
506
28
532
716
488
517
652
226
214
721
1
240
332
165
135
907
263
994
389
250
19
484
594
644
663
62
266
270
199
750
0
706
130
532
774
618
402
426
845
616
500
198
208
832
363
695
91
978
689
833
580
61
317
174
57
980
588
324
602
788
426
602
846
556
487
620
526
889
399
723
857
899
922
417
83
637
112
174
968
154
7
548
215
676
75
272
8
663
948
963
803
374
565
1
282
404
974
809
645
373
532
854
624
806
271
59
796
736
233
764
890
593
664
105
621
739
729
630
755
30
945
558
404
510
560
687
267
534
848
912
259
732
767
235
539
390
294
687
126
879
451
16
824
467
473
446
207
555
428
962
585
373
872
341
235
784
28
854
670
228
767
929
961
886
516
852
276
162
539
403
394
342
771
218
809
597
16
16
152
796
330
89
521
203
430
109
987
811
963
658
39
730
939
352
968
808
204
245
970
743
0
364
437
123
935
247
720
951
263
224
100
946
313
621
149
96
82
488
259
46
498
298
128
790
3
97
598
207
694
568
303
46
285
740
169
220
987
242
523
603
466
623
549
132
597
50
580
679
890
839
77
741
489
206
531
492
655
129
52
701
49
355
747
334
447
268
906
787
510
430
390
329
405
291
813
2
693
745
34
583
584
111
324
73
669
207
918
676
688
970
377
738
677
476
424
124
745
331
911
607
113
653
288
518
944
453
873
989
198
259
573
782
722
249
208
744
809
126
420
497
96
150
235
773
978
12
249
75
695
161
35
160
814
323
678
111
777
903
100
327
162
25
110
237
627
670
981
436
796
401
933
244
903
521
369
882
885
618
309
580
779
344
740
946
668
770
409
797
26
861
124
188
887
586
777
866
608
758
654
404
160
939
0
415
460
369
649
345
988
959
277
119
303
17
417
323
140
826
472
166
40
597
706
279
535
484
145
144
242
799
900
754
738
901
170
551
622
819
248
610
778
526
82
434
895
499
757
387
678
230
553
718
179
612
997
66
96
494
562
690
645
463
445
383
716
967
286
338
786
535
301
917
413
383
703
660
234
460
48
264
42
601
982
221
213
331
640
661
825
202
352
470
17
149
206
85
116
492
424
254
379
77
523
792
812
226
805
46
39
853
311
81
806
645
655
372
977
647
33
154
849
737
625
219
886
183
304
354
27
80
961
407
157
484
551
321
63
356
720
102
561
383
535
368
28
542
740
357
189
125
864
391
863
489
610
101
24
266
808
51
347
769
458
856
605
362
178
668
718
250
122
280
633
10
0
13
552
740
371
94
865
235
485
80
76
447
534
452
713
342
503
412
111
314
621
716
676
151
385
746
401
859
26
34
869
378
399
422
118
122
868
336
709
353
768
137
152
302
589
217
644
93
982
755
407
603
824
435
754
561
181
155
420
560
541
290
938
292
64
57
415
932
745
124
637
513
262
141
816
203
358
812
296
340
920
55
295
744
490
49
305
672
556
77
584
97
719
522
390
135
931
157
419
676
281
56
542
895
549
710
99
908
522
747
600
442
155
896
186
997
297
843
21
854
273
605
303
992
128
45
128
411
202
547
440
836
956
982
83
505
692
534
765
566
282
718
9
437
966
547
786
263
391
808
469
16
413
773
8
893
170
488
305
373
388
745
561
696
727
644
553
771
179
319
337
813
389
346
602
707
894
388
970
637
196
792
653
610
565
13
855
735
502
160
460
242
905
373
938
984
370
491
755
901
162
93
714
903
791
316
610
37
