457
167
628
131
26
274
606
32
719
984
829
477
629
419
915
307
672
551
543
217
582
933
80
388
116
730
464
103
120
281
608
577
800
236
708
827
510
666
211
229
650
40
58
632
812
325
939
836
876
834
405
458
767
485
198
235
567
15
339
687
648
947
264
801
183
324
628
46
342
191
627
345
231
686
977
395
363
916
231
240
103
636
50
870
474
601
106
41
968
797
729
616
744
345
417
279
22
397
677
364
588
305
709
172
343
38
567
706
955
151
298
410
787
701
632
613
654
738
655
622
887
736
238
983
81
8
263
455
757
940
820
698
597
881
870
940
920
437
999
227
588
297
637
728
350
621
341
4
712
348
626
599
84
217
583
518
577
198
973
334
490
145
32
88
379
254
380
299
44
379
878
984
29
867
712
379
488
406
384
200
754
362
800
191
931
735
709
508
933
34
195
423
532
579
863
911
834
244
562
878
623
440
862
652
307
927
384
147
333
120
348
439
482
500
630
414
587
691
274
872
78
821
647
610
401
511
521
587
755
83
817
730
875
31
735
182
958
119
681
643
591
29
435
73
881
65
839
468
109
466
340
187
287
340
797
688
851
318
627
958
753
444
40
628
476
775
162
786
246
843
430
837
225
217
263
458
282
454
279
391
920
971
930
208
311
727
248
162
397
876
472
150
672
513
130
148
640
292
287
887
136
69
76
713
286
691
171
568
146
450
312
66
774
242
626
85
322
227
248
719
103
720
870
775
585
352
276
226
645
563
113
133
632
541
846
270
585
369
190
731
172
502
149
946
97
128
31
419
355
631
490
458
704
360
585
289
713
213
515
710
128
980
843
112
522
41
382
107
410
573
190
934
427
691
880
524
819
264
295
174
895
786
984
599
498
922
889
563
135
404
273
616
737
468
728
259
861
111
718
624
36
260
558
463
951
791
340
771
55
987
297
950
773
282
550
624
204
791
187
691
547
813
307
284
633
388
895
495
851
613
471
887
225
29
702
529
820
42
300
875
382
949
178
155
231
728
131
787
871
319
831
418
484
138
703
469
878
598
316
729
564
787
616
141
817
319
670
989
713
970
217
95
272
395
603
503
475
734
643
346
405
474
116
241
964
819
711
843
770
27
572
686
167
541
827
984
212
498
325
277
820
542
725
92
289
328
948
764
414
591
462
172
417
579
765
733
750
828
576
872
208
501
558
375
42
386
711
606
884
36
883
704
931
608
149
220
288
97
985
55
688
799
579
457
378
344
190
481
173
119
353
381
620
912
756
14
650
819
972
886
855
855
590
786
816
739
359
456
188
696
863
228
495
442
685
226
139
228
707
312
347
412
45
319
676
153
333
326
972
657
212
179
512
155
318
680
246
677
137
435
373
352
15
868
795
701
446
934
281
505
598
628
918
995
947
946
148
632
625
472
289
837
651
153
344
969
834
943
998
323
730
371
27
745
240
822
798
38
108
79
544
58
707
462
405
6
408
905
990
33
377
279
223
381
785
919
702
971
862
701
646
944
72
673
690
664
848
840
703
308
920
247
719
979
61
124
338
821
30
328
207
759
960
430
140
745
701
843
68
916
896
714
860
968
739
902
985
587
743
40
248
15
287
967
994
700
91
332
521
473
13
728
233
973
510
373
70
564
568
490
480
464
556
692
785
295
595
770
235
690
810
483
705
449
802
51
501
245
736
22
719
749
103
952
74
965
677
496
529
246
986
9
62
894
54
199
189
649
321
776
691
483
611
396
932
413
447
433
659
535
808
730
284
263
682
710
228
359
558
758
957
544
119
372
790
173
571
980
174
893
108
865
376
720
613
661
485
413
446
496
948
606
226
233
869
908
295
98
620
854
856
929
750
327
301
541
853
225
873
27
470
981
245
846
53
858
859
539
271
306
35
572
912
614
157
782
522
452
232
494
306
88
424
409
767
77
950
620
302
175
0
772
508
245
971
562
455
182
453
79
488
840
651
753
454
808
887
329
612
119
823
271
559
599
680
326
677
982
947
331
157
299
456
665
544
779
579
351
961
384
782
802
577
433
555
383
593
442
64
206
561
888
829
472
839
509
798
516
491
97
200
0
396
8
665
940
787
597
644
748
333
426
550
262
212
457
646
157
251
710
715
164
950
544
636
790
53
435
658
544
532
210
896
929
218
914
221
5
511
217
106
196
644
8
811
208
466
457
365
69
519
81
234
822
625
870
964
31
657
974
927
190
185
824
471
403
738
44
761
601
262
867
149
258
227
960
818
45
769
183
115
641
616
349
463
594
571
779
625
229
753
904
419
938
728
242
694
818
638
455
419
900
674
921
510
901
881
328
299
651
864
414
292
832
763
107
426
334
886
403
915
639
308
334
930
388
928
624
559
567
79
330
819
105
251
682
358
133
10
657
136
226
71
780
59
186
239
837
873
125
241
788
116
901
475
46
641
755
670
200
322
101
883
494
558
134
176
917
619
538
574
107
765
998
887
176
536
126
13
761
603
606
550
720
507
377
118
501
132
789
53
807
242
936
301
801
71
829
70
42
367
644
150
132
994
389
308
531
868
674
292
471
280
194
543
140
923
662
993
408
803
46
215
397
983
868
550
406
697
620
448
64
265
950
549
611
340
209
494
208
883
139
31
516
333
927
8
609
589
1
17
744
47
584
493
382
804
44
788
501
664
589
917
929
539
818
893
231
28
387
791
263
526
175
131
212
102
139
821
43
140
190
139
188
774
632
570
930
676
711
431
341
300
700
622
191
519
515
775
899
903
918
514
429
93
646
641
195
785
814
590
926
4
729
466
130
362
36
60
38
99
843
379
751
896
2
295
767
517
70
666
772
988
180
554
434
826
547
981
964
362
572
890
718
301
708
201
663
96
613
54
196
809
433
947
705
787
242
472
305
664
490
429
5
22
983
439
201
531
420
165
893
992
407
963
646
115
164
661
211
778
715
759
587
501
707
644
288
301
468
945
966
958
375
971
980
358
410
533
889
182
698
134
175
457
98
173
572
614
834
136
744
902
895
331
403
602
975
691
256
443
637
222
753
364
545
86
722
307
619
964
489
670
450
16
127
900
189
52
515
376
188
259
278
83
943
681
38
270
724
294
66
713
868
819
77
413
257
152
720
877
116
561
899
918
578
26
819
767
78
686
495
618
297
773
702
240
806
92
863
531
386
929
244
606
100
322
19
358
826
91
587
294
652
486
212
230
864
31
350
295
69
197
913
367
971
967
959
129
59
822
660
797
751
257
403
204
931
774
562
757
217
501
51
870
339
263
452
203
647
154
498
68
352
764
435
675
731
747
804
143
569
817
940
673
74
696
877
357
470
791
114
688
292
517
910
983
780
362
186
779
869
37
200
221
801
635
248
884
734
52
27
304
869
968
329
295
16
558
652
486
701
118
526
345
635
436
328
768
151
514
547
20
903
747
593
704
735
841
941
469
245
968
125
115
288
806
762
304
364
415
143
65
533
669
410
169
458
738
937
961
605
836
981
508
936
926
565
23
119
506
844
364
474
970
831
115
776
594
419
493
361
914
558
246
584
321
767
42
411
56
3
16
245
336
877
181
614
442
204
733
948
48
449
774
370
281
241
499
227
13
992
940
927
902
186
511
223
306
905
987
362
260
3
607
948
232
140
562
674
344
647
974
745
97
101
467
730
342
966
309
355
958
249
283
213
787
146
788
93
404
775
808
664
131
767
965
363
908
879
390
604
527
364
349
976
817
169
58
160
135
719
867
446
968
502
659
107
649
799
553
405
575
361
69
58
128
34
773
36
266
163
993
793
880
694
121
49
863
531
209
999
250
429
797
570
931
808
677
932
607
230
337
534
943
759
592
424
145
366
812
411
881
805
556
113
500
29
163
363
560
724
714
810
153
511
732
437
319
410
721
927
992
411
461
936
170
406
360
667
124
172
431
357
330
987
471
830
369
986
545
929
710
260
92
216
771
824
5
443
586
726
722
579
137
535
867
659
941
579
679
417
103
110
775
433
449
598
615
818
584
161
748
646
421
192
214
544
368
219
987
955
946
61
534
435
597
753
447
890
332
126
308
435
588
435
221
37
385
836
856
321
997
956
967
770
500
182
315
868
753
654
823
51
716
709
839
313
462
286
203
146
764
863
934
352
650
155
741
35
991
949
356
341
905
676
111
757
210
426
626
963
433
801
15
149
511
854
814
325
492
369
472
608
233
406
312
883
913
53
271
904
3
979
597
260
655
709
18
217
487
644
533
920
445
900
69
308
754
883
634
598
253
458
206
838
216
518
73
129
923
344
385
926
324
983
539
331
44
557
549
531
553
82
452
350
982
873
659
88
109
645
38
714
455
596
552
671
466
977
152
389
674
537
668
998
872
207
681
916
116
582
448
21
16
252
371
350
125
382
790
234
379
828
300
834
776
204
857
242
182
9
632
856
547
652
206
771
859
239
688
327
822
488
348
838
740
71
541
217
454
331
804
833
512
104
20
288
309
877
531
843
887
515
699
786
167
257
557
378
496
597
57
318
85
405
509
177
476
50
395
282
733
199
116
245
655
136
534
964
13
65
807
252
932
858
38
451
115
596
829
964
193
886
634
631
643
143
808
119
545
203
402
279
754
870
524
410
358
410
726
371
475
886
624
759
744
14
210
212
962
391
176
156
277
810
139
920
306
947
392
203
503
146
482
257
368
359
19
726
769
746
449
597
632
425
356
376
440
919
940
402
310
468
910
588
631
49
860
289
349
604
492
204
102
327
461
470
686
833
548
455
579
998
404
211
775
113
939
215
32
232
970
342
700
880
282
683
282
495
972
983
99
465
187
554
792
0
376
830
833
925
285
412
275
42
975
50
155
915
618
187
499
588
529
199
820
164
883
454
659
207
437
110
672
976
664
816
977
41
646
810
318
284
575
593
326
550
643
481
817
613
668
316
201
549
868
374
65
103
828
724
310
618
835
335
594
851
151
571
244
798
734
562
82
661
507
408
563
503
241
381
116
261
49
318
810
269
692
228
724
872
952
35
490
139
722
85
991
873
8
587
671
94
150
105
755
9
865
319
512
106
52
629
367
453
299
530
75
343
758
799
567
62
186
58
202
908
495
545
782
855
132
805
302
282
263
409
292
128
728
156
235
132
137
954
938
436
484
13
131
594
812
699
657
351
109
859
259
604
404
393
811
536
551
113
171
814
523
815
294
603
971
881
736
109
836
26
897
672
39
29
267
203
80
924
554
189
135
166
145
539
559
956
427
462
70
950
628
593
765
923
196
737
804
284
198
992
662
95
665
701
476
284
257
556
208
811
97
695
977
242
586
889
199
13
351
621
964
980
214
81
255
762
170
411
399
368
404
61
464
421
115
940
705
372
849
265
535
946
960
865
189
546
754
740
911
457
361
227
437
927
661
44
41
831
456
792
200
212
206
16
633
321
956
338
45
157
603
580
104
915
797
645
813
551
737
76
9
98
304
798
377
317
843
418
148
299
211
348
511
417
364
496
90
673
834
487
830
789
419
286
56
217
283
869
768
20
945
129
470
601
928
847
270
771
618
419
422
181
767
285
950
484
781
40
509
967
527
339
108
946
978
516
515
613
385
284
986
682
413
456
636
693
656
906
464
626
677
238
807
445
875
757
281
8
149
790
327
676
481
435
974
811
303
842
425
40
126
763
723
891
571
711
585
227
969
401
205
647
992
12
444
867
121
725
876
270
867
203
298
348
991
273
160
646
467
937
687
593
700
762
836
271
473
773
851
794
527
56
793
519
421
237
738
542
314
614
813
181
170
111
882
513
736
42
159
203
331
846
148
31
960
985
654
433
110
505
580
637
914
373
508
335
963
247
877
629
213
42
163
383
154
45
248
242
439
760
446
122
958
946
153
919
283
159
704
394
665
636
31
931
10
892
266
325
139
495
306
352
890
469
88
44
866
688
638
305
448
436
427
759
383
932
30
666
92
734
60
109
371
444
40
733
336
658
410
475
505
716
179
395
186
267
791
52
956
430
710
756
866
489
515
249
774
545
268
866
632
328
327
355
124
367
88
812
377
850
639
882
566
819
630
104
86
421
509
394
203
219
151
422
60
666
23
834
564
291
700
196
972
379
903
96
98
343
261
475
193
900
710
759
719
340
216
158
113
725
552
669
296
703
91
356
722
114
191
638
758
243
186
730
623
89
178
721
432
439
549
625
340
259
736
411
951
304
569
416
29
122
85
325
177
176
34
251
643
225
889
401
820
75
483
443
516
661
517
948
453
66
925
145
677
14
556
980
318
478
396
348
952
482
25
129
10
59
381
653
636
622
406
457
698
889
252
214
903
769
515
356
187
440
853
864
454
761
844
773
239
593
473
191
75
498
673
437
910
54
91
546
676
497
355
726
739
608
293
642
377
808
350
565
248
203
781
55
964
978
180
556
571
653
747
998
503
420
435
765
826
878
312
855
728
667
581
467
275
874
461
5
682
811
922
283
366
703
690
682
33
870
238
604
875
986
954
378
758
390
496
585
620
808
440
348
827
373
815
455
600
276
460
634
439
734
917
805
437
959
488
471
829
78
427
56
416
382
787
175
124
283
112
744
91
904
93
270
277
260
725
229
889
537
864
328
271
133
486
61
93
326
884
274
404
311
331
821
45
118
348
521
401
460
618
844
364
63
466
993
323
192
223
564
81
439
893
705
572
731
766
665
57
650
940
813
313
623
986
711
741
334
584
494
794
202
338
510
265
804
856
941
348
431
505
430
870
750
135
442
833
253
460
890
255
752
56
568
375
42
631
116
729
216
610
875
770
300
386
388
104
594
329
805
377
186
587
247
289
74
41
122
327
853
365
582
605
421
502
980
815
134
96
544
702
58
420
472
358
158
860
815
752
541
620
481
80
207
80
369
633
121
491
960
975
856
894
580
629
396
561
445
882
9
989
584
420
761
409
778
919
621
945
23
163
917
504
595
476
584
964
109
58
807
69
385
664
963
965
293
712
878
90
594
240
432
179
660
193
588
790
113
209
88
488
724
5
993
671
482
929
635
591
987
443
13
372
459
328
690
104
40
920
195
635
160
627
166
172
820
106
315
285
315
403
126
392
408
471
63
242
400
51
186
740
846
199
464
305
879
154
409
920
427
956
907
939
935
73
112
108
179
779
393
846
182
871
590
942
342
6
185
743
57
371
483
255
922
299
560
801
454
321
73
233
630
332
172
565
405
636
673
936
415
419
135
949
290
725
892
633
731
77
728
140
800
563
395
74
862
307
227
668
981
301
901
611
633
426
176
391
62
202
679
830
621
814
779
263
892
671
896
623
100
976
116
252
539
863
326
402
523
554
70
504
207
324
115
192
750
643
935
164
845
615
994
818
429
774
82
321
797
330
297
250
307
765
502
846
628
181
600
151
87
23
7
646
347
474
838
449
118
774
613
315
741
608
134
170
734
568
844
883
250
493
133
557
610
988
756
590
169
356
94
608
379
101
254
78
576
444
527
694
218
141
361
959
101
847
482
835
767
678
70
18
523
204
575
133
192
683
723
713
40
817
673
771
919
927
850
847
371
729
893
942
870
254
253
323
454
87
510
221
765
581
239
640
785
167
773
329
850
849
394
242
666
67
366
937
346
216
784
69
297
29
363
520
284
617
843
738
704
354
311
822
287
551
462
72
70
588
753
920
437
499
515
455
918
881
745
616
449
881
685
746
911
49
266
195
18
110
285
74
816
948
896
103
499
711
527
569
299
632
842
88
131
357
543
401
590
288
17
39
522
54
785
433
455
404
980
473
866
265
548
682
213
796
137
65
507
16
986
158
0
180
246
131
889
142
884
479
782
901
870
304
955
656
737
411
412
717
236
278
334
784
312
900
581
449
317
440
817
303
599
817
836
845
300
725
987
184
205
122
437
75
426
392
83
164
155
495
233
392
773
568
528
437
820
461
886
137
902
703
792
501
872
628
698
172
354
38
356
911
160
793
338
586
538
774
102
45
621
336
437
747
256
318
184
76
779
423
565
681
478
357
534
351
338
233
523
44
271
232
955
783
25
645
369
915
771
824
961
393
512
750
492
120
68
676
548
200
99
113
233
930
822
768
281
160
353
804
204
976
36
511
759
414
157
480
329
280
656
642
25
168
393
517
288
813
546
836
13
997
301
247
927
124
367
208
284
720
365
489
48
753
0
159
167
509
639
849
142
296
491
167
816
236
37
457
50
583
293
63
580
947
662
860
71
29
68
707
101
785
196
149
539
549
308
58
410
300
259
904
948
103
72
116
339
109
573
741
692
219
157
624
166
819
484
589
201
905
296
302
42
845
804
933
746
464
344
156
116
603
413
416
58
485
533
750
946
106
491
990
677
648
614
843
820
451
432
21
708
81
675
750
926
831
36
672
648
380
180
764
335
593
181
394
430
66
496
376
172
987
366
202
988
981
45
160
784
830
533
844
911
208
946
189
392
982
861
40
362
393
156
50
987
337
444
417
403
940
794
928
279
160
130
619
493
527
131
629
709
664
473
972
225
772
161
617
754
374
9
469
768
165
519
107
855
315
524
610
607
670
890
238
183
372
210
28
900
341
10
961
6
483
286
583
607
799
552
362
174
561
183
294
726
702
401
581
369
277
544
976
300
434
566
483
807
776
863
59
118
873
20
476
709
306
411
316
106
963
30
632
524
213
926
602
267
679
536
636
308
80
964
608
514
531
443
321
307
307
380
777
532
753
605
241
411
16
910
869
979
940
501
503
154
779
458
421
810
994
410
119
74
374
727
940
905
171
262
565
830
994
342
362
99
948
604
863
964
866
732
944
806
586
799
960
717
609
734
528
603
144
647
677
518
726
618
776
897
232
341
727
578
683
442
30
983
398
893
948
264
625
244
70
563
395
383
281
5
117
809
608
613
808
638
483
534
608
259
784
192
600
863
122
636
305
152
619
703
45
567
967
23
163
390
586
559
773
867
916
242
28
876
855
836
866
338
723
826
950
507
18
550
722
493
186
28
645
158
83
43
725
403
66
241
793
652
152
566
872
68
808
900
944
15
737
163
705
460
989
655
319
360
206
41
853
744
421
850
902
505
893
980
908
959
573
53
964
725
619
836
793
779
736
89
146
825
252
851
637
594
507
956
954
65
350
807
809
771
657
64
628
903
396
888
862
969
941
826
694
560
662
839
691
751
280
837
576
885
689
214
479
196
522
785
261
872
592
422
996
601
838
624
504
234
513
719
203
806
897
249
719
912
440
410
663
721
600
591
958
289
157
789
837
680
574
450
904
518
224
900
119
63
877
976
649
742
47
205
548
944
454
619
208
247
30
871
320
630
815
278
271
972
67
460
652
641
262
909
159
486
161
630
901
390
958
551
132
357
108
33
302
562
652
510
161
34
734
481
16
549
759
639
873
178
99
878
819
713
787
330
552
948
313
453
339
623
356
823
981
464
208
635
379
213
497
892
599
583
374
616
484
485
255
358
664
707
236
835
772
375
518
324
323
831
130
14
806
838
190
787
655
750
774
386
963
272
278
915
855
652
531
340
138
138
698
802
197
286
989
970
661
507
294
336
690
424
703
497
615
893
284
270
995
59
656
311
683
934
226
538
587
757
230
77
247
928
231
445
566
220
415
227
80
61
564
770
486
267
267
101
512
904
723
507
315
379
170
998
313
396
888
252
505
119
681
753
399
912
550
966
485
317
545
565
378
109
335
216
728
955
669
592
859
392
452
526
771
622
524
437
371
412
41
876
883
723
981
283
987
883
601
472
200
146
389
579
608
77
795
336
32
817
281
243
209
733
769
333
707
645
770
78
409
163
307
293
886
640
928
226
524
529
50
724
675
440
655
635
517
803
972
901
620
605
496
829
690
265
514
397
262
284
476
671
800
135
316
686
775
244
264
299
773
315
376
801
755
31
436
624
186
760
877
806
365
373
988
55
990
502
453
252
139
281
275
291
768
592
329
543
836
594
195
610
909
571
763
16
954
199
640
141
960
517
299
677
242
639
733
232
494
538
484
985
171
759
276
939
703
605
834
540
199
29
150
460
952
913
476
907
464
116
400
424
985
51
454
227
43
187
459
537
77
295
874
248
407
150
539
110
107
373
2
659
755
504
119
707
417
596
966
234
64
718
10
402
122
464
629
165
651
441
54
80
88
928
680
847
430
219
310
537
945
312
548
52
817
20
111
586
968
78
820
32
148
831
786
270
647
416
787
299
209
841
731
649
769
412
849
199
983
159
89
280
823
989
332
640
9
444
579
977
874
751
362
22
934
148
645
582
916
432
233
477
274
964
479
395
728
328
947
64
839
388
344
662
377
29
655
739
825
234
716
699
337
430
73
272
931
718
854
847
503
439
677
777
755
156
524
484
484
471
548
675
859
244
337
589
273
992
328
450
578
396
149
916
827
575
540
758
645
746
957
148
185
634
277
940
142
802
776
978
625
676
653
485
921
991
74
546
335
402
997
266
798
498
182
977
73
74
735
71
820
45
219
357
31
849
649
526
3
426
504
628
102
510
465
375
501
539
922
188
293
271
454
444
769
988
773
195
414
861
266
234
906
837
943
289
38
593
815
41
371
320
22
825
830
487
201
683
379
475
223
24
746
678
820
867
18
594
414
433
455
680
19
361
870
963
650
908
908
466
302
279
138
324
104
968
163
305
3
542
132
226
919
230
256
739
98
627
333
512
412
788
545
431
149
767
746
152
27
654
970
329
285
108
5
390
428
169
47
431
63
180
9
982
410
618
722
860
245
55
725
657
844
270
440
345
389
539
497
416
545
467
746
831
927
103
573
355
624
620
138
688
152
148
670
915
766
392
775
11
800
500
20
996
122
812
341
511
351
191
928
897
10
26
80
938
481
653
645
106
625
784
794
778
932
816
693
50
561
820
413
361
673
433
357
795
245
50
659
949
241
939
846
604
317
926
542
798
579
187
904
204
323
50
334
255
867
379
657
428
200
70
141
225
855
850
20
101
900
31
50
494
970
248
98
287
526
992
86
105
531
342
661
855
393
348
462
612
727
120
40
279
542
533
504
398
383
877
851
283
908
253
129
879
501
579
518
379
571
956
836
455
299
497
662
44
197
476
656
277
948
48
556
491
581
413
889
964
290
92
599
550
345
81
429
198
660
300
577
584
256
413
39
555
262
53
951
812
529
607
89
478
7
997
969
588
410
210
904
52
302
856
603
999
937
384
549
597
684
478
181
941
891
572
848
505
625
800
317
155
759
406
985
767
756
954
355
166
516
612
219
170
468
822
521
405
206
70
2
243
548
536
184
791
108
384
296
86
536
966
593
296
724
578
63
480
884
770
647
752
382
218
922
202
392
443
607
950
865
962
193
413
498
729
204
958
114
852
396
650
818
989
298
895
919
713
375
155
484
374
907
218
592
181
421
984
976
380
287
841
342
480
254
192
210
810
151
676
663
899
678
833
241
977
728
512
690
456
668
526
830
927
745
775
461
518
111
437
898
398
279
593
231
885
785
441
696
288
469
711
188
147
544
781
124
625
293
167
81
313
693
263
241
790
38
702
660
502
491
911
252
770
504
483
8
641
276
56
930
745
767
470
893
663
251
369
288
896
888
721
210
934
985
803
724
375
505
737
877
348
648
482
471
504
965
479
145
242
535
75
987
302
897
232
317
500
954
606
397
842
327
959
776
664
762
853
40
619
942
269
967
590
751
438
94
717
917
591
311
804
19
298
106
916
883
776
769
837
382
166
31
61
125
160
726
887
365
118
506
307
387
825
897
139
264
343
208
181
934
519
986
953
169
444
222
52
220
991
241
954
509
273
368
634
785
446
873
150
564
731
457
951
556
706
442
820
401
2
354
687
521
692
993
43
488
215
95
61
558
689
367
67
962
735
53
99
181
278
249
745
361
58
49
917
764
843
90
517
846
796
204
367
840
197
762
328
764
858
741
674
547
109
93
861
196
146
960
378
776
561
475
137
619
876
55
735
720
497
252
566
645
808
285
485
6
48
165
122
258
907
797
157
368
890
18
564
389
330
294
165
891
122
655
862
998
710
597
70
559
201
636
204
9
274
41
367
674
206
842
932
113
639
89
833
881
459
750
622
141
44
788
384
518
443
246
869
505
195
939
416
396
928
972
757
554
13
125
228
219
967
160
685
958
601
518
191
412
268
814
553
665
954
937
183
749
535
52
606
730
344
22
478
272
346
587
826
359
64
406
578
383
918
615
341
519
134
885
931
754
699
836
419
653
773
955
754
660
359
360
390
703
734
220
327
80
807
505
439
872
911
369
255
829
985
949
700
471
834
983
225
885
819
997
890
944
952
644
604
663
4
346
367
90
918
46
170
78
904
961
950
815
330
557
997
667
858
49
138
692
33
716
929
204
713
819
501
17
463
457
680
819
156
399
909
74
798
431
152
702
392
454
869
75
364
866
742
222
916
233
267
301
301
196
857
14
16
358
383
831
816
415
651
972
815
912
398
613
344
551
667
88
357
536
163
721
403
258
944
671
843
563
324
144
759
181
510
127
892
893
959
708
308
962
32
475
874
782
440
570
685
107
659
43
644
174
116
399
784
60
422
627
975
746
771
735
279
281
862
171
174
821
231
835
783
615
310
10
398
103
580
83
210
591
478
206
766
595
605
550
7
379
178
983
125
301
70
757
583
932
928
109
106
512
296
241
127
959
251
877
62
832
313
272
423
791
831
541
738
436
92
746
816
622
81
293
923
151
50
858
83
331
320
541
195
616
783
674
927
34
552
989
218
865
614
994
8
445
535
747
233
979
845
401
953
926
47
229
429
97
439
864
780
759
406
975
728
189
2
655
575
554
997
146
771
611
140
131
408
27
878
641
359
75
395
312
353
442
893
782
891
333
647
24
444
405
351
524
946
353
532
521
907
529
19
30
492
159
162
900
539
392
893
898
820
288
562
173
730
456
308
974
141
307
998
937
712
349
462
10
703
994
883
962
523
903
345
367
62
507
267
601
251
160
851
71
801
414
597
883
222
257
857
363
564
855
300
628
557
114
638
612
108
521
574
983
424
919
350
839
778
969
792
382
482
644
805
283
410
754
166
632
11
376
347
575
231
999
203
140
114
193
752
574
715
327
910
491
598
612
682
729
582
475
463
416
471
268
699
881
23
217
865
34
593
212
962
177
563
517
317
29
711
70
956
778
749
866
621
699
830
304
780
764
779
243
180
602
512
879
483
887
449
348
273
42
912
587
219
475
105
889
505
816
959
461
946
60
679
567
759
509
223
892
274
2
135
806
604
999
686
439
886
487
787
512
529
699
99
749
527
204
990
32
372
949
493
670
361
524
238
472
33
461
364
659
816
500
466
772
851
504
212
738
991
351
602
520
403
701
621
930
258
611
314
982
912
159
653
273
683
243
98
716
56
462
728
872
314
194
997
166
698
561
256
41
264
858
561
667
911
535
949
521
498
263
504
411
422
157
36
105
752
486
174
808
949
254
33
615
448
30
781
498
943
389
539
207
247
452
227
511
987
176
32
838
792
536
601
214
45
637
672
149
476
198
958
425
452
991
392
252
373
174
750
316
563
641
523
163
93
750
26
433
279
58
271
71
947
872
637
344
861
661
494
337
859
804
114
663
795
507
915
520
33
17
836
948
658
711
463
752
814
489
537
93
900
808
516
199
32
153
895
245
815
741
583
26
545
49
690
692
908
605
212
941
975
48
242
633
112
705
737
926
547
274
19
799
82
887
998
466
40
245
712
207
987
647
234
532
48
924
577
957
881
789
250
856
190
492
490
302
550
227
228
449
854
599
248
936
486
598
755
878
843
467
86
830
466
320
715
514
596
644
471
829
433
74
686
623
918
528
277
468
107
505
269
961
456
517
250
942
115
357
821
311
824
259
493
642
931
560
156
879
204
980
708
638
54
394
613
972
274
891
793
734
748
62
695
205
932
297
147
47
654
320
710
830
931
204
472
862
764
629
741
321
961
450
959
15
196
924
339
823
815
132
557
564
547
604
769
479
254
268
526
260
941
589
91
872
793
915
87
909
544
180
230
857
630
541
872
179
466
212
354
633
696
263
549
243
867
670
722
473
939
601
734
232
190
825
104
335
740
543
596
637
724
827
494
706
720
719
885
538
283
591
172
979
854
73
575
74
744
297
547
35
250
633
267
792
810
723
127
903
267
724
892
343
903
738
49
975
457
287
514
740
878
38
72
85
463
647
159
207
296
58
594
547
692
213
339
854
289
819
757
908
895
649
251
150
388
300
125
197
587
991
290
818
29
362
903
845
361
62
52
9
472
999
908
516
212
600
371
853
419
128
761
666
130
12
816
870
665
941
67
252
285
357
422
666
71
325
511
784
739
916
146
212
915
54
728
479
654
451
333
425
932
94
91
62
459
259
932
124
553
351
728
838
61
151
504
484
476
16
621
216
932
767
780
199
821
508
678
828
312
11
605
244
458
49
306
269
308
590
393
861
293
473
51
706
624
556
191
453
924
812
21
856
579
801
407
752
661
85
580
973
449
186
217
259
235
875
528
895
817
273
757
111
746
160
817
723
716
8
176
640
172
197
848
103
350
255
856
11
693
436
337
142
974
554
753
561
782
281
457
599
906
566
710
652
726
880
375
795
240
903
787
413
452
988
516
802
243
724
166
288
513
503
782
487
409
535
401
543
168
210
143
74
776
205
727
854
85
454
1
678
710
789
91
162
777
959
317
372
36
483
661
549
338
443
388
99
331
789
643
499
999
138
574
127
343
653
334
781
107
335
459
817
476
902
332
253
213
649
978
249
484
639
798
174
434
187
273
765
328
268
265
680
406
191
807
102
844
493
883
303
181
694
473
657
596
805
263
809
806
241
59
290
232
209
464
666
396
89
784
725
358
401
757
764
592
564
218
788
410
101
91
591
795
564
600
743
721
863
905
527
104
316
169
336
525
985
355
274
75
491
351
433
892
108
549
836
24
120
624
434
221
715
377
369
632
978
464
353
193
369
233
650
685
402
338
211
740
693
485
815
184
836
600
428
296
501
264
320
621
888
755
195
956
484
564
940
462
28
293
656
750
878
306
435
633
644
998
373
690
483
540
226
671
140
655
967
993
919
288
615
160
395
162
468
879
78
408
694
458
53
702
208
932
360
644
917
356
642
290
46
478
182
625
501
674
280
821
667
551
109
634
63
856
796
531
87
874
939
781
333
993
483
893
277
843
889
194
552
532
484
598
362
18
575
863
692
207
684
359
759
145
994
174
353
142
706
441
369
645
574
54
990
410
947
267
605
837
461
157
721
297
108
435
315
683
298
7
891
335
719
2
832
65
176
538
207
882
331
928
880
905
982
870
667
282
490
273
119
951
430
192
601
890
627
268
574
277
628
817
964
347
819
149
412
347
687
971
230
18
900
462
275
882
684
943
164
174
568
635
478
998
179
431
241
806
699
167
436
327
984
400
674
155
901
438
502
588
410
84
958
310
546
586
544
583
881
61
757
449
48
587
799
228
18
40
34
718
207
822
397
543
223
72
698
124
862
553
65
272
637
375
934
536
961
479
119
842
892
228
291
940
816
91
168
186
483
555
904
691
377
654
234
952
78
285
429
940
838
846
213
827
221
499
363
535
330
834
377
222
415
21
163
583
464
683
769
299
590
26
990
320
680
577
624
758
214
53
698
52
251
263
879
473
763
595
8
93
781
737
668
196
110
183
779
926
866
549
226
809
575
568
129
607
497
753
365
711
159
63
115
410
327
347
235
442
294
595
535
75
685
203
624
795
386
755
74
605
304
300
414
231
868
895
190
718
0
555
429
159
619
545
922
298
892
157
92
186
753
627
613
790
183
237
585
921
993
11
878
649
311
644
233
532
539
423
250
540
979
679
51
950
576
973
600
820
483
692
358
588
671
972
378
206
561
315
128
906
327
358
556
990
3
141
522
894
564
124
434
895
156
838
197
732
811
797
905
646
841
263
234
865
587
612
71
149
928
551
55
607
910
963
597
265
104
120
159
21
596
946
916
752
784
466
485
947
615
742
594
457
5
828
322
593
793
745
94
73
297
501
680
559
465
277
824
921
749
335
942
698
281
211
450
417
677
287
365
292
29
311
101
387
491
775
980
284
521
426
709
170
927
389
81
744
19
257
666
120
592
608
818
226
819
269
643
848
908
360
141
938
671
242
325
515
370
657
151
891
83
861
413
362
602
494
107
973
751
125
94
695
85
264
921
905
885
565
753
794
925
246
84
949
841
409
816
211
418
967
454
853
180
867
215
783
713
674
108
464
151
554
159
237
819
433
494
56
998
599
202
275
846
286
224
39
47
392
250
465
360
704
318
892
923
886
27
636
912
136
452
64
690
963
653
861
396
147
918
394
746
472
22
944
759
598
983
806
991
233
624
351
289
294
595
564
180
623
200
445
759
4
861
801
968
514
663
716
661
933
463
407
405
485
704
164
83
687
323
74
273
947
777
562
241
373
479
774
348
679
571
107
36
432
908
356
946
923
72
607
856
535
366
262
372
70
778
456
110
453
882
383
752
12
297
346
385
776
120
85
808
691
192
844
475
452
200
421
376
272
380
584
160
98
846
532
521
977
340
631
430
223
366
183
235
663
881
972
440
1
57
248
44
601
444
519
53
644
292
781
268
672
366
780
122
564
313
643
893
653
626
676
228
992
211
463
656
92
787
448
93
844
48
489
445
492
360
851
488
652
984
108
676
702
889
798
267
554
794
512
559
420
188
788
413
399
603
421
491
391
869
936
587
269
777
385
761
137
588
601
141
572
61
169
275
302
968
894
856
114
406
768
886
595
908
651
994
863
72
838
254
293
774
194
562
552
579
675
41
519
276
183
91
690
352
718
992
672
612
201
786
371
969
673
966
877
324
312
740
749
150
347
42
925
893
957
829
824
632
870
343
261
53
786
951
758
505
943
430
469
144
569
192
465
594
158
694
270
823
787
19
973
486
414
250
379
371
431
203
3
302
898
616
707
684
567
465
541
863
248
363
7
817
555
825
411
66
519
681
889
306
701
214
792
467
817
171
838
248
726
193
550
976
810
610
13
729
75
906
592
323
269
952
492
177
777
903
595
296
937
836
603
990
50
747
457
867
271
295
468
349
840
370
326
650
980
339
380
408
245
324
83
867
276
576
396
53
831
991
702
768
827
657
758
229
404
215
449
27
862
917
377
703
287
703
705
268
42
85
28
639
410
111
506
38
39
902
92
871
245
146
639
424
803
398
654
559
965
103
587
828
20
964
883
307
667
588
927
61
26
307
700
788
419
559
826
810
813
270
681
411
416
321
835
571
71
489
483
388
592
70
568
964
386
451
624
405
392
903
818
418
211
518
206
982
429
384
792
595
655
474
6
423
147
841
347
570
683
830
958
275
252
527
240
638
330
864
43
722
767
861
140
330
731
698
312
513
83
105
108
90
931
466
513
78
307
860
0
990
42
958
618
294
837
210
932
520
426
327
242
545
540
735
876
624
785
540
137
220
645
597
310
928
63
176
6
722
388
6
65
431
317
683
725
506
245
10
26
671
689
269
216
582
356
444
206
141
985
695
362
630
644
24
911
59
200
917
781
941
276
846
372
945
881
449
451
126
811
478
797
853
99
366
435
807
810
641
300
795
688
14
778
332
39
689
391
591
958
524
532
586
723
256
531
956
706
335
83
869
165
232
722
616
950
157
423
761
150
723
908
190
90
38
874
129
727
265
72
38
142
605
624
865
861
508
821
919
195
256
141
360
841
863
328
791
21
751
904
523
826
813
714
916
851
588
397
931
206
470
969
348
427
945
565
640
805
738
912
352
347
53
64
188
916
392
331
289
495
236
813
674
49
879
942
252
467
692
183
25
514
504
725
941
802
642
933
959
381
845
312
80
898
728
268
167
121
951
808
968
187
621
642
588
852
937
841
672
629
376
697
143
233
775
84
387
417
369
346
150
215
10
230
465
739
850
632
212
802
441
532
989
414
175
578
619
112
771
291
93
499
340
236
732
115
672
119
533
41
818
683
256
180
266
74
271
116
58
835
918
851
368
260
266
895
190
237
359
961
528
452
460
868
688
545
336
360
16
869
753
186
904
362
367
170
436
990
287
494
826
557
346
194
169
964
441
359
201
800
672
81
252
485
301
292
30
637
4
398
506
757
585
763
119
952
933
907
942
572
754
120
482
100
666
651
416
107
363
969
259
35
50
511
872
351
155
254
341
159
653
847
269
238
610
740
190
896
648
484
468
754
957
302
854
623
954
622
731
317
591
990
704
993
854
929
344
361
183
685
873
836
885
142
74
847
234
616
95
234
453
916
988
410
218
194
33
172
816
116
841
759
459
898
752
665
827
449
26
10
486
899
847
723
393
273
571
980
890
666
214
343
582
555
105
153
749
490
325
918
607
519
677
418
417
782
83
244
231
461
606
717
713
453
441
458
727
364
438
969
382
5
312
317
912
769
470
661
259
147
931
218
666
961
636
83
743
71
679
326
533
286
395
598
91
188
56
818
552
847
787
287
204
451
956
116
572
778
129
832
925
61
50
592
374
687
27
117
110
59
443
995
345
190
593
788
379
2
607
931
849
746
570
405
550
526
521
122
304
650
306
582
63
357
526
437
396
905
906
506
964
701
502
661
892
447
450
271
449
409
554
650
507
477
55
409
3
576
884
660
579
190
594
994
899
120
784
295
25
690
154
990
744
8
3
636
455
453
907
905
214
813
555
722
290
611
131
646
539
15
658
470
558
252
465
457
724
601
105
749
291
259
91
35
267
95
23
74
900
282
979
115
96
887
837
386
850
320
384
741
688
42
212
246
646
29
55
370
630
160
472
273
771
563
661
390
10
684
465
911
967
796
26
415
35
215
153
885
535
538
627
575
932
191
821
579
220
229
301
202
741
773
827
513
337
488
255
699
525
72
610
844
869
988
259
904
555
412
142
91
302
769
18
235
312
192
166
884
421
467
86
162
593
265
27
282
754
283
981
631
355
944
475
576
932
86
833
488
498
975
931
153
96
949
740
408
141
906
292
914
725
730
77
318
995
104
600
101
739
934
84
447
878
559
23
810
645
856
650
496
831
933
649
279
235
389
687
728
647
331
643
724
413
72
395
409
176
995
862
268
929
947
715
159
858
738
322
504
947
972
352
130
258
353
410
493
94
449
221
741
781
864
817
194
936
212
955
465
560
170
85
841
469
800
1
327
890
323
183
837
647
535
968
905
888
730
398
982
179
620
75
960
836
893
507
125
105
462
590
17
984
675
859
453
827
860
781
717
535
964
907
182
852
227
88
740
957
486
75
136
458
150
97
647
395
956
772
853
418
714
870
755
741
729
208
568
941
989
637
476
306
544
659
158
123
99
250
80
585
325
217
396
828
666
43
575
622
815
428
392
529
651
147
270
732
708
190
674
697
827
502
355
724
513
513
847
612
116
280
198
441
497
946
621
515
989
197
489
156
625
233
37
628
381
659
361
89
849
387
138
28
889
494
104
403
359
304
15
475
584
565
269
433
863
890
948
204
439
789
360
417
22
749
45
755
408
406
196
609
793
335
990
35
181
94
438
892
398
805
720
982
723
341
767
586
583
715
791
23
504
151
440
879
253
837
634
661
244
831
623
389
518
613
776
51
59
566
295
458
372
15
792
95
356
560
681
940
627
472
963
484
976
755
363
581
592
997
242
188
180
217
930
50
830
706
101
242
273
397
700
997
764
844
92
121
404
125
413
384
950
728
868
278
483
583
859
427
932
453
968
113
671
898
515
853
956
617
95
581
366
147
578
482
992
22
603
748
500
368
484
450
96
352
80
931
935
939
711
868
744
679
333
767
577
848
973
885
817
68
467
183
568
45
666
912
68
621
12
920
990
497
370
438
849
802
370
137
93
433
357
837
112
690
605
41
538
930
926
708
350
393
243
918
439
909
830
859
883
195
131
225
692
501
15
893
655
737
30
748
170
387
937
282
429
894
323
320
824
250
28
175
995
271
93
434
533
276
645
416
471
776
993
515
629
8
408
636
98
439
384
268
178
322
551
960
216
226
280
393
828
308
568
824
579
661
610
464
289
608
232
112
736
225
627
366
586
36
354
36
827
739
304
357
413
207
317
981
434
949
374
262
257
942
438
189
956
49
653
597
657
886
710
393
463
689
111
401
725
466
437
904
205
94
262
970
301
931
951
87
881
678
702
490
620
140
31
928
189
685
526
846
923
236
240
738
925
351
492
3
169
929
259
374
23
873
696
677
805
0
764
38
678
466
528
298
607
560
579
148
597
105
995
872
693
587
962
970
290
454
325
460
736
585
186
111
458
883
788
263
883
905
653
913
371
182
563
330
94
142
831
43
247
826
915
292
765
877
263
55
684
588
515
420
525
702
531
984
937
320
599
172
225
253
85
948
787
648
631
233
791
462
276
390
640
543
683
405
772
946
460
456
886
976
876
412
30
408
748
967
80
347
139
657
952
224
605
739
872
588
972
15
50
248
406
690
143
89
95
916
387
908
372
625
884
601
389
266
9
137
233
441
837
724
98
789
948
55
529
172
644
501
188
694
102
594
737
597
35
184
513
422
92
238
47
328
839
437
594
848
926
179
641
763
903
739
553
851
794
434
376
438
287
564
485
741
510
222
339
545
758
852
319
851
90
718
179
929
155
126
129
434
305
122
197
209
861
102
412
8
536
788
446
176
704
283
917
566
857
256
463
616
461
782
819
551
501
998
833
8
476
314
442
782
437
992
991
650
446
755
658
335
896
457
511
600
740
428
519
598
685
982
566
146
765
385
49
266
735
234
626
212
549
69
994
338
413
337
988
211
444
647
546
340
104
57
941
196
838
460
794
523
794
712
21
559
97
422
177
833
657
804
45
558
225
391
896
638
80
884
849
524
883
748
865
339
805
158
536
643
970
682
518
764
395
891
676
492
314
853
677
323
657
722
881
234
465
129
872
545
365
74
422
249
822
287
940
979
797
476
975
119
511
493
235
906
737
911
750
403
117
428
726
774
502
607
9
968
736
233
865
101
659
287
702
833
926
643
813
75
471
788
194
982
633
782
888
722
693
639
125
810
419
851
937
921
810
298
241
898
883
107
352
543
746
54
376
673
49
541
100
521
681
295
503
667
77
744
389
122
735
515
285
154
718
574
75
529
872
317
427
107
776
131
650
522
186
379
547
587
920
648
108
602
295
964
269
724
708
10
846
443
525
483
949
244
57
24
125
929
693
904
37
821
36
39
344
574
770
243
161
691
891
622
645
186
586
266
910
294
628
109
89
154
592
38
750
650
414
227
931
460
131
320
281
519
360
977
445
130
221
607
173
112
229
170
651
167
788
561
461
417
670
550
923
263
940
25
265
354
252
196
814
735
517
96
607
229
73
52
711
646
11
237
759
240
759
410
407
548
323
220
317
994
122
240
609
62
265
874
769
869
422
583
604
291
31
563
872
105
616
936
103
627
173
214
220
284
976
979
832
300
552
501
646
674
93
607
89
710
833
858
579
255
441
536
899
473
99
771
930
715
707
385
695
232
600
915
517
576
246
701
228
798
555
874
825
648
481
914
359
666
772
938
274
565
826
173
390
926
296
672
993
356
58
688
940
658
955
809
234
554
511
463
352
418
689
529
66
523
443
425
189
567
716
463
485
542
988
875
820
285
900
814
993
958
854
933
616
162
743
202
68
606
17
420
24
59
302
442
582
745
868
123
665
936
939
150
830
927
377
651
564
277
817
557
235
23
491
203
537
586
758
605
192
775
378
568
186
680
10
120
777
878
244
442
166
183
944
997
462
322
0
27
951
169
936
539
544
779
742
434
365
500
39
557
628
769
125
814
801
136
287
579
366
531
373
885
66
670
234
528
992
586
907
295
755
844
834
651
975
929
85
341
429
477
250
409
598
728
576
400
864
863
331
582
746
56
819
812
726
53
692
70
639
952
366
746
796
552
398
771
481
835
464
263
664
715
672
263
443
600
15
659
815
698
593
561
754
413
725
481
466
418
551
106
370
269
204
518
822
954
641
303
790
458
918
806
173
943
421
968
543
436
627
711
486
220
272
241
633
350
74
452
120
977
558
490
247
114
360
421
69
353
76
859
811
995
17
336
938
439
304
833
227
931
896
714
504
169
955
137
871
381
589
991
358
499
833
957
614
193
378
35
898
807
894
710
154
263
46
444
702
351
277
930
634
174
644
138
695
951
628
918
684
569
909
42
69
742
352
35
287
82
70
185
889
316
895
43
931
294
487
634
645
117
916
631
643
912
770
690
215
398
608
899
967
517
293
388
611
645
775
898
728
197
83
969
865
331
13
797
625
852
431
622
321
699
253
316
611
23
6
826
773
966
77
741
835
370
481
446
16
257
696
744
454
132
65
320
463
78
469
88
283
252
62
956
951
315
273
562
691
631
740
464
598
817
557
785
187
39
232
555
296
280
651
102
412
717
774
875
147
243
315
782
495
377
739
446
45
364
360
736
995
100
552
945
269
110
731
809
149
315
716
797
595
368
899
8
85
26
235
584
269
551
367
765
280
458
563
325
822
924
413
817
376
318
763
998
428
846
159
929
161
875
726
756
243
977
116
680
3
352
617
625
903
984
390
535
442
305
213
264
581
626
433
958
944
548
308
724
394
467
5
555
342
731
664
938
61
780
618
416
484
235
41
387
571
783
275
365
89
488
981
670
114
415
980
411
315
288
487
710
107
493
617
450
576
633
388
989
766
358
406
250
946
447
638
869
583
913
235
672
401
216
694
867
983
675
630
299
315
470
9
423
963
978
225
891
612
613
881
378
323
287
628
621
86
618
491
669
883
78
693
636
646
388
856
630
415
838
929
730
308
290
505
623
620
730
515
584
695
396
314
19
35
943
992
121
913
835
143
149
265
188
785
912
576
993
894
343
832
823
426
492
465
931
116
437
662
631
22
709
379
336
80
414
631
73
535
897
260
30
46
526
219
183
438
147
529
332
491
361
507
269
853
324
200
969
761
214
952
135
924
331
824
356
745
455
429
633
704
690
663
750
568
234
286
6
382
815
690
225
528
549
494
381
873
46
703
986
613
7
474
889
339
298
245
436
105
27
421
810
69
437
912
637
671
550
643
405
365
685
630
893
234
476
627
459
523
682
797
136
689
271
25
380
921
622
169
27
649
590
189
718
379
453
355
51
4
350
456
369
387
439
615
621
915
594
432
438
276
582
926
965
853
303
698
127
926
867
506
927
809
695
646
189
148
353
592
152
704
400
874
91
839
841
65
755
435
849
545
711
431
472
28
637
127
78
764
53
297
270
333
107
317
979
648
817
332
240
322
388
640
196
832
832
389
249
939
824
98
484
887
530
308
915
519
436
994
283
841
643
905
174
750
222
505
750
39
838
990
361
578
983
909
410
167
298
659
106
122
110
590
9
992
251
277
511
687
623
794
880
266
699
407
369
921
912
119
312
102
462
674
681
797
583
443
964
882
455
70
356
565
12
718
557
263
995
68
302
618
214
535
236
265
942
605
538
206
77
850
309
539
524
342
336
460
137
300
694
592
722
402
509
734
120
418
350
115
838
652
85
52
187
322
669
481
279
207
688
356
58
349
247
934
43
583
394
180
235
440
125
309
843
986
44
963
405
746
431
243
398
516
648
938
190
669
771
822
877
459
178
935
160
778
221
203
361
616
736
949
408
861
258
251
199
654
215
604
400
998
200
151
866
200
441
57
869
212
231
98
24
761
33
184
539
255
740
253
223
476
202
631
689
812
235
888
819
802
845
219
800
45
722
666
597
163
75
818
728
306
917
104
420
302
288
959
557
380
212
132
208
766
116
249
579
351
490
398
153
335
969
305
732
44
971
681
559
399
499
639
705
416
743
125
719
384
437
628
764
649
113
325
768
229
574
699
932
64
97
85
751
418
390
483
814
713
516
374
112
16
13
170
784
109
647
503
493
84
484
257
86
949
582
854
178
509
553
110
925
2
547
677
772
289
512
587
354
29
313
467
45
678
989
829
787
636
685
632
721
521
890
807
470
824
13
0
685
918
462
611
920
361
288
692
650
800
631
4
829
296
823
226
327
812
56
466
449
93
99
522
966
341
681
436
165
694
788
203
612
250
814
884
611
102
928
613
254
912
617
84
208
793
662
887
605
70
354
406
163
453
928
129
794
609
917
311
655
705
514
619
955
328
503
918
782
784
531
37
696
501
473
256
294
135
144
899
558
850
306
721
303
586
203
449
548
472
112
555
178
627
175
485
307
30
404
442
814
287
831
862
788
656
119
82
143
615
334
701
465
992
775
120
578
978
569
478
802
681
34
980
660
209
818
320
591
574
114
758
861
297
620
2
953
91
84
448
706
418
150
523
762
925
643
341
255
564
819
57
598
853
390
610
414
208
282
6
134
396
764
995
45
736
349
998
828
434
447
886
204
949
410
967
226
405
660
481
970
831
890
920
37
632
530
803
192
813
809
326
561
925
674
607
14
23
957
842
809
756
80
14
705
842
333
931
248
993
764
570
176
655
490
213
287
20
17
832
185
178
158
99
456
832
706
470
208
15
664
17
772
744
31
477
939
716
761
187
61
525
109
238
532
599
803
172
971
172
4
509
703
162
608
159
347
314
981
555
329
645
572
453
741
956
931
680
672
692
219
734
569
680
324
102
279
127
274
603
652
630
112
355
792
720
866
491
386
847
46
67
844
971
521
937
927
804
970
599
848
541
685
417
222
9
871
853
489
497
456
141
127
568
496
272
640
714
763
26
561
810
94
757
133
615
46
60
771
16
11
619
558
697
36
132
706
908
985
547
405
442
688
885
362
536
157
3
250
920
29
163
82
123
272
215
90
319
275
861
335
639
832
245
336
869
377
394
129
715
942
886
157
982
771
519
519
928
522
121
201
904
285
283
379
909
851
470
228
478
683
916
117
516
161
453
737
891
200
218
958
142
104
115
476
876
986
995
156
861
469
357
765
106
641
144
15
844
966
244
322
2
160
440
870
673
245
607
916
445
825
874
939
281
341
416
157
328
763
666
541
232
23
306
338
16
802
354
860
121
950
183
123
462
623
993
487
868
952
404
666
777
630
605
58
972
373
568
652
137
234
193
369
609
851
60
626
5
766
486
126
716
669
249
530
644
594
17
865
546
773
531
675
756
488
734
80
862
654
732
351
240
277
720
849
480
132
475
485
898
314
964
966
983
213
848
980
160
866
845
706
991
728
382
747
216
468
179
430
474
263
781
714
892
854
915
372
986
391
210
237
705
174
555
40
739
404
372
899
622
217
958
965
297
340
65
866
160
244
296
634
508
430
700
400
284
615
125
622
6
335
859
63
861
767
456
600
523
828
852
145
398
810
462
695
502
527
561
14
772
210
648
632
640
700
32
924
315
157
546
674
844
758
89
705
525
545
658
48
374
862
545
772
24
7
819
878
887
381
892
659
591
892
643
583
592
675
507
259
185
405
933
381
163
23
439
40
568
97
440
294
311
337
418
335
697
590
565
584
323
457
595
266
701
590
849
645
265
356
904
802
113
838
184
629
213
623
21
133
72
814
780
383
151
198
70
200
140
635
136
463
444
83
729
497
673
578
142
939
286
46
93
400
236
629
381
449
604
402
583
676
216
715
411
720
265
833
920
406
820
57
869
264
140
599
113
814
529
255
105
168
302
550
568
890
180
949
340
784
351
275
813
920
990
576
640
607
410
560
13
230
969
883
847
110
834
960
276
715
568
733
883
870
283
451
112
463
752
452
600
456
79
413
376
421
341
368
29
751
928
42
334
250
277
533
360
463
493
988
179
413
721
62
635
4
866
748
820
970
552
772
426
632
537
154
405
878
522
434
630
803
829
964
53
458
497
765
922
342
105
101
756
826
515
391
182
381
491
354
352
44
126
130
676
663
285
433
542
159
220
524
962
49
488
367
859
337
484
781
31
589
234
139
415
750
883
950
483
374
304
835
770
783
966
798
446
603
232
340
762
452
864
77
853
704
444
712
393
281
846
425
870
432
916
638
182
151
588
18
878
244
853
648
27
171
447
826
774
679
166
889
483
31
318
336
735
114
400
481
395
598
906
266
31
174
904
565
678
844
583
556
440
789
556
820
960
3
646
87
34
164
976
517
547
646
205
635
760
606
116
156
556
374
422
587
548
678
153
578
522
88
134
314
877
691
134
838
46
132
277
81
649
605
950
196
251
156
831
11
114
299
167
22
673
941
610
574
619
115
152
493
203
639
808
81
682
942
271
728
427
548
161
76
153
112
272
404
620
456
415
86
755
583
108
781
524
70
355
496
185
859
989
741
498
797
822
180
92
93
261
519
641
422
947
794
886
571
198
858
27
965
296
135
548
757
916
425
827
623
921
365
482
262
106
333
60
280
865
504
725
126
375
366
901
322
512
787
245
62
998
625
27
294
760
928
51
28
705
231
3
978
948
837
240
54
170
652
686
388
156
411
514
883
129
415
557
641
555
803
55
553
428
82
199
540
362
603
920
419
834
923
397
782
760
990
188
283
642
874
671
151
285
537
386
766
953
944
407
860
99
814
765
527
248
964
419
611
567
339
30
401
262
780
535
374
770
723
9
412
949
680
915
586
218
302
352
523
246
111
735
345
925
500
224
174
464
995
785
384
334
167
137
948
299
673
674
69
748
684
834
50
716
749
636
286
403
989
161
649
452
896
346
378
396
922
552
213
917
689
949
603
208
86
903
508
111
578
929
212
614
763
262
330
865
898
969
268
239
130
270
692
27
968
70
775
891
974
340
160
15
289
116
223
728
19
731
839
949
661
51
563
776
313
246
641
564
215
910
803
345
532
847
724
500
269
852
743
243
544
256
258
186
372
834
914
743
917
105
693
930
509
256
707
174
854
700
90
69
610
246
767
494
93
843
995
363
695
738
958
592
994
569
778
718
403
44
462
320
501
507
603
362
115
310
537
970
10
627
39
973
225
806
467
319
650
814
34
697
553
992
289
899
913
419
618
668
815
432
341
317
939
944
679
406
254
568
376
616
548
416
941
773
574
761
444
576
575
478
626
480
823
267
380
736
39
350
405
854
134
746
171
425
42
203
831
648
123
208
616
671
976
558
797
902
671
241
831
246
72
809
79
895
76
811
983
115
513
740
970
647
838
493
424
880
48
255
528
172
815
145
843
143
55
992
46
726
234
229
324
306
38
755
553
466
566
536
582
79
629
904
78
467
749
502
700
798
110
228
970
925
725
165
69
132
158
467
858
744
696
535
50
86
290
955
552
209
491
486
288
120
742
719
940
492
221
640
642
331
220
964
257
946
481
678
78
991
145
289
735
193
176
137
279
818
92
183
27
936
670
668
408
412
387
348
256
960
988
250
292
561
214
901
507
696
931
937
39
76
578
775
621
106
264
900
925
357
83
304
645
105
324
53
870
711
402
126
672
742
729
316
655
943
217
162
991
500
452
31
576
382
158
197
489
422
449
766
131
884
70
776
990
395
830
860
458
584
338
482
678
67
798
334
363
367
848
706
867
300
89
795
35
247
344
524
670
145
290
153
30
712
930
372
459
760
232
918
696
922
752
374
342
551
60
705
270
909
411
138
561
501
285
596
100
630
472
122
775
114
276
157
827
206
529
286
318
113
556
14
36
309
740
378
212
153
435
482
62
846
972
975
699
258
924
800
888
396
922
15
511
198
173
690
756
54
328
74
168
885
440
556
546
533
934
110
686
721
592
100
567
565
75
619
175
351
419
415
748
693
430
611
244
955
301
352
362
629
427
530
514
219
438
412
752
724
522
790
445
467
890
12
384
318
983
559
669
402
326
417
448
108
28
44
416
329
396
778
959
175
660
825
395
98
590
499
822
464
290
267
283
180
631
667
498
615
578
168
369
904
937
169
13
318
213
429
999
610
559
310
785
219
136
532
317
78
32
491
894
322
758
178
502
741
845
353
356
776
521
78
680
810
247
45
128
461
826
128
423
385
438
208
604
926
93
273
356
125
764
251
447
874
429
301
616
626
654
972
402
527
50
435
690
650
480
170
111
659
298
886
44
89
94
1
367
539
626
724
664
391
975
463
265
756
117
881
382
771
206
785
651
608
220
693
258
52
863
721
711
162
607
756
603
54
109
970
593
735
46
610
478
21
73
744
777
190
977
512
314
535
297
317
144
517
10
754
569
873
476
633
387
83
741
342
137
850
665
83
937
711
693
416
85
118
160
214
309
489
726
975
25
23
292
521
892
654
275
814
879
751
447
267
187
188
961
676
38
626
759
975
338
804
391
775
923
903
989
232
745
716
559
770
91
851
643
984
505
918
798
736
22
597
3
209
785
965
885
175
943
997
502
281
801
246
56
724
501
398
308
246
114
867
368
557
70
11
893
927
930
691
664
304
640
667
513
425
984
750
952
928
747
455
561
901
701
970
625
202
368
286
449
834
153
169
391
576
181
285
503
463
328
167
767
969
187
632
746
523
734
699
803
482
506
365
735
207
687
712
761
55
998
562
241
504
732
632
80
265
269
583
728
598
751
847
919
290
831
665
813
565
716
969
399
222
334
134
781
373
847
543
428
845
105
669
349
837
653
781
102
923
365
182
873
468
381
792
110
212
809
923
778
526
892
529
100
578
664
882
951
511
425
731
708
882
752
410
720
758
191
174
681
908
709
554
376
90
698
838
303
507
114
433
385
358
314
838
937
978
720
240
841
497
324
550
731
428
960
451
186
503
978
219
412
687
125
140
777
823
979
432
683
93
217
68
451
532
258
740
862
978
333
704
827
9
254
559
437
566
362
976
421
692
195
833
379
673
326
509
496
657
293
531
750
863
952
553
747
210
646
609
541
331
665
368
340
919
279
129
837
994
105
259
686
653
444
66
326
122
927
174
779
572
58
881
435
10
435
182
220
433
144
113
764
809
482
104
81
113
233
270
107
691
881
794
696
326
212
22
448
491
548
580
63
606
461
499
968
248
33
189
681
529
302
797
339
136
901
772
602
487
42
61
530
924
855
226
602
419
600
402
910
148
982
326
107
796
177
75
44
210
616
726
92
271
523
431
759
777
555
361
616
597
423
146
873
630
724
827
402
324
582
664
824
916
990
931
712
167
359
757
730
975
835
822
246
710
253
358
839
160
719
455
757
494
953
983
125
29
162
527
705
744
191
530
661
534
813
725
701
172
482
431
500
669
253
98
732
858
456
571
18
528
379
128
22
684
463
499
714
625
378
419
370
922
301
383
456
115
108
509
639
943
941
491
964
546
590
696
405
398
268
775
926
999
255
301
683
718
800
749
344
531
521
66
453
822
801
909
289
909
770
281
204
711
772
521
610
714
217
367
465
837
142
743
836
398
44
872
468
197
973
812
728
494
230
533
669
31
794
310
293
564
591
849
276
716
370
238
782
588
605
247
777
99
991
966
497
387
838
318
936
163
482
664
10
713
549
679
96
343
341
741
908
285
591
536
353
313
774
135
253
379
735
31
478
78
997
328
465
187
646
402
350
128
418
360
193
320
391
642
663
85
383
571
370
974
107
723
640
233
210
893
612
945
924
443
375
273
771
841
812
769
595
163
249
365
875
795
685
619
437
349
56
820
272
426
147
732
501
787
965
63
32
930
361
957
373
736
582
496
929
395
617
524
910
866
242
137
661
279
756
450
980
164
271
253
590
770
337
443
909
302
859
941
584
220
250
957
956
833
805
238
228
422
114
490
641
356
627
654
988
736
105
968
900
728
573
843
498
910
638
759
565
497
700
149
69
951
459
378
136
264
616
716
39
730
206
680
439
185
334
427
921
439
395
174
519
321
17
17
231
7
128
796
505
829
298
926
132
757
304
268
21
920
336
60
3
542
92
442
79
427
221
1
218
616
175
738
289
544
107
521
551
236
669
408
417
967
335
549
724
639
169
98
912
505
510
915
399
603
709
478
382
930
831
600
898
358
690
188
902
798
61
806
386
730
214
803
50
901
352
126
541
873
224
805
730
87
72
481
690
781
311
424
711
143
376
609
853
67
149
108
865
210
914
603
293
480
406
343
382
758
469
275
983
46
432
713
133
504
194
175
285
857
951
348
352
327
309
206
394
459
314
611
21
580
214
314
412
620
657
794
730
479
421
713
525
205
778
10
709
324
537
346
182
488
694
534
815
4
740
210
815
406
173
836
986
388
503
399
360
160
545
91
991
319
156
868
524
935
878
586
611
415
932
793
255
627
680
71
983
420
633
150
179
806
338
517
546
841
268
907
354
166
350
345
837
506
214
713
793
92
299
405
860
232
198
115
211
878
538
546
651
171
696
182
330
34
699
876
876
320
783
230
486
133
927
675
992
141
388
785
586
688
190
798
272
741
265
835
971
804
381
974
327
429
508
657
815
560
534
43
880
317
625
718
803
553
393
795
46
781
932
632
821
475
782
93
568
48
280
539
204
661
866
531
442
374
189
258
934
723
653
166
392
279
884
547
184
629
342
230
763
627
215
936
102
997
382
670
45
662
561
601
676
427
133
118
154
322
728
440
397
382
607
789
13
843
337
197
825
31
427
588
10
642
524
112
992
906
134
389
921
696
991
597
475
124
715
981
798
796
422
195
178
29
984
543
224
673
740
49
57
519
989
67
514
866
532
506
772
666
247
45
714
238
642
542
714
710
523
512
506
945
707
36
326
44
579
551
69
671
952
126
190
942
546
704
808
78
562
932
96
810
978
163
400
620
705
115
330
580
627
188
526
687
224
204
83
155
755
152
826
708
631
369
650
177
425
810
607
988
742
55
150
720
218
550
693
275
17
23
856
997
564
382
684
140
938
767
296
694
271
474
754
902
195
756
431
621
566
38
609
308
94
111
381
312
13
74
588
31
449
796
28
13
530
64
506
468
183
802
514
454
628
268
357
824
376
788
797
294
179
406
955
273
869
336
937
882
762
877
913
211
673
941
577
203
5
83
24
188
237
538
995
217
159
704
393
535
844
190
830
23
948
137
648
817
473
938
700
235
815
965
798
841
259
727
396
616
810
420
157
399
959
152
617
118
856
10
5
700
553
187
76
501
324
724
319
149
14
371
736
182
336
535
23
595
614
771
212
777
192
369
176
503
521
145
973
729
508
330
781
61
518
857
562
194
934
881
344
300
604
80
482
941
967
505
888
934
277
100
711
821
821
887
324
694
33
649
423
893
979
557
954
849
414
868
44
700
102
740
1
706
172
483
647
492
341
888
426
970
988
137
791
162
24
467
856
409
468
280
302
447
837
608
297
603
477
693
656
579
433
657
637
605
492
637
97
833
525
523
155
513
660
298
675
37
765
884
446
233
164
101
33
353
61
682
308
890
375
964
469
160
973
107
765
818
744
215
3
269
90
159
134
751
457
162
140
575
46
938
160
562
391
193
267
453
227
575
343
602
892
165
114
217
624
232
35
720
447
39
341
537
198
827
640
655
989
132
582
387
71
743
949
462
936
568
267
164
496
611
118
388
128
585
957
752
817
993
824
264
32
165
153
582
992
146
589
334
278
172
721
701
915
23
516
203
591
783
719
439
746
838
179
226
423
137
978
592
130
802
208
514
319
361
448
312
859
37
998
490
209
719
543
476
94
59
680
38
195
399
477
941
589
657
168
364
794
498
308
276
653
516
142
972
878
590
636
89
627
634
931
189
706
475
665
800
534
697
838
729
449
668
23
390
325
543
107
471
41
415
99
46
932
241
371
162
831
359
251
810
994
535
999
52
10
17
852
896
66
43
978
515
63
1
258
388
896
365
211
289
132
310
336
64
903
707
226
734
66
830
896
412
717
248
816
727
265
21
623
683
64
953
199
127
306
809
867
202
526
430
492
658
92
180
723
995
239
301
81
657
483
977
422
200
225
238
279
842
259
255
526
675
208
77
154
515
886
21
717
412
803
561
70
895
741
145
890
980
799
971
638
282
949
60
835
526
298
114
369
910
369
895
585
578
972
740
93
858
113
162
622
917
724
692
812
817
190
703
798
989
26
788
271
327
200
458
854
850
573
575
760
294
470
346
224
794
438
669
4
551
832
626
468
908
670
633
725
860
688
875
201
714
663
473
394
863
283
600
714
208
175
826
503
997
172
79
791
962
749
795
514
933
773
334
841
795
967
918
656
655
794
857
722
457
682
116
673
318
716
739
526
243
565
381
240
90
461
31
52
210
178
566
143
303
253
336
98
220
254
106
228
48
316
950
506
350
418
531
668
486
270
195
729
187
928
969
277
389
352
682
599
882
248
94
185
501
430
283
74
685
390
302
85
58
604
591
408
374
474
77
860
744
624
589
932
904
910
561
294
262
243
245
144
844
340
681
697
122
964
771
159
706
425
245
116
29
188
525
403
663
954
615
759
930
556
691
834
466
605
128
80
848
726
576
692
418
609
390
540
574
513
52
632
939
297
749
320
485
626
76
500
580
691
260
862
248
303
696
66
908
177
499
109
903
427
801
321
37
543
213
963
409
265
947
700
914
48
20
752
674
448
252
606
140
512
468
740
816
517
158
76
46
9
185
949
437
339
622
474
234
187
789
643
805
736
343
719
785
716
471
811
164
76
770
656
588
590
396
756
107
907
833
153
916
370
454
353
709
428
179
944
616
320
587
421
57
283
492
194
999
316
357
515
392
127
172
980
718
920
89
177
827
274
683
744
644
489
449
354
918
629
650
886
949
589
307
358
872
151
904
223
467
262
739
859
389
263
192
459
183
281
637
11
555
672
107
551
161
556
905
79
537
907
965
839
497
624
549
721
128
454
297
595
716
388
455
457
651
647
917
186
928
906
197
835
930
304
386
91
213
644
523
750
551
840
941
400
817
491
474
945
945
771
540
13
159
347
470
162
346
739
348
626
997
546
461
927
202
200
371
767
844
246
870
747
438
811
500
255
302
974
552
247
745
445
260
256
792
83
418
139
822
766
117
172
664
579
451
867
779
822
986
975
420
856
74
859
668
926
466
970
900
371
570
997
816
182
253
960
265
671
451
440
790
569
964
454
500
415
673
631
590
660
606
10
516
32
869
184
959
688
507
211
59
429
209
875
611
462
187
229
486
639
21
276
560
985
730
60
400
756
691
990
416
649
353
932
681
222
469
992
262
328
204
321
757
413
548
720
227
736
949
713
727
322
341
287
307
424
347
60
180
390
402
596
39
755
880
72
330
701
65
944
29
269
266
138
34
814
859
261
902
160
327
981
835
668
268
142
92
967
554
272
709
309
220
748
416
101
821
98
802
238
43
184
859
309
322
893
475
533
506
730
46
833
711
881
854
332
375
298
651
930
923
361
591
143
109
7
596
282
458
399
520
501
935
379
162
609
624
989
143
131
71
189
316
783
70
170
467
445
469
118
727
392
479
670
887
941
30
484
223
488
235
96
989
170
827
503
131
452
844
274
583
916
815
899
51
237
422
518
35
891
636
762
635
468
785
522
761
815
358
984
303
593
432
644
115
260
147
247
712
991
873
647
259
689
898
310
278
320
828
313
563
817
428
550
637
213
425
398
28
783
734
683
729
167
327
844
779
826
443
843
169
317
490
429
358
740
91
636
61
920
302
976
89
730
527
726
295
952
476
323
87
210
358
816
377
685
661
508
863
456
351
384
125
841
813
835
582
905
472
995
177
126
323
618
856
850
344
151
154
820
826
242
382
184
58
112
221
71
620
84
880
972
468
5
813
634
841
747
891
665
94
420
791
418
38
999
620
382
150
775
554
328
17
288
512
427
400
85
499
21
169
379
993
989
736
158
975
577
258
866
242
704
286
385
122
324
384
743
58
886
870
964
214
887
253
78
666
5
163
517
26
332
248
371
674
985
882
649
562
140
868
157
844
154
542
319
831
279
62
241
165
932
558
380
171
811
458
837
168
622
355
195
306
955
918
980
940
800
982
855
292
850
12
489
356
906
808
187
185
222
781
351
506
339
731
29
502
541
218
670
163
925
217
470
881
136
802
821
936
784
676
581
634
40
70
991
299
878
530
484
452
663
187
958
2
270
987
856
812
205
527
327
131
96
797
12
232
952
185
521
736
862
102
723
254
172
66
553
402
596
38
854
612
577
164
614
848
151
823
12
708
702
339
191
798
489
555
383
441
741
904
177
955
358
252
209
882
318
115
636
267
505
490
879
82
6
845
282
509
668
294
217
370
634
761
521
123
316
904
916
409
160
445
364
518
698
926
400
16
41
36
635
546
878
514
980
884
360
263
393
380
557
962
103
191
723
624
666
392
880
582
801
40
28
518
910
78
444
662
446
837
698
82
735
928
596
715
164
308
978
909
689
888
223
792
431
947
768
98
691
0
32
492
40
412
362
950
490
806
612
937
995
662
19
730
942
967
446
458
276
776
367
965
664
590
109
96
889
229
546
932
229
578
425
621
343
787
923
185
946
887
474
941
549
493
24
843
813
822
301
89
598
20
406
263
610
867
711
852
448
257
784
29
187
561
650
882
701
573
68
999
812
542
940
713
388
316
556
201
138
209
642
737
229
400
352
191
267
415
43
715
672
180
744
211
741
746
94
442
671
514
441
483
56
734
196
796
402
104
997
541
313
991
630
542
391
334
733
658
749
129
725
773
309
821
336
402
567
430
845
590
944
638
73
353
724
621
149
127
725
499
668
390
490
650
284
882
984
18
892
85
499
970
858
808
791
194
210
711
977
407
301
273
398
727
626
122
700
776
249
778
275
269
168
117
271
453
351
607
823
244
692
322
214
902
482
357
97
44
68
426
804
722
699
202
801
326
324
501
454
926
279
81
547
448
198
819
253
550
426
76
146
471
750
712
373
584
69
822
628
490
248
432
564
948
986
365
626
663
866
80
589
498
161
488
946
711
659
551
261
438
627
759
909
729
471
282
313
541
105
293
383
705
726
947
653
64
664
631
727
530
711
668
380
224
157
326
936
816
877
549
254
856
309
515
585
780
798
250
673
255
544
56
960
622
355
966
686
371
597
414
254
661
82
634
885
591
961
173
760
190
723
366
399
32
882
336
164
32
587
838
287
131
246
599
753
954
917
439
325
867
205
579
528
640
214
765
231
527
291
991
69
14
710
468
398
592
157
562
624
744
752
263
875
351
862
628
305
132
419
982
999
977
562
879
617
128
644
200
7
935
544
76
301
254
897
51
846
54
614
822
150
718
85
25
69
299
5
726
431
776
709
430
753
623
309
370
103
306
571
110
593
467
538
895
721
787
946
567
193
912
741
343
631
826
368
52
125
725
779
909
502
840
339
607
815
1
978
918
659
901
380
252
368
270
147
441
58
446
360
251
710
101
947
693
927
315
746
404
393
877
313
247
69
5
854
884
358
184
154
17
437
534
269
157
804
769
598
214
215
958
818
277
59
765
971
986
432
717
743
825
946
56
424
15
413
279
251
771
815
405
788
253
291
58
410
447
179
9
662
394
967
832
23
27
597
994
365
29
63
108
207
9
517
631
376
930
262
627
54
78
32
842
331
675
252
741
123
431
102
137
177
70
321
201
449
918
195
166
299
259
627
506
620
496
490
997
778
752
624
832
182
9
27
513
36
279
607
511
63
709
0
592
131
321
793
932
239
341
99
539
952
78
397
924
574
239
921
352
992
898
185
526
259
212
40
295
843
999
807
906
708
807
499
192
129
644
124
720
337
575
259
641
653
9
566
227
248
487
580
592
737
117
119
996
681
511
292
524
510
451
783
570
610
634
762
91
278
239
812
968
166
423
609
820
432
175
399
33
15
331
625
752
448
96
749
129
607
393
6
117
196
789
40
806
423
802
898
53
393
62
21
560
485
631
380
270
158
131
303
173
463
280
926
911
377
27
393
336
772
399
454
968
188
494
126
963
648
376
16
42
438
390
954
276
373
334
546
531
817
849
705
280
481
983
192
858
10
585
195
782
336
1
102
876
847
228
839
495
957
207
889
395
949
843
671
322
529
569
206
347
770
911
979
252
246
171
462
608
108
9
742
444
10
844
672
209
424
511
57
381
71
946
129
20
142
152
695
23
722
901
722
492
164
702
96
410
225
559
18
686
568
760
482
931
956
155
140
380
18
197
114
89
496
243
462
990
395
157
365
469
58
440
314
222
494
410
632
719
321
2
757
890
114
240
173
70
747
313
802
765
863
916
207
359
159
669
701
907
826
66
728
884
506
42
458
0
805
442
72
126
444
181
368
558
773
541
980
520
207
782
638
70
699
845
781
210
866
482
469
692
548
550
928
407
944
386
759
749
828
183
228
624
365
948
534
490
490
514
11
697
648
1
119
347
198
900
910
64
734
731
108
634
281
36
41
578
774
153
679
954
336
907
578
53
856
112
544
698
978
907
747
626
908
866
326
458
118
588
522
852
319
982
486
953
370
528
531
144
33
210
98
721
470
28
775
326
492
671
376
470
578
123
96
838
341
774
296
459
362
170
311
34
152
797
987
874
677
870
18
62
80
468
784
902
496
559
580
988
230
956
810
160
431
258
998
772
33
646
231
395
168
894
429
672
44
768
546
73
638
564
136
71
384
920
973
232
479
554
572
61
862
382
221
294
640
571
66
673
569
650
421
737
544
202
409
588
971
307
662
961
223
798
32
607
70
358
839
549
912
763
962
774
145
535
420
785
458
487
811
27
137
584
116
33
786
877
974
757
184
636
719
407
786
103
366
208
461
205
109
725
320
71
852
465
958
272
602
416
759
765
795
248
349
263
282
136
140
256
245
324
244
316
83
382
420
449
590
233
6
699
959
326
122
811
791
80
83
745
848
195
511
643
443
860
906
77
996
46
333
594
722
929
262
805
311
34
254
253
268
612
952
579
938
426
390
729
506
825
474
354
372
337
349
816
198
607
893
546
5
579
140
727
860
403
884
524
437
490
777
57
102
82
636
40
508
378
121
367
556
948
73
928
285
423
96
483
30
990
382
36
921
874
115
133
629
0
657
419
842
435
476
945
869
465
337
377
843
811
96
399
759
170
680
396
593
776
232
975
766
614
11
39
488
479
173
118
831
182
889
673
617
365
618
486
830
308
216
26
119
664
777
230
834
457
626
427
234
858
755
352
824
118
392
665
597
917
135
428
99
24
102
69
741
72
907
572
380
475
950
851
140
727
81
974
185
708
754
419
918
509
771
95
627
515
760
577
784
247
5
236
271
459
305
12
532
564
936
264
40
886
116
532
614
197
506
151
257
612
570
528
121
693
623
101
209
735
678
993
982
35
229
605
495
886
617
27
451
906
643
843
792
759
375
758
957
881
909
566
846
479
94
319
173
69
420
734
804
450
79
138
838
661
743
333
547
361
712
350
267
355
193
411
115
568
170
424
802
79
342
648
911
789
319
436
858
92
170
663
542
601
801
732
262
897
65
810
258
129
512
877
485
706
640
952
626
810
728
780
242
422
780
505
211
100
293
70
192
815
85
86
416
238
819
679
135
236
841
745
366
353
974
203
59
615
507
38
777
587
818
371
9
599
876
221
51
521
291
243
336
728
681
753
966
500
432
102
89
273
847
807
978
174
362
390
789
221
428
566
808
598
938
817
549
166
390
600
688
33
195
376
761
877
129
728
729
913
182
818
186
381
977
165
555
339
555
344
560
335
263
720
933
553
890
483
71
280
83
111
314
631
488
427
508
617
155
237
531
689
408
69
423
385
586
978
77
493
675
989
828
938
710
114
843
952
597
914
232
32
26
898
663
514
326
523
483
833
113
14
875
521
436
298
258
22
276
687
516
951
677
696
241
739
810
436
691
759
351
275
144
729
174
159
595
852
683
78
685
796
445
560
669
881
858
279
255
487
967
123
790
996
820
384
87
982
820
778
94
523
405
238
252
579
749
199
431
432
630
469
580
75
381
249
308
592
881
563
79
848
39
869
844
211
605
931
193
426
61
287
949
466
877
554
398
627
105
181
411
735
650
992
810
384
593
470
976
474
386
55
674
425
276
870
636
882
801
181
660
214
821
961
33
50
515
431
677
621
612
441
708
615
785
519
999
378
341
975
205
727
382
879
504
10
102
140
892
903
674
904
470
495
866
503
545
733
286
575
354
250
16
63
865
801
934
216
531
275
543
736
355
925
968
859
288
70
352
180
325
26
437
147
521
303
2
66
36
288
993
743
539
9
158
756
162
92
973
694
719
516
782
426
794
102
286
82
524
638
614
202
664
51
349
537
354
352
955
391
992
949
486
531
958
644
640
473
736
613
167
807
481
949
234
627
404
872
709
928
862
676
130
526
727
832
415
434
536
370
177
528
319
663
412
630
307
52
103
395
665
622
554
498
923
788
126
327
12
187
608
874
863
738
752
943
922
167
377
458
890
554
987
561
569
399
191
876
451
646
623
468
620
177
318
544
318
444
223
330
632
831
557
847
922
661
790
844
181
167
303
71
73
642
632
642
41
176
870
844
174
493
664
795
671
334
691
989
779
914
671
763
98
228
610
20
242
401
216
423
920
519
494
994
513
126
988
906
654
211
102
829
704
766
976
727
453
667
68
584
581
740
347
679
320
309
51
562
62
268
337
335
139
831
681
653
310
669
559
964
880
662
145
937
780
121
664
233
788
85
817
722
177
516
753
497
178
805
412
592
73
749
927
212
933
608
217
243
630
777
559
862
791
57
799
571
178
816
157
319
901
326
41
78
843
794
927
373
599
691
965
24
793
893
589
78
853
806
321
835
583
232
698
726
289
849
298
820
665
807
139
918
133
532
348
328
678
628
701
278
671
667
654
464
912
243
894
117
402
215
953
337
800
651
64
441
852
714
261
870
521
752
788
654
636
489
983
315
469
36
593
140
55
599
957
319
195
851
437
597
419
742
934
571
393
998
12
245
712
626
115
233
730
256
240
367
97
575
682
566
611
627
706
667
226
15
986
421
867
775
18
638
517
305
209
262
303
221
860
368
199
327
953
930
583
193
297
32
768
331
598
380
958
657
399
536
672
737
310
891
513
328
529
30
985
90
293
289
664
153
9
863
480
962
145
416
156
794
800
276
125
399
8
435
408
407
972
432
145
282
676
658
962
205
40
948
648
685
589
312
838
598
527
671
560
673
439
716
467
239
345
945
990
353
380
398
761
352
183
258
986
859
268
949
416
308
249
64
994
838
376
184
436
904
207
348
929
646
417
748
238
762
693
228
115
426
627
876
130
162
486
117
21
754
418
437
63
667
502
409
505
230
593
293
486
801
641
415
799
410
516
37
172
209
266
288
987
245
516
118
407
3
587
428
757
5
217
172
672
719
581
529
302
527
174
788
680
815
556
479
226
72
869
750
633
135
38
621
732
907
91
491
910
678
271
19
35
488
544
707
560
477
588
862
4
762
650
36
929
206
868
507
630
737
258
264
224
648
237
956
907
328
799
169
358
70
189
393
558
85
452
118
562
392
980
919
154
983
955
435
541
175
943
172
912
553
788
136
553
25
444
461
705
243
630
63
665
171
808
224
256
612
694
819
4
675
738
510
10
45
945
551
221
888
75
485
793
863
974
347
888
418
808
945
14
438
360
31
610
168
255
866
780
950
37
784
977
127
294
339
525
592
890
98
832
966
583
626
181
557
973
70
328
133
367
694
923
728
725
885
896
333
104
29
635
141
165
964
621
460
303
146
404
193
244
236
511
827
862
693
737
187
115
65
672
482
111
596
210
836
481
459
169
585
488
156
79
653
120
700
465
423
198
869
969
794
458
832
621
320
525
710
860
992
127
532
827
238
480
389
427
314
848
948
251
688
105
330
694
225
382
511
1
932
381
970
726
191
802
700
511
680
410
723
24
538
608
851
128
88
593
555
402
441
504
654
482
609
336
176
186
719
687
187
3
420
509
730
611
664
430
475
696
192
550
720
82
158
924
211
247
517
766
1
310
622
655
792
583
344
320
770
63
360
309
418
132
819
148
96
835
930
923
531
123
473
603
205
632
527
416
231
396
535
232
707
157
240
851
93
584
524
863
999
884
524
417
368
695
566
464
530
496
739
413
971
213
17
177
197
544
945
428
941
832
660
0
990
900
851
83
836
727
298
835
963
822
253
332
870
171
148
400
667
888
814
991
453
183
520
650
727
465
78
20
298
90
372
640
343
576
75
179
303
725
15
267
899
620
951
769
791
99
170
810
339
336
801
792
519
321
794
598
139
224
971
437
315
695
429
10
271
856
189
927
581
556
194
480
176
497
250
967
948
772
778
288
460
931
432
979
253
227
929
744
803
252
533
470
948
962
480
219
818
22
146
399
930
692
231
107
541
481
426
490
253
556
778
713
840
562
44
93
141
326
837
945
578
370
415
526
684
248
98
854
270
596
605
200
641
836
659
182
318
438
672
923
346
802
989
186
717
385
631
858
711
820
155
642
542
923
168
578
171
618
432
793
215
37
345
856
874
357
390
544
147
63
819
493
217
160
32
934
546
15
145
609
188
652
251
730
575
772
309
98
390
93
891
957
131
589
165
357
946
556
253
445
971
424
938
540
585
322
827
483
338
324
92
526
976
696
608
904
468
269
2
210
363
246
520
846
835
685
555
133
593
160
578
916
584
868
809
169
543
636
652
233
960
97
111
288
793
719
192
613
341
195
175
704
793
695
902
980
733
809
113
678
969
43
947
905
263
756
75
806
392
79
391
704
528
502
992
321
574
185
286
915
732
462
971
525
509
873
505
242
34
970
921
355
13
868
260
628
976
687
787
720
767
178
424
647
33
768
969
607
953
607
522
685
69
493
562
579
718
67
173
752
37
446
107
402
666
719
383
642
407
170
362
526
700
786
173
733
907
494
340
860
102
214
898
523
707
460
454
777
880
628
881
917
74
340
672
741
60
55
383
467
577
98
345
629
236
518
363
143
365
55
356
819
270
254
342
329
66
797
107
946
425
340
216
851
681
240
592
741
647
328
560
576
426
905
205
14
775
920
158
140
328
514
959
598
120
654
279
538
451
738
837
228
79
53
79
760
645
24
853
644
704
413
220
482
670
425
496
797
698
6
938
26
520
249
976
992
903
255
531
706
994
368
286
425
773
718
185
418
742
38
62
798
803
634
280
825
411
128
622
109
135
912
135
7
162
111
0
417
719
531
476
65
899
762
490
672
832
675
442
574
65
504
724
220
490
356
45
901
485
667
11
972
580
498
979
94
962
331
863
681
862
339
746
113
454
588
785
286
263
227
213
680
83
289
900
925
646
945
827
483
964
190
455
