135
116
206
57
501
358
460
88
162
347
430
616
94
727
400
702
64
708
763
796
705
602
7
375
619
67
214
532
691
867
342
178
336
548
235
189
906
695
277
420
395
708
36
841
435
436
544
499
496
659
647
201
262
654
577
233
74
143
118
117
362
460
647
698
8
882
887
266
929
517
686
676
225
74
518
12
863
414
864
359
73
511
913
335
518
490
921
944
985
39
61
347
499
60
398
859
942
285
125
223
154
163
900
379
589
770
744
452
184
608
164
257
471
77
945
989
919
866
285
904
257
346
251
756
758
1
967
700
287
444
276
441
607
528
173
548
298
917
1
834
877
165
91
348
594
388
690
513
606
975
769
863
674
372
971
432
374
938
485
661
382
761
454
341
641
979
890
291
248
243
125
125
408
568
826
2
957
516
867
563
491
636
779
517
8
750
950
382
41
435
395
423
548
202
117
189
181
359
480
782
602
957
907
362
525
733
364
834
601
583
750
445
219
881
962
227
631
912
610
24
699
5
800
247
559
917
788
741
276
620
875
230
577
134
592
455
220
308
641
821
891
743
266
110
624
229
337
608
493
299
632
193
657
432
792
216
701
933
309
329
553
536
559
483
671
151
290
891
459
931
712
702
27
331
812
651
560
502
259
405
153
892
598
810
676
743
379
378
676
40
707
581
577
619
64
248
770
706
139
582
990
203
284
17
534
449
668
446
951
280
852
456
524
802
267
200
545
998
930
573
390
990
155
967
609
571
567
731
278
58
665
268
262
950
637
148
751
305
595
54
585
447
510
461
601
129
662
147
127
944
72
518
934
227
837
543
151
757
627
781
815
292
401
77
594
38
226
345
343
173
399
281
620
910
94
221
39
756
720
519
53
793
389
987
372
578
883
523
335
510
656
151
802
57
580
397
95
806
94
791
331
494
72
951
756
166
525
147
275
597
18
680
742
407
667
115
986
902
990
673
412
647
824
567
704
405
964
800
563
58
591
895
904
15
198
660
533
75
160
160
25
178
840
767
586
860
234
924
762
225
949
527
224
774
94
280
531
410
432
446
820
375
693
725
742
244
737
276
671
897
788
696
428
981
464
14
841
698
290
955
275
239
482
851
365
928
132
248
338
916
47
159
292
92
236
34
336
973
662
8
223
451
56
651
784
520
17
977
571
659
932
198
250
767
402
968
695
534
216
386
450
615
545
94
708
133
129
44
458
791
404
681
594
461
684
378
333
53
355
256
712
640
807
315
407
209
283
454
95
851
840
545
467
737
992
175
870
121
571
329
264
328
362
859
789
399
237
474
452
945
83
517
585
890
184
344
99
467
798
194
318
991
91
137
728
83
312
951
556
236
280
821
564
994
32
705
745
269
179
550
566
614
419
503
504
603
847
955
70
998
501
740
989
945
878
69
380
542
20
937
778
652
110
342
999
142
47
744
763
579
294
330
193
713
185
50
316
33
5
738
383
859
831
724
804
61
793
184
603
166
473
734
170
935
76
169
77
476
914
193
55
560
523
600
626
708
650
942
93
8
33
476
867
216
552
23
277
346
559
880
864
385
614
34
320
43
204
750
871
470
943
278
382
466
878
8
526
881
303
972
889
336
800
108
904
353
131
181
51
42
413
915
427
28
949
748
423
505
498
294
327
441
572
710
259
802
718
137
683
373
461
924
61
262
384
965
967
515
146
370
910
560
285
337
940
586
85
715
444
935
9
771
728
933
481
987
87
552
477
123
925
938
47
987
552
432
304
519
299
451
889
209
363
526
899
303
113
984
18
557
272
379
680
0
664
514
988
103
66
817
226
343
755
626
682
308
58
987
179
709
790
421
271
153
947
170
808
412
506
826
321
778
557
354
779
573
868
119
676
286
936
903
629
43
529
664
703
939
3
883
0
793
656
623
946
603
793
754
368
652
932
41
430
841
395
561
414
263
32
442
549
320
345
531
364
226
547
67
517
550
302
518
343
958
141
641
562
287
747
282
939
31
323
721
224
71
635
638
334
667
432
236
988
130
767
704
356
314
771
226
216
74
96
911
32
589
904
946
876
3
580
167
34
256
241
258
327
876
248
661
895
680
249
235
162
16
939
519
682
711
97
250
137
193
161
521
782
65
820
659
68
752
178
454
8
419
64
335
647
312
349
543
345
598
778
507
967
718
378
1
781
475
252
270
668
413
143
803
831
315
814
251
68
992
706
76
764
770
412
411
435
113
306
132
63
437
991
30
507
722
32
640
197
636
910
218
401
405
21
584
721
835
836
789
179
542
865
943
664
629
707
99
94
365
231
158
802
575
188
309
297
572
949
494
560
211
64
962
617
437
546
338
624
382
127
804
276
344
99
941
326
158
392
420
524
976
578
326
551
119
988
848
691
937
694
604
149
111
566
118
548
464
456
525
199
935
681
827
631
780
768
957
939
513
378
815
489
308
141
392
427
129
240
471
419
286
75
920
397
993
38
298
457
494
823
8
781
504
836
412
636
956
370
927
469
100
742
310
408
236
702
836
717
294
307
136
581
382
56
330
375
94
628
184
940
803
193
73
659
381
486
648
689
208
575
511
308
670
821
716
906
876
904
975
170
211
112
751
945
520
434
672
967
62
857
907
218
402
981
877
135
819
525
824
27
453
335
687
123
157
403
381
385
660
356
555
223
820
659
169
341
93
193
308
507
402
567
725
156
900
955
291
719
832
116
98
285
803
785
760
312
189
141
697
201
850
605
424
670
264
945
363
709
139
671
216
541
591
294
50
491
249
341
211
433
809
309
719
613
95
831
277
636
325
975
189
175
580
613
197
196
559
561
905
50
584
121
943
175
767
993
667
16
687
230
450
496
891
521
461
338
704
91
326
29
66
515
556
998
129
106
546
40
667
451
90
603
924
33
779
692
379
798
60
66
28
862
562
919
735
376
610
440
467
936
821
885
452
730
235
933
188
781
973
855
584
63
810
508
448
589
552
827
387
613
893
767
827
808
687
563
536
297
355
355
585
176
240
37
258
827
970
446
608
295
653
192
710
464
52
159
405
957
338
793
570
584
560
749
744
599
312
280
248
667
635
186
196
227
223
454
54
546
253
14
841
906
206
904
722
610
63
128
567
753
273
489
337
185
239
81
137
903
361
737
571
348
923
119
927
499
925
981
45
178
995
238
437
553
142
159
516
557
287
83
311
912
925
648
98
164
82
235
67
795
972
990
144
896
461
71
747
387
405
792
565
400
382
2
306
877
514
822
434
153
257
97
66
182
746
164
698
180
751
118
975
75
108
471
323
922
895
70
309
300
214
226
52
597
581
710
474
95
532
260
248
790
358
666
324
456
182
23
636
933
141
963
361
601
435
684
523
682
107
832
334
321
59
738
270
992
449
744
87
333
357
687
475
67
354
800
523
536
823
511
822
316
826
535
917
613
219
441
295
678
625
629
0
36
720
270
28
169
367
467
502
76
155
330
143
861
130
18
749
305
529
571
621
707
458
890
321
678
683
616
708
661
598
708
697
318
331
78
839
698
545
341
774
52
23
917
913
153
935
663
810
816
586
783
523
45
674
844
75
357
813
135
18
763
844
68
81
175
146
920
225
43
613
999
448
637
268
361
142
555
376
953
723
315
736
246
712
762
443
139
472
608
274
842
371
470
910
804
645
408
76
870
804
689
221
252
678
489
613
173
396
342
478
119
9
214
366
721
329
161
212
801
769
838
643
492
309
906
296
954
666
372
177
470
413
398
722
92
240
688
265
636
30
743
108
391
309
826
112
990
987
676
143
108
514
787
600
823
45
896
130
711
268
659
182
681
57
904
125
649
592
742
638
974
837
746
365
499
572
829
489
911
857
633
19
372
772
619
547
817
867
677
880
135
336
62
168
746
319
294
747
263
36
737
238
874
483
955
725
407
137
214
670
994
847
689
718
971
660
266
788
879
295
21
14
984
83
535
730
754
181
829
18
217
567
608
443
402
915
168
162
52
735
832
399
934
874
117
906
886
383
46
766
31
67
132
15
503
667
97
257
848
926
627
418
493
587
213
248
855
734
410
259
469
594
658
403
468
776
309
707
511
356
473
542
775
605
557
278
625
654
888
473
933
515
243
778
455
457
26
310
543
788
569
12
383
580
767
203
708
429
910
219
137
383
114
912
341
671
191
966
678
79
791
611
946
35
741
753
844
768
415
387
556
337
751
291
917
870
495
625
299
405
196
436
789
310
701
130
334
244
448
12
675
239
975
621
626
716
727
470
836
142
209
745
479
960
36
396
831
531
373
482
289
570
271
430
880
972
912
566
216
360
578
891
599
905
864
226
974
943
48
810
86
258
907
917
570
944
666
401
827
39
236
116
961
507
546
842
479
458
760
47
818
339
290
770
596
154
348
922
450
748
733
536
6
992
453
929
936
471
330
116
511
918
232
472
425
131
666
904
589
427
303
760
118
593
882
66
100
582
989
550
682
74
86
689
66
891
970
355
363
300
471
226
219
55
698
996
186
717
253
128
496
556
240
614
150
474
680
250
56
669
800
738
95
238
779
162
481
749
517
196
402
988
422
973
43
473
321
582
190
574
710
686
131
950
652
281
776
684
531
832
706
683
922
801
273
54
963
754
155
832
951
909
820
373
234
216
198
556
150
388
130
860
426
261
162
430
542
938
115
425
122
821
460
396
974
733
802
938
488
958
770
791
219
943
516
454
511
715
10
13
455
140
873
882
754
387
664
296
677
131
74
151
952
886
899
279
620
702
217
460
12
339
603
231
634
119
37
497
834
47
510
290
540
735
524
294
474
188
942
151
320
368
654
624
255
554
255
227
608
824
39
972
164
994
555
150
113
593
0
300
992
862
590
884
598
466
178
424
6
473
928
678
193
582
655
800
488
910
27
448
735
418
420
251
412
976
753
878
921
753
178
913
968
120
798
566
586
328
342
944
153
270
623
347
205
278
147
693
188
527
142
923
945
914
174
710
890
928
940
163
33
118
77
1
590
227
919
176
907
262
120
61
532
95
408
89
373
907
783
562
434
277
837
732
191
12
794
434
292
734
597
677
204
26
679
794
605
598
322
513
212
794
926
97
890
334
186
263
593
321
177
28
598
15
760
790
379
906
576
23
640
173
700
844
552
731
990
157
682
312
670
894
106
596
343
996
282
530
612
876
203
141
256
802
156
368
944
887
274
520
910
266
45
963
110
597
694
452
755
376
764
777
623
222
374
966
571
8
848
183
236
52
324
492
206
833
212
150
72
486
22
335
752
67
298
214
665
992
666
772
721
782
549
344
5
275
662
576
636
511
111
872
915
787
717
121
620
929
271
693
416
293
380
520
712
678
735
729
22
753
501
743
536
403
439
541
678
102
469
314
965
580
539
880
367
256
1
340
185
272
385
953
917
765
474
629
443
561
359
817
314
212
913
202
615
352
95
294
806
564
960
771
144
499
651
512
107
4
204
293
628
589
598
545
354
72
527
149
985
238
966
652
450
879
854
418
584
950
64
390
866
376
514
11
876
517
875
335
522
79
628
150
20
579
48
374
651
927
523
989
165
841
641
967
73
847
385
657
149
801
399
16
178
913
379
406
431
606
741
305
37
722
807
57
301
855
431
304
782
306
293
299
499
286
619
572
134
356
229
635
158
629
3
336
894
382
94
677
340
835
982
377
557
790
434
858
997
217
163
132
875
456
783
375
95
402
947
229
759
177
216
269
158
220
957
52
954
51
82
295
886
64
24
444
206
459
654
556
676
817
40
552
626
823
279
721
226
226
302
337
755
518
606
265
90
563
670
397
614
752
692
852
168
68
296
727
527
951
283
556
120
675
460
746
498
739
467
76
317
769
413
73
640
371
690
730
934
360
127
900
112
171
753
633
240
401
360
119
352
995
675
825
670
487
571
168
226
391
245
896
512
10
969
152
382
11
235
668
372
714
921
836
238
674
469
478
427
829
949
132
824
625
957
846
464
528
15
43
271
612
939
784
974
260
288
708
271
523
377
643
590
650
480
828
324
301
306
751
483
607
235
659
584
192
506
49
73
873
92
344
837
31
128
811
291
769
520
914
292
249
558
234
899
390
62
575
43
720
678
526
328
914
186
912
106
692
961
179
565
53
876
402
436
4
565
79
125
85
994
418
686
904
4
585
646
67
160
689
787
191
216
467
105
402
380
211
446
693
743
11
747
619
765
535
975
330
615
101
768
961
871
806
865
875
392
863
942
904
552
82
95
120
549
552
522
929
764
320
623
859
683
722
478
448
609
805
131
576
906
251
537
129
57
754
5
801
617
299
706
170
381
153
290
283
706
165
564
822
485
187
33
169
261
863
969
871
668
452
447
927
55
337
56
113
91
413
266
709
713
324
231
446
478
873
729
536
390
294
710
228
833
743
749
447
606
718
670
626
523
469
553
578
806
610
43
250
375
310
959
88
634
542
887
464
767
616
0
158
262
62
386
448
805
487
895
763
557
917
390
80
386
943
11
193
905
54
443
281
716
754
721
351
648
608
167
415
577
520
925
191
582
311
639
740
798
886
503
356
803
893
788
190
189
799
735
446
206
530
727
922
284
801
625
284
409
793
699
338
313
977
530
247
288
169
987
439
56
843
147
859
88
287
401
277
87
136
724
645
666
803
567
302
604
193
586
366
338
638
704
3
615
586
250
255
756
590
46
164
433
193
375
521
481
777
799
920
913
875
565
580
30
484
882
987
29
821
353
367
459
409
370
426
996
973
681
104
563
728
268
348
273
643
869
106
420
20
378
334
247
943
266
278
780
500
265
809
321
970
177
132
379
899
910
727
224
592
831
139
672
99
487
297
95
357
756
867
729
134
553
977
430
819
255
210
320
872
371
993
842
900
478
573
800
388
301
376
332
484
516
4
936
3
654
31
712
410
250
442
896
804
771
326
623
378
888
295
250
260
641
444
160
119
369
312
859
22
41
192
507
557
196
795
912
202
826
977
964
428
771
861
232
542
539
208
920
780
855
522
392
496
318
904
967
687
569
827
710
610
19
217
519
567
12
431
770
190
760
86
970
531
947
203
425
839
411
697
971
266
219
363
115
537
267
82
577
836
261
287
446
280
856
965
200
220
749
322
762
861
408
732
393
708
935
170
547
698
868
518
317
439
233
432
329
500
866
906
689
128
545
487
760
401
453
960
621
554
282
383
415
43
467
160
751
403
683
650
101
551
520
418
342
753
202
671
253
69
929
294
549
474
782
309
875
235
622
848
141
904
583
908
299
51
421
50
806
104
700
907
7
220
678
349
973
232
373
579
301
302
873
202
129
655
864
4
242
486
205
735
742
788
644
42
191
417
92
997
521
145
257
528
365
935
877
691
167
602
622
821
905
495
375
34
503
239
390
745
77
595
481
820
736
477
214
927
894
658
925
767
803
534
295
521
469
524
212
988
127
834
161
384
681
889
770
184
128
160
282
206
108
115
378
196
592
592
475
838
250
752
605
406
286
252
927
107
128
491
96
255
677
609
991
710
498
761
895
979
274
177
537
382
644
915
930
588
859
405
426
109
158
383
867
444
987
794
552
115
637
0
723
666
961
714
377
460
476
272
439
750
801
976
484
445
243
414
33
102
819
811
563
329
546
431
126
533
577
30
648
567
30
371
233
991
86
610
803
914
234
594
16
35
922
500
832
165
266
217
619
437
28
183
767
574
966
893
459
895
275
460
462
305
831
48
648
269
658
452
535
893
398
551
280
321
403
465
486
669
682
106
107
711
641
874
637
607
119
449
854
394
909
669
51
92
717
51
714
727
503
249
972
254
153
253
575
556
718
61
226
752
519
333
815
160
559
453
119
30
902
326
424
163
995
827
255
712
878
969
439
734
571
412
988
724
17
563
632
87
976
858
839
496
543
655
8
102
460
480
132
714
806
908
877
801
735
484
865
966
806
656
52
377
420
40
453
437
955
85
876
283
944
68
131
487
75
140
942
535
972
74
601
778
335
830
931
422
314
796
388
472
452
792
849
873
184
654
662
491
740
539
775
36
959
906
875
34
46
817
569
18
244
522
148
931
352
79
353
18
227
94
491
32
886
692
905
71
347
919
562
87
810
689
475
769
596
350
803
994
520
724
365
116
246
865
47
950
945
400
969
524
846
812
556
733
504
813
156
851
733
70
290
543
760
765
313
708
468
468
702
340
193
419
456
439
285
855
742
582
255
711
106
454
523
663
187
379
476
695
231
561
117
521
105
229
639
770
937
459
238
992
799
783
411
607
575
48
462
317
630
69
28
737
523
903
752
62
282
228
109
865
790
227
739
247
456
730
17
394
189
607
738
340
391
149
947
966
550
761
635
180
830
663
269
706
918
21
120
552
602
230
770
392
457
509
991
265
239
360
659
780
967
749
120
710
899
419
28
801
180
663
981
362
678
251
420
948
624
541
853
226
771
623
970
580
132
313
845
723
673
857
855
993
606
975
55
857
746
84
658
278
99
640
640
778
243
61
78
219
954
931
446
725
554
768
305
38
82
150
113
755
359
968
100
966
295
156
823
41
240
482
319
691
474
312
469
69
373
548
288
327
831
86
404
386
207
61
424
289
211
538
396
571
858
497
889
154
5
712
195
597
546
515
288
20
827
110
89
552
10
730
231
841
168
635
227
375
696
4
16
259
894
413
182
752
262
423
906
619
136
454
216
682
321
504
55
500
966
144
404
976
226
635
818
395
622
397
122
670
401
139
281
647
904
816
752
518
239
658
137
375
464
705
410
785
561
465
637
528
961
41
504
188
28
322
935
650
720
409
672
473
548
954
121
804
122
873
674
361
883
811
89
700
868
499
837
430
964
475
958
277
516
462
817
545
785
752
547
857
162
220
682
62
526
803
219
648
28
893
9
264
705
450
964
925
949
801
355
265
276
313
543
145
776
712
42
913
465
589
122
979
161
804
393
39
960
612
687
988
506
49
604
563
499
568
488
801
722
844
418
350
157
313
847
285
26
889
198
843
831
320
822
344
477
215
384
437
180
423
777
686
472
382
249
324
302
89
477
24
285
895
727
443
209
574
80
587
464
631
430
647
303
252
991
780
819
375
217
999
799
995
37
623
729
638
947
31
728
424
408
365
672
135
808
233
61
241
820
525
872
250
524
175
854
516
956
25
891
173
25
42
520
414
666
249
53
613
633
133
390
41
498
414
528
659
647
589
900
467
467
124
69
991
299
923
859
607
948
751
133
325
793
653
740
459
255
145
425
888
630
167
281
480
581
161
139
580
102
391
47
569
515
468
913
167
391
124
774
691
875
907
17
21
913
109
832
168
254
609
408
236
776
41
716
709
202
856
289
304
599
688
226
467
156
491
634
899
615
408
591
843
668
608
864
581
717
48
749
323
658
509
911
786
550
627
848
752
835
489
408
435
178
634
902
686
477
536
586
93
296
177
936
964
785
152
545
854
552
646
529
562
155
440
349
705
419
549
809
255
38
218
690
216
852
944
255
682
832
841
775
128
18
63
445
155
567
990
361
119
637
890
682
144
682
383
202
101
932
11
356
322
229
398
891
434
342
146
116
174
987
243
655
357
306
100
512
225
442
873
344
431
115
378
576
149
113
778
602
397
141
959
720
371
709
611
157
404
757
625
930
96
868
585
453
526
685
965
751
128
190
447
911
657
826
487
806
939
617
408
337
759
719
409
482
429
20
639
833
129
264
763
225
484
701
30
10
738
995
113
218
537
560
130
194
738
617
0
678
587
760
367
346
480
128
828
909
148
819
94
629
83
209
206
567
262
236
929
1
583
42
219
120
602
701
666
341
671
666
371
258
426
90
604
258
218
784
519
718
603
613
347
38
175
905
605
437
141
886
790
724
928
362
196
530
63
862
223
734
880
594
992
658
36
948
917
254
732
436
324
687
402
23
725
929
928
682
718
69
920
509
145
848
871
693
731
934
907
954
669
139
901
13
798
937
962
67
544
46
503
868
86
257
892
163
186
172
198
257
594
118
766
91
967
989
785
698
275
44
652
296
184
905
310
334
843
624
401
739
22
256
607
108
514
851
272
52
376
470
309
970
588
427
61
907
768
198
605
396
243
610
692
779
515
354
113
710
330
514
449
353
770
409
813
636
260
437
41
636
907
702
958
848
130
20
107
250
218
65
646
813
675
691
592
542
397
705
253
728
571
54
81
694
463
246
330
76
684
371
64
943
74
23
143
556
395
251
158
965
316
157
779
343
848
723
885
245
781
490
973
352
897
406
46
360
5
729
436
689
452
853
632
878
876
776
786
271
379
945
236
47
454
367
390
302
91
627
899
224
470
225
576
367
983
975
727
988
56
516
677
508
369
662
739
597
790
525
220
169
822
456
568
276
176
958
930
267
937
830
491
407
55
419
774
38
746
854
379
802
722
56
663
91
70
402
40
860
279
260
381
102
68
949
730
244
259
661
863
197
491
706
604
898
478
731
288
224
585
667
379
307
76
42
750
146
796
142
7
75
402
740
529
470
690
260
67
301
273
930
498
116
989
455
14
467
186
654
691
123
322
422
782
398
464
884
544
612
26
903
688
780
996
569
250
38
829
669
339
454
952
838
570
941
645
936
408
831
591
451
306
913
874
88
663
690
972
559
303
350
815
343
130
811
912
732
849
94
402
540
548
354
