673
402
635
921
942
897
238
143
720
204
488
29
15
652
504
96
610
522
351
196
356
713
614
202
162
447
16
730
242
743
841
267
145
476
189
87
725
779
230
798
335
71
827
351
75
684
799
685
558
151
233
915
216
847
117
730
295
485
460
889
580
301
157
725
130
346
165
207
477
747
5
812
818
185
515
246
869
315
283
779
818
517
694
34
716
163
765
11
1
225
253
581
879
410
659
361
108
824
568
585
923
926
749
94
111
265
340
332
932
623
111
750
492
806
784
209
321
549
572
322
127
825
256
358
587
915
719
695
91
639
632
14
565
382
108
676
999
800
8
931
424
472
33
916
630
817
477
951
719
50
274
198
875
530
556
463
797
627
510
240
618
495
606
184
229
715
212
228
867
573
511
643
45
544
560
675
713
389
626
432
439
252
982
667
134
890
482
931
517
992
171
488
487
130
672
716
845
884
296
64
457
159
708
854
55
620
881
769
9
508
553
449
112
536
116
247
426
950
530
296
942
54
784
782
184
808
850
381
44
147
445
854
306
153
708
362
125
590
483
135
450
36
936
914
924
404
161
703
354
44
999
648
98
135
430
634
943
281
15
339
428
812
193
86
966
902
800
443
844
283
930
646
672
866
560
596
622
722
299
976
118
650
625
216
785
407
850
80
688
217
772
468
29
965
907
347
219
707
791
63
343
721
61
367
588
622
963
210
696
615
539
814
265
516
382
403
923
232
835
964
449
607
432
830
925
691
178
144
399
969
560
94
690
621
461
630
595
776
193
291
391
84
457
9
600
839
764
875
423
599
839
224
559
624
55
484
315
233
980
66
554
540
160
596
514
973
227
109
750
772
753
493
856
210
502
808
402
266
683
825
218
875
402
129
499
457
965
814
42
297
881
596
838
393
192
704
367
771
165
117
895
918
610
103
481
465
911
883
83
947
60
653
822
814
782
673
623
99
487
665
397
720
613
587
114
158
291
481
281
456
950
177
727
912
280
560
377
544
443
813
843
855
466
665
670
249
338
645
700
177
311
97
898
276
684
12
786
975
845
68
784
795
597
863
59
229
423
789
125
218
602
968
425
68
985
447
669
675
93
370
853
756
819
103
32
504
115
171
831
312
239
967
107
188
830
518
417
253
307
543
823
909
863
249
330
849
696
999
524
789
721
729
545
541
832
930
397
947
101
580
611
692
548
70
880
730
589
649
336
896
544
159
158
408
408
488
609
457
839
133
598
913
863
144
454
47
426
203
995
879
783
958
571
331
29
803
414
618
452
750
514
349
909
672
109
670
512
718
127
352
203
725
265
418
221
71
466
647
274
813
526
409
771
449
93
800
252
507
770
57
257
285
406
518
309
515
188
174
585
667
526
788
393
143
207
966
214
673
966
840
838
844
601
609
294
694
762
898
553
532
955
810
169
713
329
831
228
869
5
813
537
531
954
930
26
161
248
592
186
214
432
376
59
385
985
705
80
99
603
985
632
911
796
801
624
477
632
853
346
637
18
235
520
972
517
546
485
766
138
23
980
922
399
391
308
737
96
740
836
52
725
468
963
873
270
587
702
254
792
401
244
163
636
764
487
154
663
973
272
153
348
252
428
748
996
736
837
444
828
673
496
553
142
811
779
764
399
481
370
543
882
614
706
519
731
546
25
394
519
297
899
219
901
327
319
897
415
156
342
243
830
190
149
324
2
928
440
753
761
810
648
644
777
707
163
508
253
540
254
772
837
153
343
738
833
663
636
248
819
330
844
649
872
345
325
226
625
765
331
386
928
980
30
705
687
545
213
940
85
819
64
922
324
407
661
157
70
649
758
242
331
954
243
203
299
569
782
924
686
113
310
614
93
693
671
780
238
236
72
324
55
136
598
380
896
611
889
966
612
647
560
943
601
804
499
252
725
281
528
411
746
839
378
840
532
49
972
122
286
45
798
341
533
397
73
429
8
963
748
973
610
308
916
564
112
767
168
837
400
697
601
147
888
979
987
420
28
311
894
314
708
693
8
242
442
81
23
802
44
771
775
7
432
692
923
896
811
91
86
212
140
687
359
28
666
698
800
46
9
695
361
70
740
721
312
182
802
687
984
847
811
760
206
243
804
129
139
615
572
225
827
713
264
186
93
930
236
894
329
246
589
42
668
329
763
332
511
565
19
847
764
830
607
970
73
411
451
565
379
376
142
206
441
407
745
534
689
981
428
18
579
369
60
247
50
175
931
913
741
951
761
857
133
720
828
559
484
631
124
863
359
618
421
800
25
518
335
67
500
115
437
431
485
850
31
535
25
962
449
766
265
562
624
399
282
804
958
766
787
434
629
147
52
403
299
430
921
986
497
773
102
286
205
939
136
588
826
162
902
627
280
168
189
256
919
824
60
877
590
200
663
572
699
715
975
998
145
248
985
994
22
439
281
579
730
769
167
556
931
421
184
564
941
725
820
860
549
233
89
492
433
752
64
132
820
391
482
965
991
467
312
13
258
945
592
988
714
111
545
998
885
81
562
826
158
734
39
708
967
128
552
752
233
616
884
53
359
367
370
350
186
34
716
797
979
308
785
46
772
682
396
657
115
310
835
274
44
874
334
12
3
886
764
588
854
1
641
565
720
363
267
258
398
983
55
729
644
193
775
416
227
171
425
343
481
260
969
526
135
655
890
490
541
6
430
395
7
71
312
79
786
579
338
184
563
393
914
207
586
689
975
166
213
752
509
694
12
830
572
499
485
814
989
26
821
419
773
180
842
85
260
629
16
598
165
579
343
79
138
282
121
465
448
686
217
309
732
582
139
657
81
976
471
423
354
644
194
479
825
37
916
437
18
932
387
183
864
82
615
354
364
88
820
812
774
389
121
858
971
612
515
53
940
987
828
294
983
22
773
808
59
689
597
429
622
336
965
838
419
580
192
783
20
364
948
146
754
421
4
77
386
520
482
326
859
310
621
842
333
746
3
392
436
952
174
410
289
139
248
708
71
440
843
443
805
791
589
911
565
945
988
951
817
471
277
676
781
250
871
114
997
874
859
433
178
385
195
467
524
443
527
595
235
723
38
392
866
979
303
431
924
644
382
742
467
12
770
248
262
641
715
259
867
926
692
46
311
239
865
835
682
745
782
270
468
172
662
334
503
318
766
427
314
500
521
781
512
292
381
775
933
96
34
153
22
79
551
685
318
416
872
353
161
654
623
981
178
637
316
681
307
434
109
621
934
982
402
447
274
784
574
560
232
608
713
607
687
264
292
358
32
165
711
546
171
686
527
350
323
843
383
631
629
844
252
564
827
7
363
101
143
937
661
375
545
726
982
585
990
627
295
375
792
6
921
963
692
448
665
367
644
49
998
273
893
603
837
720
962
552
174
105
489
835
832
387
914
167
324
256
794
971
631
938
329
552
253
373
1
919
740
997
320
91
270
565
46
460
638
8
12
812
465
854
999
297
593
913
464
269
170
610
240
153
548
569
706
802
942
59
73
682
56
745
773
678
310
819
490
300
179
855
112
644
709
112
294
654
377
758
923
899
721
163
53
269
732
759
423
674
170
848
708
226
945
834
256
608
5
747
908
185
602
21
181
663
485
475
317
862
234
240
114
955
755
167
576
487
278
352
513
448
200
221
26
146
55
282
106
61
381
14
598
335
35
779
998
872
255
667
87
489
259
201
796
14
368
724
501
646
76
14
446
629
588
472
127
643
106
233
56
488
247
654
823
635
434
174
507
689
841
594
530
101
147
678
115
867
402
969
865
479
335
311
460
923
135
587
919
242
820
975
82
67
630
905
54
64
431
562
105
273
508
635
726
656
665
193
523
67
162
389
898
498
52
358
773
188
945
692
430
765
20
864
185
650
121
239
66
553
153
523
178
14
510
904
670
175
97
545
242
612
286
141
462
339
851
235
879
797
280
661
914
300
525
451
302
646
43
720
199
548
243
729
562
753
633
232
928
83
130
522
695
768
15
157
107
867
744
338
16
376
999
282
676
876
734
330
523
129
50
74
677
293
804
240
398
789
824
326
872
954
849
919
723
864
76
182
731
173
873
99
549
872
382
578
101
468
260
976
949
311
50
626
956
206
218
355
996
43
33
868
349
882
788
424
99
216
959
182
741
832
282
643
56
16
573
157
484
833
133
785
496
536
411
453
742
982
160
90
25
193
311
726
76
451
503
527
19
462
709
761
646
343
756
702
359
329
212
195
162
697
980
659
233
744
464
328
726
624
418
103
817
81
181
245
532
684
772
552
498
834
665
144
177
421
199
889
750
411
84
264
108
417
275
694
513
739
374
239
715
144
694
533
226
227
130
110
912
255
662
410
89
679
907
618
100
106
507
202
517
944
467
977
361
94
23
226
186
397
817
901
894
511
786
472
738
269
582
2
524
245
765
965
924
672
583
377
130
443
579
647
387
398
976
100
493
352
326
31
101
143
284
995
6
71
467
96
340
50
451
216
647
216
181
923
240
116
300
370
559
232
369
298
630
697
398
475
49
76
858
503
571
143
498
929
214
318
26
906
720
477
122
719
45
655
642
637
771
295
359
683
527
80
981
509
777
732
337
179
160
195
682
732
338
532
13
904
202
39
162
274
868
636
993
265
291
988
902
415
283
261
98
162
693
431
23
471
515
360
2
676
908
36
760
598
920
773
855
475
813
17
749
33
654
95
299
297
83
553
64
718
167
514
232
860
946
255
683
461
968
685
489
876
73
249
826
994
23
681
821
188
699
570
221
705
665
520
354
100
426
771
818
593
285
402
453
583
658
137
397
978
174
886
854
248
136
32
594
511
714
415
699
765
337
920
822
355
793
528
807
571
299
978
164
585
380
969
520
38
106
917
16
633
156
222
233
644
607
827
155
321
594
206
438
283
478
612
990
271
140
798
194
440
776
358
377
156
328
249
547
786
519
915
419
675
490
652
671
97
831
178
770
777
384
208
61
862
820
51
486
312
201
680
752
977
39
481
486
719
731
33
505
250
300
277
277
790
929
948
887
113
126
657
890
510
217
303
724
389
707
210
702
908
243
806
238
282
288
724
353
371
109
858
973
409
135
250
200
417
550
439
882
676
449
124
538
666
428
614
56
487
825
110
395
68
916
985
702
556
709
55
927
170
265
252
580
753
854
132
522
404
923
404
432
372
528
322
39
956
937
447
795
114
557
543
182
825
528
236
382
590
643
661
760
908
914
692
13
768
176
535
173
100
939
605
472
468
280
863
776
217
662
572
331
219
115
865
45
995
453
779
585
96
440
698
356
354
742
370
123
919
905
648
19
197
605
843
665
885
59
793
102
721
717
785
293
832
650
690
180
103
469
765
551
261
815
908
616
558
630
91
477
535
739
848
84
344
43
749
582
454
895
684
176
612
822
821
797
472
863
977
928
684
94
831
945
910
739
913
820
369
4
649
257
95
849
341
440
892
443
22
347
690
58
875
302
880
48
99
705
911
428
985
947
523
816
244
785
908
158
605
277
514
254
886
610
103
580
50
347
375
424
46
65
834
921
367
715
969
819
772
232
247
109
531
122
925
776
907
833
934
512
463
448
118
701
58
573
633
460
921
8
236
967
73
71
241
793
138
562
612
910
147
211
19
678
334
296
454
241
482
740
106
945
541
576
998
599
150
632
412
423
640
648
742
66
719
335
211
209
898
823
119
397
386
490
75
720
139
882
314
621
622
420
918
515
996
916
115
498
900
879
273
541
527
16
959
599
351
170
808
601
345
280
998
731
122
426
452
261
660
766
234
282
538
152
150
886
421
265
385
321
496
10
214
23
26
173
974
730
695
135
683
40
415
682
124
889
460
576
151
120
694
385
754
584
890
904
470
311
521
207
632
17
218
847
393
596
20
367
678
68
502
362
108
269
396
232
159
208
160
662
328
206
399
434
142
289
339
613
600
860
172
233
230
742
80
623
339
452
342
369
520
197
731
981
818
479
565
329
687
78
991
367
284
391
802
427
32
141
392
633
353
916
218
935
659
650
910
350
102
253
719
975
802
803
308
620
634
873
302
322
951
293
41
588
36
843
367
69
336
759
54
42
675
272
977
686
922
888
36
376
493
108
351
647
911
11
619
545
237
921
219
188
215
613
128
603
456
495
672
793
606
726
187
634
350
164
320
272
52
709
649
897
817
352
544
728
364
164
625
601
85
197
141
652
810
622
256
618
469
280
763
76
359
950
62
709
467
734
982
871
443
631
769
260
335
313
340
51
829
318
652
267
515
146
919
677
120
527
647
589
808
763
17
167
713
79
876
532
166
210
404
609
193
173
870
529
838
562
580
668
880
585
935
747
83
206
776
203
734
424
792
542
187
162
61
252
593
937
785
759
148
189
369
693
714
591
222
552
153
155
572
34
92
507
781
175
66
558
378
800
334
522
342
873
36
755
125
630
692
262
741
192
803
110
886
517
53
460
422
207
967
994
593
59
854
726
234
920
636
964
72
970
839
766
843
875
521
321
857
213
935
599
758
91
61
996
608
115
808
30
674
776
377
619
835
231
345
422
503
982
738
575
952
929
341
148
157
862
821
14
427
756
965
537
847
379
533
808
494
694
190
520
470
567
139
657
150
836
431
653
818
170
580
123
99
921
623
256
135
444
623
563
552
940
452
752
319
986
560
165
680
102
685
502
22
176
511
172
13
295
178
183
817
758
306
268
32
281
525
519
725
500
434
630
440
887
382
760
873
294
925
905
396
963
759
418
139
622
943
504
917
121
688
734
231
346
3
615
628
880
135
705
732
569
335
172
456
69
284
681
363
562
938
760
525
697
178
16
672
121
873
589
594
561
324
826
259
679
441
239
911
928
945
643
498
632
815
954
702
452
988
65
366
926
177
891
624
356
259
296
829
132
237
776
45
913
954
657
944
747
896
855
676
193
498
174
826
666
480
528
118
468
945
484
395
123
727
371
831
338
19
12
823
608
788
220
522
94
877
466
842
126
322
518
319
820
44
497
838
876
377
956
345
323
792
92
798
871
815
629
210
834
993
33
442
782
605
316
228
483
135
70
961
457
940
632
629
336
130
468
213
859
776
910
534
569
2
332
792
817
313
2
3
307
387
797
441
993
466
669
828
601
92
141
58
32
773
39
721
255
859
934
115
636
844
649
557
198
334
349
367
647
704
370
954
91
519
747
436
985
417
616
586
861
757
996
245
883
36
966
138
247
900
605
883
96
255
440
646
941
142
13
588
846
735
895
289
255
994
78
240
763
694
179
624
804
175
870
687
563
836
825
811
89
431
46
185
38
839
184
331
981
197
271
179
933
518
820
188
513
898
780
276
945
311
901
749
839
123
436
402
959
613
565
400
396
964
938
434
803
122
117
136
319
389
315
252
907
487
792
420
386
925
697
331
236
950
432
75
73
868
830
384
481
747
785
230
711
723
16
866
197
134
2
516
523
669
121
430
157
913
851
895
190
900
578
779
202
10
206
627
878
388
363
711
488
500
941
199
575
958
418
772
444
420
289
967
442
410
397
951
675
600
846
218
852
424
997
54
434
555
33
664
944
397
727
432
897
21
983
473
331
401
597
775
174
886
742
968
648
139
919
676
92
117
246
944
541
243
351
327
798
736
343
94
133
70
526
383
91
510
208
422
263
805
197
437
44
939
405
44
431
676
72
875
793
318
171
686
913
522
13
64
259
356
158
744
779
37
479
870
899
39
645
162
845
842
952
241
134
709
637
917
386
710
792
179
380
963
866
294
838
231
710
449
940
868
193
719
257
25
941
156
64
586
319
909
429
271
502
915
332
140
832
718
202
624
250
582
939
468
876
777
51
586
226
991
807
772
62
64
797
4
221
861
590
892
123
371
515
977
286
847
117
470
918
671
446
168
254
386
988
482
515
39
69
742
383
228
866
445
644
663
801
865
876
392
109
999
115
624
977
754
472
446
224
390
118
671
910
724
409
898
206
924
289
627
18
672
855
884
470
500
899
271
717
776
663
827
127
131
451
456
885
275
255
461
17
725
132
279
449
893
529
655
818
819
283
836
843
490
73
313
342
324
585
60
452
600
887
580
731
690
388
968
318
995
430
335
720
914
967
169
808
496
177
978
667
812
814
511
302
239
824
645
564
761
705
16
362
944
948
445
986
337
414
304
684
196
992
405
462
311
926
622
807
103
600
475
915
415
986
570
6
162
215
570
924
272
587
286
568
887
83
554
576
497
211
261
45
555
666
508
866
592
130
25
48
731
500
963
498
838
533
856
1
100
427
277
724
366
563
292
253
646
199
182
496
762
443
893
669
109
401
887
53
884
912
101
967
413
417
817
603
302
673
604
403
100
881
479
818
796
772
424
795
323
606
643
437
49
536
106
510
290
993
563
526
905
17
493
670
434
310
274
88
335
230
843
788
464
323
606
260
447
30
407
122
988
50
559
37
939
665
899
229
10
815
755
267
832
600
938
618
910
564
706
597
794
550
385
258
225
992
871
672
374
278
794
363
681
705
752
620
370
652
849
732
467
956
999
299
556
289
269
818
853
975
415
0
877
801
258
102
145
481
126
519
760
272
882
793
977
635
413
699
287
614
431
754
570
783
405
478
72
674
648
278
1
63
278
231
216
888
685
361
370
812
881
482
436
115
275
414
750
688
113
389
654
897
495
576
32
252
406
456
926
54
734
280
117
12
511
334
253
548
47
623
712
928
457
149
44
732
915
146
772
380
888
778
277
383
354
661
636
760
118
914
814
852
546
283
217
409
969
470
958
17
445
670
297
902
171
693
986
86
840
758
467
728
536
96
463
242
758
99
354
876
366
168
728
912
803
297
322
773
767
632
142
564
654
791
466
826
485
804
912
325
562
731
405
450
828
868
44
586
968
398
462
686
918
542
598
722
840
272
847
959
904
341
524
559
132
990
737
617
795
649
294
709
733
699
512
561
568
556
147
888
307
961
574
225
503
524
299
695
149
146
655
405
487
179
964
972
521
53
589
668
55
884
730
788
583
594
349
503
502
848
743
809
809
317
387
664
194
686
712
343
833
367
100
672
898
65
996
419
470
586
440
525
822
522
313
757
116
662
261
618
510
4
428
671
674
815
688
220
853
400
915
38
119
15
63
17
432
59
788
903
645
580
428
819
102
742
577
218
756
190
837
619
546
617
642
572
784
330
792
637
82
59
676
201
75
91
570
859
150
711
114
148
291
543
967
746
637
544
964
745
86
153
364
633
122
359
205
906
689
350
896
124
409
924
677
836
15
600
696
165
311
810
665
954
705
633
700
694
529
17
440
616
170
156
601
645
515
806
551
557
156
799
33
918
75
710
754
90
310
802
608
973
965
273
280
22
906
980
717
788
349
509
404
872
17
5
517
885
163
420
442
672
220
827
590
295
537
696
738
200
851
346
525
816
971
805
838
230
138
907
18
839
416
774
711
786
131
228
671
294
1
113
318
573
292
260
868
829
309
958
381
160
656
259
328
628
416
166
210
554
426
228
746
194
354
457
980
485
38
651
131
39
116
802
612
408
62
832
590
371
791
971
531
799
582
859
779
999
378
989
905
156
569
651
350
923
109
331
760
147
982
892
538
99
694
150
859
108
982
449
480
125
773
363
925
355
575
704
354
953
46
612
109
615
263
811
539
724
142
651
871
477
895
409
928
941
911
787
50
894
237
882
19
10
245
296
365
820
353
72
125
399
684
586
14
299
750
905
24
892
557
247
721
452
9
649
394
920
437
444
166
674
678
538
36
923
834
753
96
187
825
573
586
861
512
601
161
262
858
185
506
415
784
228
868
793
877
614
714
314
410
880
340
88
418
728
363
605
482
459
792
659
385
731
873
897
684
34
159
542
571
17
958
707
245
178
501
123
792
567
789
554
799
482
642
570
210
5
175
44
817
319
56
202
50
929
451
734
315
962
277
238
979
587
945
225
765
446
700
909
365
489
463
165
323
105
735
886
462
910
930
279
229
338
833
632
267
284
366
934
246
995
172
578
582
470
803
347
268
503
608
634
344
71
799
668
528
534
554
343
796
836
974
377
175
808
9
794
444
376
729
43
371
253
621
306
75
776
653
344
631
614
978
975
685
129
643
566
15
197
909
163
34
235
540
561
43
550
355
840
278
84
235
1
690
856
307
765
984
313
461
615
927
439
590
964
920
586
882
287
783
143
450
169
379
991
730
774
893
438
614
171
874
201
524
564
409
184
682
393
497
143
8
776
935
951
92
855
537
975
495
672
470
945
194
849
936
276
976
181
714
942
352
589
144
229
505
553
413
187
947
262
683
307
390
618
610
482
825
147
809
320
172
280
266
718
481
554
994
457
736
61
400
440
650
896
21
507
449
434
695
748
48
730
56
438
348
666
273
525
166
82
846
690
714
464
408
196
370
402
5
458
815
405
899
465
653
272
325
103
707
372
851
107
102
259
546
802
278
819
327
444
253
525
486
968
341
894
164
712
648
169
170
464
927
421
281
580
46
606
35
753
330
239
212
432
498
110
234
128
929
914
924
535
439
410
503
781
656
19
845
305
540
367
121
467
141
402
400
187
361
787
292
691
26
504
476
877
615
62
5
896
976
282
431
416
692
934
549
349
953
394
6
494
113
127
313
254
881
65
441
594
205
85
638
231
590
114
460
557
176
818
453
153
100
237
921
792
523
470
493
829
216
499
675
681
626
988
936
860
406
729
454
611
167
92
194
757
558
655
666
735
825
471
240
925
708
513
717
232
335
563
61
903
62
736
584
41
76
872
901
834
602
355
445
769
800
992
878
358
999
896
445
824
367
685
749
76
550
818
660
885
381
73
788
796
161
373
837
237
245
90
424
199
445
869
320
597
213
550
956
212
446
401
388
814
439
137
242
989
308
254
227
689
327
15
837
840
740
26
77
986
116
501
537
914
723
858
511
288
408
819
501
207
221
889
373
12
379
967
353
687
221
580
728
900
948
566
740
688
592
169
26
61
23
564
975
746
422
486
386
182
306
887
741
879
129
114
243
860
81
596
547
654
529
627
554
477
545
646
517
490
816
544
551
191
108
526
937
882
364
675
416
22
563
158
901
44
624
496
904
58
93
803
712
974
782
619
803
328
265
320
818
433
864
369
624
324
247
913
558
611
589
327
986
504
837
887
900
461
384
156
519
829
311
232
803
93
203
606
421
468
278
239
254
495
960
230
819
207
144
730
171
85
57
157
941
894
396
841
707
132
997
579
313
308
163
116
401
366
74
175
186
705
766
440
200
727
671
19
286
167
101
809
252
510
966
545
404
715
386
464
199
735
43
513
395
206
981
148
924
56
323
110
761
90
903
313
817
574
684
455
93
786
265
697
296
583
242
53
298
628
517
498
715
912
363
110
470
344
258
394
752
582
856
865
24
759
178
193
685
863
648
778
649
913
827
297
849
69
350
499
49
219
349
764
131
712
226
953
57
485
699
809
419
556
675
443
667
853
636
705
716
636
835
717
902
663
15
751
732
365
250
782
585
600
898
68
312
125
374
369
962
73
531
381
981
206
176
1
59
164
706
128
800
541
845
54
204
212
805
289
578
408
423
515
8
321
935
672
798
309
394
760
735
925
493
68
483
669
69
894
185
127
374
338
21
220
392
225
784
550
866
714
958
289
229
318
963
517
342
761
178
736
874
265
13
367
334
848
389
755
743
574
883
117
912
256
689
657
481
474
207
700
188
165
989
770
835
304
639
177
66
817
266
292
435
631
659
769
480
48
876
575
975
111
692
887
367
734
896
201
560
103
901
748
620
242
870
455
547
861
633
965
679
899
257
114
882
268
235
362
669
111
937
644
575
982
883
942
716
780
143
276
883
44
376
504
287
599
311
186
460
944
151
491
195
760
957
78
28
544
792
697
8
730
341
583
64
577
525
780
357
21
408
592
417
136
448
56
87
760
242
548
704
745
391
252
505
349
682
534
245
474
583
253
556
277
188
972
854
66
104
211
87
512
155
504
1
604
913
88
364
155
988
420
901
380
672
758
81
706
644
326
533
228
932
89
505
120
414
359
186
518
922
273
383
77
130
384
681
43
472
397
550
461
818
803
193
842
562
274
549
206
600
82
786
532
523
291
5
289
2
191
808
924
465
191
354
947
575
387
342
399
785
892
860
603
696
53
797
610
679
698
816
632
780
603
516
656
246
521
945
249
713
105
525
530
296
231
477
871
619
819
623
756
63
835
711
759
241
508
369
920
207
538
552
339
493
69
347
739
590
293
340
655
750
218
185
47
801
14
270
420
185
893
528
249
729
239
360
970
748
730
242
307
620
795
646
113
216
994
204
158
639
897
814
389
467
999
436
268
366
59
41
551
952
569
800
33
809
161
355
909
243
598
216
215
393
862
680
961
208
884
119
847
133
933
589
600
285
377
869
651
436
262
202
741
831
355
774
640
868
130
549
463
728
117
678
473
980
710
786
540
946
905
740
80
839
329
32
476
58
253
127
847
515
681
588
347
388
714
339
256
196
241
71
276
358
101
101
690
811
887
231
758
793
323
838
984
4
222
460
62
476
939
909
991
972
849
338
361
916
30
969
112
271
41
389
629
142
490
672
954
730
903
712
523
578
902
859
582
124
671
644
600
962
906
944
934
107
282
295
23
312
265
488
935
658
229
565
800
71
589
754
801
844
818
676
422
72
535
4
549
558
648
501
520
906
445
455
14
80
102
389
744
719
877
680
377
106
597
178
530
186
284
331
30
455
8
452
879
895
456
428
454
456
930
974
363
727
781
729
807
884
118
552
603
348
584
981
806
181
511
336
719
795
20
749
602
380
553
482
275
361
910
729
169
192
56
884
920
837
613
79
721
84
983
677
784
567
658
590
100
169
927
819
316
299
920
919
679
473
753
954
186
15
36
708
208
444
592
480
281
558
911
355
642
895
32
426
814
42
368
915
211
295
734
879
946
655
150
625
480
903
580
19
919
968
727
479
412
319
311
693
229
574
400
871
469
432
649
636
474
18
551
37
665
637
269
612
644
419
237
125
323
169
496
594
137
575
425
549
246
736
595
476
662
995
699
132
780
349
120
254
719
671
644
736
308
913
700
953
332
938
430
7
459
926
953
597
853
378
498
99
466
93
575
129
441
275
613
221
976
733
827
695
756
823
783
64
736
484
369
421
774
799
780
233
77
734
182
930
464
33
30
283
478
957
412
919
232
377
492
560
110
320
607
866
495
391
282
232
875
652
5
1
803
785
586
881
871
769
163
688
154
545
971
632
503
383
904
87
112
396
648
222
68
255
440
564
998
722
148
225
726
153
226
530
290
813
763
514
934
278
202
88
824
173
72
679
908
976
118
20
725
766
594
793
374
34
709
372
108
857
598
835
362
176
717
5
341
832
519
275
110
721
715
286
246
140
317
154
116
436
174
841
554
120
987
928
154
696
653
614
906
603
801
620
779
518
625
473
702
144
100
813
217
816
451
463
308
769
969
424
205
495
618
759
615
957
40
769
5
45
736
911
648
537
532
779
408
509
252
110
6
353
275
223
521
727
39
181
848
8
605
405
504
575
164
119
532
556
241
538
601
977
801
249
866
685
381
626
195
985
89
201
338
364
776
211
443
815
392
643
824
350
48
328
277
565
799
810
121
40
700
723
369
501
324
588
187
57
214
734
43
303
935
733
20
711
945
815
879
689
459
703
391
507
383
669
72
182
831
546
575
531
621
944
384
945
532
923
355
747
657
398
402
944
131
422
8
428
238
887
470
697
590
861
556
325
530
629
507
713
175
82
244
796
379
981
93
911
904
800
10
914
198
765
858
682
187
218
110
777
105
932
826
47
794
383
372
676
364
880
390
891
314
986
687
693
967
132
957
224
933
319
138
483
84
996
165
624
567
628
401
672
912
580
720
706
963
444
735
679
676
477
570
991
463
609
36
431
93
993
7
378
313
145
862
749
493
379
373
60
359
127
733
272
707
805
330
22
601
65
701
278
542
271
621
358
232
657
141
325
651
148
704
316
293
566
65
786
297
791
199
657
918
284
281
977
441
611
999
42
29
52
320
923
675
941
633
907
951
774
232
602
922
936
270
567
854
335
706
152
126
905
161
396
189
794
373
982
757
724
24
786
128
697
62
155
990
695
62
941
822
647
895
96
935
165
664
790
853
722
294
979
979
807
728
520
601
453
502
358
530
526
497
658
575
911
166
566
958
228
507
780
227
403
877
163
920
893
953
773
967
599
105
946
406
833
466
359
638
968
717
168
846
566
179
422
829
345
340
788
925
199
920
153
954
149
316
875
394
621
648
361
220
753
307
626
938
125
985
577
445
54
97
644
973
276
66
802
973
758
942
899
957
863
52
912
12
368
139
407
341
787
120
561
893
428
539
831
905
876
760
351
930
858
995
255
134
413
58
108
523
352
359
480
215
411
744
580
131
883
987
472
23
107
385
916
887
924
99
145
800
860
496
82
718
843
338
204
608
748
664
131
100
23
963
668
786
708
248
917
591
235
741
614
694
126
882
934
402
982
431
202
842
927
285
560
122
975
116
82
723
781
213
175
804
176
843
591
236
91
860
180
678
602
794
725
80
677
11
483
11
442
37
853
721
322
765
843
649
881
925
372
14
490
900
819
18
743
762
255
187
622
435
865
576
581
590
9
610
601
492
621
395
529
826
116
204
591
959
853
825
236
578
839
78
478
10
97
573
124
704
760
747
139
626
675
72
568
684
683
522
528
304
917
410
483
34
614
74
345
819
251
934
397
443
12
227
805
461
801
930
165
561
677
656
539
704
729
108
741
764
982
269
420
899
31
903
285
645
330
983
817
581
917
566
376
281
794
182
95
595
112
612
156
141
621
696
845
702
156
938
466
138
560
886
389
591
142
27
589
472
10
406
405
279
972
782
560
766
316
7
713
428
620
870
921
593
918
118
295
426
57
761
564
617
999
305
208
141
332
797
613
342
555
371
621
528
505
534
646
821
541
360
601
513
582
522
106
852
640
401
278
49
514
194
666
514
499
227
655
184
376
621
526
932
992
500
812
849
34
458
670
927
170
623
793
752
145
899
956
137
653
234
187
167
780
205
33
632
784
689
816
161
662
694
445
6
194
257
855
580
67
877
860
238
500
653
342
997
904
299
134
909
885
673
429
666
231
462
298
15
503
466
528
165
160
973
171
355
230
378
287
650
255
147
240
755
152
582
752
57
233
239
966
471
912
395
489
495
210
139
511
713
605
39
879
765
13
402
472
595
133
760
245
388
907
837
496
412
420
600
469
5
839
787
476
104
535
965
599
745
456
462
810
61
502
41
827
867
444
299
814
929
411
412
317
671
249
813
83
21
766
552
27
605
691
855
709
578
173
661
323
629
123
486
691
977
527
870
844
323
521
659
252
933
71
570
604
320
735
687
342
501
591
721
459
634
576
520
213
101
181
888
731
657
374
774
634
902
644
479
577
165
490
830
98
913
752
54
585
839
93
927
341
684
0
152
671
929
672
884
30
206
124
761
863
499
535
497
753
179
328
330
697
170
512
795
83
264
202
669
456
295
948
149
332
301
301
3
230
973
239
260
179
363
22
394
214
557
244
319
89
924
2
786
95
514
933
530
131
487
551
587
783
500
736
467
801
37
822
31
362
61
643
894
776
665
640
343
575
884
662
16
161
664
802
256
531
87
138
14
575
690
601
710
542
689
177
695
78
999
78
792
412
721
686
188
739
679
883
314
563
546
330
724
562
484
332
93
923
823
107
850
865
60
560
759
101
89
454
531
440
884
324
852
957
362
393
696
41
276
362
957
822
44
33
385
880
718
830
804
893
290
6
758
702
919
517
804
8
323
687
449
207
11
301
164
726
694
213
119
971
575
76
145
972
462
882
852
532
65
8
425
355
15
183
409
934
700
565
294
375
253
743
582
616
397
98
342
443
663
814
766
591
890
912
563
704
146
415
236
211
776
661
918
791
844
328
77
896
893
371
271
498
115
205
115
864
656
809
307
319
623
74
910
866
986
825
570
132
593
159
696
369
820
614
512
17
942
589
265
188
960
889
686
427
94
801
291
102
611
599
774
586
25
684
452
11
862
375
495
455
534
543
824
354
158
336
723
452
925
989
640
237
230
327
17
676
480
660
779
443
611
553
30
636
589
482
999
451
857
847
906
743
390
730
450
548
418
173
1
695
514
993
285
96
320
302
773
801
962
904
596
926
457
626
562
398
461
562
850
670
409
108
414
799
191
864
700
609
389
53
657
256
46
942
352
367
244
125
520
558
29
116
836
838
95
399
237
556
313
439
226
74
899
992
225
90
208
925
52
598
978
709
206
25
651
558
744
247
36
616
157
417
84
994
256
179
745
845
87
410
636
666
484
535
658
709
626
219
987
678
169
317
739
375
694
742
933
790
341
321
406
850
739
491
196
995
22
293
192
110
703
828
128
187
363
138
249
341
357
588
371
526
905
110
901
600
204
187
390
545
508
149
748
247
992
944
594
14
238
786
476
941
966
956
481
330
95
730
671
452
318
395
331
575
505
584
527
62
123
270
607
984
419
707
231
411
652
178
777
890
316
606
183
283
562
664
965
657
746
988
462
416
383
145
344
241
81
871
303
205
141
262
189
912
970
772
675
974
950
453
216
619
59
399
902
973
416
219
983
514
207
797
283
943
942
627
184
375
498
839
580
992
101
769
904
423
894
580
397
196
385
613
815
796
365
69
769
133
288
104
647
848
901
930
791
195
909
975
571
760
814
151
752
267
273
8
43
519
588
440
715
325
406
883
121
123
952
243
608
593
347
255
441
249
538
584
796
799
911
367
559
725
871
311
344
496
672
387
15
612
180
82
938
938
965
59
413
270
654
21
215
2
628
8
603
518
592
399
318
503
767
877
580
638
541
924
486
213
664
501
177
196
583
115
134
901
527
899
171
181
920
386
183
548
394
786
419
338
186
737
841
305
966
421
295
507
697
781
72
361
634
250
909
569
717
395
822
244
294
993
426
566
731
961
467
477
100
886
167
638
623
8
943
589
781
590
449
479
723
873
192
357
123
454
278
841
849
101
437
144
446
215
710
530
177
177
359
277
63
527
267
38
887
562
628
669
152
429
500
227
302
44
936
778
498
214
619
348
667
408
844
114
624
906
996
801
84
355
430
499
234
49
538
122
611
518
791
115
299
643
342
601
687
278
379
538
844
350
886
864
759
82
978
735
988
326
888
424
681
670
924
916
719
814
390
330
684
181
797
983
824
139
936
863
769
668
401
965
370
639
829
481
721
159
216
710
485
104
134
519
774
410
787
845
576
177
527
612
710
324
595
534
815
884
749
936
904
151
902
274
790
83
756
512
243
972
574
80
429
60
599
555
823
738
401
399
915
928
12
625
253
959
511
420
195
261
357
99
764
611
374
554
694
482
418
289
454
344
370
235
405
321
791
228
60
544
979
327
824
343
953
77
303
816
850
850
429
207
950
193
170
676
748
864
158
518
506
964
863
876
200
620
549
343
200
961
239
179
289
63
523
594
493
178
762
343
380
192
902
330
385
72
358
485
288
516
4
794
481
867
22
33
487
572
376
39
885
967
218
526
30
93
120
523
623
235
866
4
427
768
686
812
192
45
298
481
913
654
275
394
873
298
427
712
222
155
751
459
122
969
986
153
415
458
28
390
693
895
746
120
15
433
285
208
830
935
689
743
589
316
490
462
966
269
174
540
425
925
0
899
246
986
404
13
444
433
404
138
680
150
610
47
935
247
255
117
182
296
861
123
965
351
937
931
620
463
472
397
740
824
649
987
810
405
352
254
190
108
744
870
611
707
918
546
954
525
16
489
174
229
612
139
580
902
422
552
365
246
302
106
70
303
445
880
708
797
487
251
258
583
121
869
290
391
767
597
269
783
86
443
12
50
582
944
952
4
849
670
251
503
776
673
806
573
554
866
370
393
117
628
976
591
849
619
334
617
568
603
400
654
46
765
56
980
709
361
337
910
31
940
413
807
613
571
380
519
438
102
912
907
83
241
498
284
212
833
901
780
788
654
786
187
419
842
167
480
203
856
391
586
148
156
393
762
728
125
633
518
580
898
425
15
139
276
299
703
461
553
835
249
559
621
436
978
815
956
810
371
812
553
957
961
62
703
75
790
180
708
660
760
606
85
127
97
361
779
152
174
684
987
424
243
960
212
573
776
168
383
147
333
289
104
646
351
807
721
493
988
781
153
100
740
238
580
189
952
359
342
478
395
329
902
638
642
115
211
418
635
946
565
968
235
21
966
586
829
39
431
169
821
584
621
913
175
201
102
479
912
444
957
307
126
212
945
768
327
156
538
314
103
103
283
690
476
601
629
305
641
60
826
462
997
448
375
172
649
829
3
562
274
960
221
752
172
167
872
851
675
410
166
130
865
801
821
341
402
450
999
43
862
825
857
859
273
584
31
275
414
34
189
40
347
410
144
871
929
16
723
605
426
241
87
291
42
908
984
796
710
983
192
573
809
401
432
434
986
816
709
752
202
250
144
549
13
288
421
942
656
496
899
82
737
987
725
131
247
709
927
310
693
471
883
854
873
667
288
211
483
350
315
686
952
459
587
965
99
360
260
755
856
159
189
945
498
266
76
98
327
356
408
372
827
643
226
52
310
867
615
146
569
930
184
521
741
123
839
840
484
99
947
692
610
136
638
461
754
66
911
82
422
319
454
602
314
33
6
976
252
622
122
821
552
306
694
294
782
533
486
266
984
434
958
595
922
948
56
29
367
967
111
789
638
917
743
304
302
750
280
554
724
403
727
276
61
422
922
843
307
409
461
292
195
772
887
469
720
295
850
439
614
961
581
604
231
324
908
533
426
188
440
150
943
167
779
5
589
701
200
897
462
662
541
9
786
780
831
858
75
681
298
41
995
879
997
226
555
905
111
982
445
551
484
389
719
263
746
660
317
298
909
131
312
450
141
98
230
972
957
657
5
607
50
0
486
47
226
41
304
690
375
750
593
212
491
664
827
237
325
144
887
586
276
200
37
417
298
619
741
607
629
746
566
31
747
52
79
325
446
735
367
173
485
961
385
976
625
213
565
302
357
453
889
985
5
278
754
655
249
847
263
230
594
829
262
693
234
693
370
32
428
90
205
266
51
943
594
28
156
160
331
865
965
220
851
970
850
957
625
99
805
240
330
751
422
944
796
8
637
518
40
65
608
597
331
11
540
926
40
696
438
371
914
755
943
117
725
145
74
702
596
231
295
926
982
69
222
778
77
859
649
469
277
257
66
960
269
607
238
309
655
28
32
569
783
327
686
860
472
113
915
420
344
210
699
327
631
921
457
60
781
106
529
410
364
595
370
985
554
961
646
210
989
678
131
125
357
818
985
181
931
900
601
275
462
300
954
445
222
764
505
355
870
34
117
586
982
839
923
888
800
569
98
142
599
582
267
956
400
252
137
683
505
91
310
319
391
265
765
965
381
622
672
251
657
789
190
991
629
113
879
781
683
330
923
282
912
190
591
664
795
80
347
652
171
9
971
915
626
88
232
7
711
905
259
720
46
801
711
27
266
590
809
949
920
732
584
184
275
175
848
70
607
195
722
779
205
45
46
831
486
278
191
197
535
802
917
934
603
980
961
869
922
770
171
195
855
107
379
130
634
228
200
241
775
274
372
332
319
418
516
805
49
707
354
584
509
623
518
112
955
832
333
878
602
504
73
457
963
452
939
597
32
491
839
808
765
211
140
437
982
656
594
31
363
949
967
872
924
486
336
880
670
670
758
272
526
183
82
490
635
21
439
668
513
278
828
630
842
968
67
824
625
662
855
340
963
174
213
887
660
549
119
330
571
229
955
98
412
389
940
400
410
379
420
275
10
248
906
852
216
325
28
193
987
235
534
302
409
747
542
422
648
661
104
572
891
59
22
655
448
962
55
211
693
475
838
703
723
744
907
940
422
935
485
409
170
19
64
580
118
606
2
119
619
458
691
510
518
713
518
318
675
573
881
720
49
720
424
124
816
331
416
238
267
902
0
789
273
64
721
392
22
75
511
641
534
554
504
52
267
22
722
294
947
604
14
348
676
438
473
492
122
889
83
741
143
435
530
417
499
252
809
873
327
672
514
861
226
370
265
845
392
340
139
340
296
505
688
972
296
513
816
418
755
899
159
898
686
689
667
185
293
828
410
621
500
925
834
78
647
452
275
40
792
414
732
88
272
772
412
568
638
228
986
393
480
497
643
166
186
311
704
832
491
114
805
344
391
639
422
39
443
698
431
235
464
515
675
736
287
87
304
925
668
642
670
500
139
314
666
678
977
722
510
468
189
315
812
580
306
587
971
750
637
754
337
101
269
13
190
909
452
846
834
472
489
857
972
980
171
639
658
500
713
168
968
902
835
133
835
142
720
158
244
709
913
581
162
182
946
352
443
751
551
278
223
40
135
196
20
658
187
679
158
900
199
478
155
387
963
990
529
683
148
125
744
413
58
907
948
357
259
391
108
810
21
683
202
508
231
575
518
418
606
676
671
805
507
826
192
470
168
73
506
668
550
250
82
609
157
30
966
769
773
426
931
795
109
486
655
693
61
174
111
667
850
134
824
709
312
369
180
480
794
38
149
345
640
583
306
798
965
624
919
738
402
202
885
863
688
541
556
101
715
668
768
917
154
945
979
467
666
511
299
812
549
800
509
189
383
815
339
700
791
610
791
193
813
676
57
853
569
613
955
636
633
75
554
788
20
885
607
38
396
906
851
945
707
360
486
442
528
826
143
319
436
934
513
601
962
570
455
884
183
410
520
169
837
426
957
210
311
916
248
707
822
451
4
881
812
843
324
340
669
819
11
457
105
524
411
67
446
866
303
982
628
824
151
465
602
460
675
914
376
276
973
550
727
330
432
891
173
108
583
194
927
595
3
32
471
414
451
918
632
755
900
260
579
403
78
181
863
105
447
591
381
773
141
109
103
925
352
628
33
936
822
960
531
825
992
2
592
444
272
224
199
172
837
130
575
915
663
790
20
463
733
754
236
875
215
691
152
567
671
186
503
493
146
386
670
491
389
262
287
661
839
838
186
676
968
113
943
983
256
315
446
989
69
34
216
284
77
369
204
748
555
59
241
53
446
264
896
187
878
183
200
717
373
738
745
341
852
688
677
460
4
475
449
73
510
666
710
587
387
266
336
942
325
929
347
123
545
244
310
424
779
863
493
153
601
239
846
805
927
523
265
931
999
715
357
861
733
419
448
120
685
136
414
10
418
761
134
963
357
796
739
137
659
233
290
261
824
136
66
751
12
332
35
11
399
392
872
484
811
672
956
496
809
722
858
579
835
344
542
193
141
634
330
152
867
972
765
691
108
832
794
472
516
181
483
267
573
707
103
736
732
59
584
893
781
795
472
616
139
366
161
632
0
491
137
867
815
902
910
276
86
57
748
954
238
584
221
164
291
676
252
23
735
837
268
868
632
740
485
123
107
998
108
107
490
245
327
657
147
589
933
234
998
682
540
237
618
114
753
909
790
5
285
526
842
553
746
826
646
583
302
753
582
410
212
424
655
539
81
154
481
367
740
479
49
281
716
667
395
469
928
185
827
565
63
669
471
810
848
117
393
150
222
327
912
434
751
919
326
833
73
807
200
814
286
601
95
355
620
490
176
900
27
3
818
91
25
289
901
225
758
646
375
332
974
639
766
77
558
92
910
983
251
462
797
538
415
244
893
35
86
69
288
114
425
106
205
450
747
458
675
857
456
402
189
782
41
307
860
951
752
122
934
3
585
84
893
352
328
786
740
415
208
28
881
633
486
86
435
585
896
110
794
704
864
335
487
257
642
699
208
746
821
494
750
758
578
643
111
907
782
851
674
342
231
555
975
717
993
762
654
241
872
448
945
88
783
784
345
777
483
905
524
657
399
626
415
978
621
526
237
403
729
911
745
960
818
72
677
811
834
683
52
58
131
349
146
266
134
491
44
969
396
920
626
796
546
42
126
167
920
363
923
650
626
668
610
444
93
640
607
927
323
659
986
807
360
484
73
846
976
469
816
724
389
442
872
935
836
998
103
109
713
378
759
691
46
721
135
491
713
742
419
389
753
757
196
114
593
621
960
569
91
128
646
480
923
518
768
111
869
223
220
934
601
979
626
647
53
113
491
766
208
910
155
313
19
703
779
612
325
92
534
768
220
532
248
143
50
16
607
271
239
827
558
840
159
184
840
212
649
683
330
857
593
486
171
964
541
950
928
866
42
462
986
615
346
235
110
397
603
717
20
195
545
930
387
56
114
579
268
116
262
950
325
207
436
848
523
330
799
452
548
193
266
535
160
613
122
271
362
725
340
734
272
885
665
660
941
131
591
561
247
206
512
573
413
300
421
937
630
572
741
531
118
359
66
278
972
188
901
686
265
242
421
538
479
86
550
773
569
493
334
817
699
198
742
113
851
515
402
833
440
495
364
558
854
430
188
827
970
442
865
236
36
286
126
515
724
676
288
294
169
975
463
221
525
205
334
376
72
88
210
512
583
926
422
789
357
611
968
327
405
834
915
441
120
41
956
845
69
597
491
591
924
954
812
449
511
498
178
583
586
740
96
521
666
518
662
23
481
631
703
886
465
970
679
937
12
636
782
81
585
625
672
509
579
836
310
90
334
488
674
272
580
122
145
247
640
808
622
474
439
325
360
904
648
40
193
660
28
328
93
965
953
118
826
533
954
488
975
641
329
1
913
909
123
59
156
116
867
779
590
658
456
302
914
104
694
107
116
74
435
210
391
389
680
217
274
986
706
601
627
35
603
541
944
78
952
453
546
171
232
488
829
40
791
743
145
837
202
613
264
638
175
655
379
855
225
653
194
931
606
821
318
561
714
614
640
666
67
538
189
651
27
18
692
170
113
189
359
316
802
623
306
978
631
685
833
856
690
27
139
296
201
457
858
267
423
850
286
491
388
475
494
767
494
186
289
959
375
649
275
530
272
933
508
903
618
693
111
308
73
250
957
274
707
167
541
483
17
827
326
757
303
820
525
149
7
814
460
734
815
736
264
88
21
124
343
640
818
455
300
891
57
609
517
117
776
410
600
793
238
926
551
893
746
428
394
105
594
854
192
410
942
808
850
964
933
545
956
103
352
608
346
410
218
863
527
994
273
127
788
863
405
691
108
151
471
854
609
65
709
801
827
3
961
677
319
894
575
275
349
927
884
695
337
454
558
216
448
184
695
588
399
100
279
508
604
102
362
213
168
423
366
347
427
327
377
98
574
952
374
923
879
610
619
569
64
529
785
864
713
833
453
113
285
732
973
889
835
687
454
355
111
820
702
890
500
79
988
426
383
714
349
263
676
320
184
92
850
321
957
915
154
410
380
440
142
353
681
329
41
136
36
504
308
91
394
160
170
734
586
554
801
936
169
477
608
353
570
458
674
527
726
181
289
106
621
783
812
302
113
205
790
501
709
451
592
455
611
115
541
198
21
342
486
190
172
94
895
94
905
569
973
983
750
262
89
723
45
253
378
510
458
520
12
519
971
604
326
935
719
220
133
740
562
971
282
86
417
177
180
674
747
153
657
849
415
99
925
461
352
655
971
163
175
335
34
147
940
713
82
659
933
567
752
847
890
34
934
659
212
114
334
311
620
991
512
35
442
437
848
795
92
172
310
620
507
696
767
799
409
201
459
342
120
563
190
362
597
124
21
809
590
707
120
210
699
985
598
493
422
798
288
867
322
950
487
182
647
606
981
56
159
792
751
631
355
941
993
953
417
366
114
7
74
587
570
125
572
520
618
994
318
259
213
993
561
700
175
208
658
508
617
817
301
368
448
8
309
793
313
726
512
428
85
938
15
7
415
587
527
385
933
198
644
147
543
206
199
718
766
858
578
383
675
231
751
476
240
412
621
553
490
485
981
928
423
996
935
190
935
815
576
869
365
572
16
908
778
215
978
897
73
556
280
101
788
384
929
380
796
902
933
287
388
267
215
163
615
502
354
551
669
282
420
34
854
788
294
985
3
624
882
429
533
514
882
673
898
163
53
47
65
986
686
805
605
253
321
221
755
27
772
777
309
192
811
163
332
458
500
335
82
382
116
615
249
350
288
147
513
341
546
931
680
232
88
637
837
409
858
945
788
630
722
449
174
533
965
506
343
465
194
426
848
662
393
449
13
682
948
878
375
495
809
407
79
250
45
917
659
903
862
800
886
584
249
60
469
214
919
813
680
113
239
880
775
984
329
140
666
277
19
394
772
828
801
204
78
198
121
90
454
335
242
692
919
491
752
388
706
23
553
738
488
144
970
616
129
299
756
147
928
775
541
53
956
695
257
386
893
378
828
699
65
70
391
984
914
496
724
972
519
278
62
360
774
32
976
903
331
732
51
259
860
944
312
168
639
921
906
885
651
87
584
716
509
328
700
423
824
777
747
695
407
809
55
181
841
383
437
172
468
488
784
328
784
448
848
424
370
754
661
21
841
597
738
351
925
790
126
101
567
874
149
974
683
556
156
525
940
945
49
408
785
833
88
569
282
288
345
652
42
6
25
236
604
763
939
881
554
417
983
473
291
132
448
327
688
956
204
980
901
253
388
686
87
828
607
721
116
953
725
511
959
750
99
915
866
390
797
772
807
132
245
451
616
693
778
656
1
982
637
254
587
377
292
26
558
900
747
674
853
472
185
164
575
636
80
441
26
877
213
834
361
458
637
977
504
767
633
857
101
622
464
688
0
756
715
910
656
462
584
509
287
122
26
214
758
106
7
137
335
220
323
696
30
960
25
886
727
658
96
828
633
560
516
985
316
583
895
973
398
831
834
37
953
860
251
64
318
258
201
653
830
524
701
860
836
726
99
563
737
195
743
370
107
259
355
423
843
602
748
593
433
935
630
387
147
881
803
466
491
356
471
321
880
173
533
68
899
632
631
636
179
374
358
286
985
65
62
180
667
162
773
453
97
403
192
245
636
995
63
127
351
534
448
583
59
982
651
959
966
634
947
498
360
658
136
345
723
198
878
743
361
651
548
810
407
740
407
43
87
470
523
790
357
971
373
416
305
376
727
624
362
27
474
722
685
610
419
760
161
649
855
874
653
403
684
60
143
444
455
230
914
330
20
623
302
745
40
959
473
119
935
187
146
409
261
831
20
681
944
533
682
799
407
335
555
443
747
698
887
203
281
154
533
653
777
187
751
169
499
224
641
434
764
787
196
25
971
216
58
915
101
741
66
508
76
621
303
824
672
191
379
953
697
264
958
826
804
709
348
303
286
989
89
50
776
285
75
747
853
134
14
954
875
81
814
303
54
118
127
726
661
858
679
358
475
990
184
279
699
532
934
985
873
375
387
650
661
463
749
866
949
764
173
824
197
987
127
251
105
607
978
118
817
9
476
292
999
13
923
51
897
857
388
771
233
776
421
246
239
522
464
188
286
637
364
835
625
843
87
82
802
417
201
620
426
29
264
778
42
188
829
292
397
217
63
630
993
836
228
584
358
693
124
997
330
840
184
307
36
623
390
838
40
943
810
467
324
427
597
367
615
426
11
12
995
74
995
989
262
575
925
972
268
402
321
951
242
506
258
278
129
0
469
522
295
279
341
620
706
938
339
673
364
350
38
711
776
33
52
390
960
978
362
229
732
36
532
974
894
142
605
23
495
74
897
790
705
238
762
764
176
101
437
892
803
475
604
931
860
656
321
173
986
684
402
718
720
286
45
966
428
650
989
923
76
239
66
781
477
180
545
654
282
335
898
437
162
502
369
23
511
690
548
849
726
950
568
798
588
613
764
368
615
106
292
691
345
710
824
822
890
722
828
524
57
727
962
219
581
683
594
92
373
142
942
100
444
862
250
32
827
15
401
442
121
45
485
466
107
661
640
997
383
469
874
792
196
188
12
777
871
958
222
596
453
164
48
897
378
299
282
205
314
35
999
787
432
484
605
539
497
245
888
881
714
114
673
262
302
37
392
173
348
614
770
801
130
818
50
508
469
332
713
783
719
712
922
503
548
527
42
45
773
283
278
839
749
952
454
52
341
846
577
689
812
699
490
942
870
893
802
339
225
515
475
297
579
397
800
127
925
195
524
50
830
803
241
579
107
695
631
448
893
561
490
705
260
332
999
130
225
801
822
803
668
297
100
599
46
252
726
971
447
603
373
277
406
615
857
513
662
840
313
556
401
155
613
14
840
965
496
65
766
318
220
787
967
672
386
14
925
465
337
724
68
711
354
826
326
563
691
340
403
356
896
157
512
862
171
352
827
19
769
945
338
990
732
305
14
471
671
939
288
9
16
356
720
370
182
398
933
225
738
688
581
987
197
93
201
720
797
28
740
567
325
78
909
410
735
923
881
407
215
169
768
583
877
488
953
411
238
238
636
328
278
217
315
476
663
868
196
460
248
936
379
574
366
288
984
454
564
217
213
779
738
981
714
615
469
667
378
707
257
14
387
535
583
55
11
246
923
208
59
172
496
438
746
215
727
82
669
643
299
882
774
37
863
488
4
684
155
382
743
412
396
130
299
331
185
311
578
109
871
989
633
719
427
379
934
506
813
603
149
112
837
923
149
700
411
505
384
566
887
127
330
635
258
630
966
795
293
896
256
164
885
889
235
313
620
170
819
433
125
321
545
963
244
46
663
656
551
400
574
790
879
257
425
489
887
744
285
532
992
541
48
878
431
283
543
403
453
714
837
931
35
734
894
632
133
909
288
36
309
862
827
541
119
252
30
358
348
315
890
341
209
938
571
992
574
114
395
379
180
232
310
568
319
204
200
452
466
488
488
127
702
315
668
174
920
699
532
268
366
775
961
575
65
532
567
639
998
315
19
179
899
681
99
218
238
299
670
704
139
159
183
841
826
852
15
98
903
900
367
269
675
680
197
740
213
116
732
211
431
103
742
331
784
193
901
374
492
572
78
983
83
262
825
261
466
192
360
369
444
79
990
119
759
187
212
972
304
296
536
87
399
630
770
535
824
672
910
668
596
340
652
31
954
829
292
420
373
652
141
818
731
132
289
843
319
501
167
975
797
703
63
548
686
833
84
510
505
346
530
101
38
182
484
993
11
777
765
385
429
907
555
513
391
844
356
710
346
523
38
495
579
101
396
617
934
832
479
792
178
9
245
216
192
730
561
555
507
327
292
288
586
847
153
977
44
861
39
742
737
77
237
668
530
985
285
465
817
764
609
347
125
206
916
669
936
829
225
795
508
869
436
94
69
941
423
113
803
815
855
892
892
444
560
423
782
197
240
599
313
201
299
438
407
567
108
696
396
685
491
905
554
279
351
975
221
775
440
24
590
295
268
834
92
828
609
874
377
201
825
690
402
124
128
162
43
588
858
440
273
701
345
180
981
696
507
202
823
948
578
765
595
846
600
687
26
561
913
403
763
739
445
517
215
925
679
259
514
889
51
139
591
396
319
572
444
827
774
620
127
704
385
722
550
985
762
928
547
675
683
662
766
128
531
334
405
211
945
919
452
996
59
43
744
730
615
540
909
741
160
36
445
546
759
995
883
873
275
782
548
958
444
667
438
328
1
844
891
946
763
343
294
174
387
38
905
2
578
166
96
91
203
541
637
314
889
872
187
164
655
735
475
451
754
913
779
755
757
670
53
873
14
347
47
401
737
304
755
668
471
203
759
674
745
748
340
634
620
527
150
275
614
625
727
369
539
858
476
648
529
530
521
895
229
569
296
967
225
403
635
696
607
746
722
704
494
414
690
466
941
840
742
908
818
821
277
357
31
105
5
560
635
879
455
865
800
103
184
25
859
819
74
818
917
148
522
763
563
564
229
856
404
323
764
574
144
393
931
528
499
289
88
486
168
896
351
968
999
535
345
210
706
419
28
975
920
902
738
483
466
968
691
223
291
456
797
788
201
81
316
700
722
756
187
890
652
890
210
4
778
555
214
836
975
595
812
895
849
902
730
668
222
421
243
514
229
40
654
783
473
322
483
195
430
22
437
83
265
647
439
395
203
5
231
530
952
395
777
802
650
507
470
872
280
65
738
862
105
744
645
931
66
480
478
497
855
916
932
120
563
371
515
766
728
98
648
681
846
425
835
496
284
657
368
565
722
459
779
179
203
424
110
270
904
589
119
759
505
51
231
420
774
98
187
854
197
835
535
43
613
722
891
897
379
611
814
101
70
593
281
274
369
391
896
626
332
367
385
189
770
969
610
896
67
149
750
616
336
638
659
949
360
902
847
740
514
13
841
936
607
474
562
976
218
810
954
550
177
340
740
947
661
350
843
728
499
946
345
835
584
356
137
944
611
336
36
477
349
230
413
956
704
328
285
922
138
239
473
668
931
565
615
944
267
811
673
118
757
370
953
341
78
442
637
689
778
674
166
128
904
932
436
960
260
73
883
750
313
708
418
596
273
386
541
540
197
566
658
954
288
963
647
366
758
284
408
536
310
574
664
566
858
101
527
470
174
762
221
839
470
991
788
95
377
681
635
926
599
645
880
887
960
879
605
718
516
13
255
178
940
271
745
798
724
624
621
251
386
194
90
208
185
230
303
915
911
290
841
510
287
74
749
599
305
355
318
821
368
925
0
660
548
97
459
273
721
432
524
459
626
966
19
163
549
322
78
812
964
272
323
251
346
424
850
651
779
520
825
500
797
825
160
346
274
971
971
347
403
847
806
29
813
177
193
714
851
623
527
815
895
850
418
593
626
620
245
406
493
70
906
290
247
66
988
521
390
959
868
793
806
26
823
972
203
368
686
406
991
213
221
887
415
991
480
42
611
77
448
104
499
706
747
98
124
735
619
514
695
839
308
501
217
483
473
772
851
160
178
194
373
751
433
141
742
266
183
706
343
983
162
195
41
909
293
165
645
265
32
692
104
692
545
674
175
19
446
378
531
625
924
256
376
358
397
471
976
932
177
319
915
691
866
956
601
160
474
598
777
506
290
233
550
835
907
725
206
354
455
89
979
731
346
707
441
95
178
417
28
707
89
295
399
955
252
352
467
78
302
244
584
944
478
134
131
737
211
690
91
18
779
422
101
477
482
543
573
12
960
953
720
49
248
471
5
852
175
824
930
477
69
866
773
899
352
904
636
915
594
80
285
726
502
387
203
336
930
776
349
242
81
421
292
682
244
649
534
419
473
817
248
894
35
21
793
740
277
782
655
224
862
293
950
716
680
153
53
962
282
402
204
363
175
848
45
419
497
932
838
323
101
438
217
136
459
363
876
88
145
884
312
7
177
262
75
857
416
480
171
698
234
375
413
409
576
811
828
425
743
18
748
844
456
318
332
267
681
209
356
178
93
668
537
270
283
612
479
699
93
650
749
327
377
514
737
953
325
917
731
68
936
831
264
392
149
597
660
182
158
368
360
251
388
897
873
671
510
352
722
955
354
823
634
731
338
371
37
663
289
768
84
577
951
348
969
101
297
981
635
455
349
996
58
738
893
931
761
755
635
484
62
989
307
697
73
645
420
110
309
61
230
393
638
181
93
608
634
391
941
270
198
291
266
257
381
511
188
142
619
824
626
681
165
286
730
238
931
151
348
592
212
930
337
203
464
783
163
98
174
104
720
724
395
338
981
128
202
170
271
821
346
249
854
511
535
585
750
819
88
450
411
300
733
101
855
197
884
18
647
410
123
368
134
870
58
116
999
260
638
622
433
336
871
288
199
407
225
301
226
313
104
989
965
837
442
821
386
678
191
33
88
314
753
575
537
812
43
888
424
33
510
858
369
381
498
568
140
723
222
366
388
326
708
353
163
150
526
549
181
718
934
621
384
40
196
273
852
591
161
628
976
671
486
345
405
336
266
545
59
488
264
447
166
324
153
329
474
31
230
7
749
164
629
486
204
825
759
408
769
273
389
745
296
227
443
701
564
61
599
975
901
863
775
67
187
928
396
13
959
978
21
61
494
650
899
51
827
10
811
948
283
200
694
580
428
489
633
344
550
232
319
451
447
94
518
986
374
266
352
686
596
373
747
90
375
998
141
554
8
953
503
292
153
549
224
933
38
857
277
588
442
597
391
889
43
261
228
418
879
580
104
475
305
203
565
680
201
59
586
209
12
89
853
517
990
77
451
28
287
80
968
729
29
359
970
73
972
198
491
851
778
947
326
83
150
244
115
703
303
54
264
667
143
118
184
486
547
987
514
834
420
835
563
449
546
886
522
519
84
13
370
215
312
49
650
462
645
118
165
948
172
782
967
667
900
503
153
447
491
668
282
911
855
197
360
401
83
235
920
520
600
643
735
913
44
385
727
689
855
245
989
27
27
956
695
927
459
848
726
302
868
360
565
723
558
278
125
993
513
397
513
113
40
600
26
436
986
754
477
841
999
466
221
26
774
916
305
586
764
31
240
633
392
806
708
302
84
833
295
597
583
161
62
975
761
89
412
99
195
889
293
546
708
514
924
834
430
229
420
546
612
13
531
356
819
240
10
255
425
658
204
8
819
266
984
932
707
748
32
254
637
325
800
697
191
724
532
973
305
304
519
918
317
403
626
136
995
637
391
420
295
595
781
466
214
765
398
921
513
782
176
502
107
328
552
650
53
84
623
710
388
495
980
706
250
607
194
245
596
938
665
891
885
446
709
99
563
107
373
428
890
549
283
349
229
835
352
282
919
975
993
659
822
973
717
72
932
912
317
528
850
335
771
735
133
480
187
49
588
560
477
830
461
112
531
690
947
883
325
218
211
670
878
33
995
595
458
928
859
775
808
61
462
580
149
596
60
336
997
0
248
474
182
61
587
714
751
886
597
428
105
808
98
335
194
446
282
652
374
142
779
534
203
594
114
352
190
527
40
539
527
288
13
62
349
952
776
453
191
725
233
296
886
332
983
432
130
265
84
504
759
215
390
315
809
505
667
351
32
60
890
911
348
256
973
50
208
101
855
399
179
88
47
417
420
382
849
550
0
285
406
759
500
149
74
310
654
94
661
38
154
904
301
854
160
627
904
368
728
759
120
259
848
519
676
620
902
877
523
902
162
281
13
663
430
440
325
436
534
338
474
40
242
776
894
402
755
151
123
483
910
595
95
110
114
771
83
368
649
958
270
163
239
636
826
22
76
503
810
610
842
285
2
84
413
896
487
168
47
962
3
310
557
450
772
671
222
855
40
223
813
662
738
405
650
565
779
726
68
589
688
910
226
690
347
991
587
186
511
986
148
867
296
705
317
69
728
891
276
120
114
90
135
853
847
785
770
626
512
190
567
200
453
794
891
800
785
830
338
297
168
486
164
465
543
481
886
271
725
162
744
191
604
879
396
803
664
166
429
528
709
349
81
162
143
324
314
928
154
652
577
322
490
93
139
33
927
377
656
652
892
400
843
496
631
240
652
648
758
433
528
467
782
609
981
925
933
295
206
87
299
135
762
789
581
253
174
508
631
831
512
523
583
707
371
567
947
23
215
58
457
95
525
239
705
859
517
638
506
75
78
806
210
192
947
791
445
122
651
76
305
163
951
240
871
323
807
170
698
374
228
507
470
106
99
175
317
616
165
823
691
243
981
253
435
929
45
233
51
48
661
708
212
613
948
435
288
756
957
986
482
186
494
952
644
593
479
961
561
645
136
252
888
118
857
676
47
254
909
450
303
570
158
867
535
458
302
823
214
259
810
697
797
656
1
793
249
481
106
810
126
243
414
366
361
271
42
760
526
303
562
181
226
720
48
761
178
702
585
745
961
747
794
111
403
795
256
652
276
363
814
402
606
228
769
319
851
163
79
729
467
641
910
693
713
958
806
243
12
391
340
326
138
134
437
893
282
693
545
558
56
711
313
14
939
434
333
143
597
764
872
416
757
135
461
822
445
268
418
458
11
110
784
502
245
573
395
879
266
293
437
675
4
750
41
296
184
727
439
134
843
663
902
601
150
364
775
596
984
545
406
995
656
542
497
253
115
245
132
733
538
569
760
542
672
802
190
208
529
981
694
724
997
597
325
147
961
453
95
297
998
501
292
6
43
142
259
510
387
743
244
277
665
4
171
337
158
362
897
39
343
592
764
340
189
441
488
502
894
935
799
245
789
443
251
184
585
511
695
324
606
939
601
271
295
773
608
454
135
858
493
830
450
257
171
991
699
11
493
593
298
644
190
87
87
442
272
673
305
967
349
911
258
951
183
553
76
143
7
563
1
501
393
451
110
916
794
809
279
287
755
578
283
945
665
371
739
937
396
44
256
745
956
514
48
491
68
124
634
75
687
988
928
433
791
39
349
586
200
629
225
307
207
509
253
872
232
992
162
628
389
418
725
697
285
774
188
353
250
822
780
938
810
61
723
602
452
72
540
652
701
765
312
260
274
565
485
858
909
999
486
298
417
212
347
54
338
535
407
588
710
540
878
872
601
601
826
405
26
366
409
79
132
721
340
758
638
825
617
548
824
455
198
593
19
546
648
357
433
407
298
143
299
528
16
900
130
842
657
508
561
67
587
45
788
927
803
427
104
772
327
280
580
877
226
599
775
226
957
561
985
607
704
285
135
72
537
617
267
195
125
828
262
713
873
50
992
28
829
449
153
508
729
733
738
307
684
865
885
641
426
871
600
131
156
736
555
693
705
822
888
831
2
150
896
227
553
888
608
734
337
761
243
419
846
333
78
530
198
964
524
625
835
124
108
991
212
663
36
918
838
925
749
840
427
997
420
980
885
28
67
575
141
662
346
987
995
424
517
193
388
393
170
575
870
278
918
82
294
955
352
132
232
453
324
659
450
744
992
336
772
59
263
913
721
609
900
68
385
770
261
126
515
784
701
385
62
620
820
356
927
172
488
159
626
813
818
76
909
810
764
682
221
379
595
294
988
848
362
374
970
976
500
485
760
553
223
174
525
43
531
452
215
371
611
193
536
782
622
446
944
738
128
518
118
75
812
458
275
175
832
597
503
684
83
615
238
658
789
763
701
320
568
268
44
531
462
580
313
436
378
610
174
506
128
292
934
940
751
209
467
935
807
322
620
242
937
210
900
727
325
953
399
893
221
443
777
35
376
442
471
754
52
646
613
180
290
547
473
41
108
292
329
267
615
949
861
552
511
113
631
188
66
31
434
640
826
211
27
202
653
499
309
706
145
922
238
787
821
63
829
281
356
510
901
971
811
762
875
322
228
507
510
646
890
944
286
716
155
314
271
161
165
580
219
662
854
457
449
27
521
630
308
229
140
209
200
951
324
75
625
552
934
136
198
824
432
837
541
940
503
164
101
668
96
320
682
950
129
131
977
2
114
637
231
254
847
783
558
523
211
183
75
145
319
625
322
752
814
215
44
669
379
145
689
475
817
371
777
298
855
754
301
969
743
884
223
942
668
781
465
231
965
892
376
636
518
698
740
684
265
784
354
644
281
43
119
450
415
248
749
270
2
50
239
98
286
814
40
306
948
858
537
265
750
266
253
620
316
994
305
582
130
11
226
412
54
698
214
821
946
963
91
301
365
682
399
652
849
791
958
797
649
496
414
400
762
667
20
430
13
677
12
144
688
239
908
95
289
122
916
235
438
8
888
803
42
287
455
243
79
766
392
80
262
806
480
376
826
853
806
839
882
171
335
571
410
595
666
51
70
934
286
508
942
175
311
337
814
767
580
245
885
973
326
499
131
158
875
957
363
33
797
246
556
484
169
966
80
187
369
150
121
656
658
416
183
969
753
349
88
685
595
973
658
273
472
142
783
699
99
147
85
248
393
641
733
562
960
165
101
329
315
222
337
325
638
872
646
391
222
735
429
169
60
439
442
885
581
225
936
681
724
373
281
469
367
14
383
327
179
484
8
846
707
698
171
345
570
818
89
792
905
518
961
317
309
755
554
891
333
491
572
57
216
853
527
583
220
910
262
751
395
271
598
454
969
121
151
539
291
240
684
548
110
645
866
420
753
772
663
86
615
587
495
832
792
22
415
12
285
678
116
32
301
714
838
622
187
989
513
479
230
197
27
692
195
245
464
948
18
127
386
985
714
881
817
507
256
585
871
893
615
987
277
268
701
115
890
241
104
403
720
686
953
99
379
500
697
195
800
67
323
186
52
37
419
222
896
27
807
768
920
774
755
197
42
809
664
932
50
769
687
122
455
992
573
186
844
270
382
644
337
57
182
742
446
602
964
343
981
123
111
902
897
218
451
291
27
116
575
77
237
614
551
44
607
125
583
803
395
965
448
85
374
630
179
820
584
143
515
566
618
978
820
867
197
623
158
576
91
733
6
328
699
557
373
658
682
956
462
430
273
910
867
999
892
46
171
829
541
687
747
159
17
567
26
214
190
536
143
634
621
149
962
320
58
687
979
741
995
793
523
268
703
390
619
947
788
791
128
329
478
875
488
847
442
866
414
985
754
557
619
375
706
933
47
764
621
378
857
616
171
732
237
226
474
856
174
262
647
302
591
477
178
431
677
972
297
91
309
403
648
280
778
706
566
178
822
187
556
680
155
728
764
392
954
239
601
128
501
600
783
93
430
313
524
107
637
174
198
299
577
198
579
708
904
145
886
726
684
442
758
840
170
523
584
477
762
537
957
263
138
740
708
920
405
585
27
43
759
225
342
688
775
273
396
679
771
634
757
455
77
516
647
599
391
584
76
153
121
34
768
259
126
829
179
532
414
558
927
525
135
269
213
910
542
962
589
665
596
347
121
25
215
120
977
606
704
405
111
826
439
231
437
918
60
969
450
826
527
377
351
663
998
565
573
892
879
515
558
827
214
31
853
781
151
830
387
856
235
498
682
27
81
471
297
142
440
99
968
968
828
320
631
826
237
556
70
468
423
628
295
989
11
148
770
163
330
157
371
918
7
405
297
89
876
594
583
317
693
551
285
521
223
268
699
812
176
769
280
600
750
576
941
761
76
712
276
759
221
647
29
229
52
326
670
929
272
253
246
317
156
883
190
380
151
241
544
679
10
825
631
112
753
573
874
829
285
150
940
506
150
969
87
202
647
757
483
271
362
81
588
519
316
130
251
467
371
795
499
734
972
130
846
725
703
72
907
988
223
199
847
725
169
934
279
168
44
763
440
406
196
380
277
513
863
880
332
234
28
831
320
0
962
167
78
665
239
337
6
814
536
853
539
57
139
819
578
183
934
370
590
130
750
219
643
965
100
976
200
128
807
872
480
121
39
910
139
631
247
145
445
136
998
337
545
137
156
123
673
90
493
615
572
596
834
216
561
934
544
113
414
703
986
247
825
377
157
964
8
405
461
806
541
811
143
438
300
651
562
973
93
55
588
665
3
423
233
565
709
777
30
476
833
368
723
658
746
880
974
106
637
787
912
530
598
55
969
898
706
531
872
799
938
812
817
294
235
50
211
297
180
241
773
13
610
848
23
708
80
349
814
718
136
79
600
734
134
569
632
193
452
856
344
743
669
161
37
256
212
248
905
392
841
30
757
803
878
780
511
959
129
678
29
617
757
629
351
243
551
335
436
355
192
133
98
213
294
487
469
858
735
727
602
929
757
359
732
636
491
596
947
972
274
328
589
383
309
940
626
212
276
415
568
820
548
666
385
194
506
206
53
593
933
655
522
691
367
255
679
858
203
978
831
829
306
420
212
967
713
190
180
341
957
748
513
857
766
898
52
272
104
457
866
390
464
740
81
831
347
112
42
550
90
873
379
748
645
943
715
710
486
247
403
443
995
916
653
114
166
705
738
623
162
956
13
978
697
446
810
396
558
852
947
0
77
678
748
74
622
815
137
460
63
540
255
410
457
908
524
975
613
615
598
127
571
963
106
620
409
268
17
319
472
316
319
549
994
419
975
968
235
112
428
298
653
684
708
462
592
585
437
558
200
388
37
123
351
495
96
761
115
113
432
587
429
752
488
775
171
464
744
406
576
524
56
229
560
117
43
505
54
481
415
606
869
804
729
572
300
177
685
767
290
118
355
71
222
843
199
393
307
295
152
236
819
560
465
732
677
509
237
83
342
652
689
563
808
771
487
460
948
173
228
591
643
935
14
865
778
213
610
438
508
762
26
680
675
843
412
704
352
1
788
46
653
477
961
813
600
449
274
549
622
502
492
265
437
506
130
567
72
740
357
580
855
383
260
530
227
24
234
931
25
374
330
30
204
291
844
804
740
118
705
714
972
197
979
761
56
461
328
128
554
38
708
761
773
321
643
352
345
229
284
371
604
966
401
808
257
245
612
350
715
670
64
687
867
396
448
923
209
129
403
115
519
464
876
292
785
871
645
482
101
281
205
57
599
607
865
856
204
829
558
272
499
975
959
719
723
760
994
284
241
398
400
760
862
628
404
647
500
401
481
953
34
687
10
633
646
875
490
850
56
400
474
556
375
786
275
98
546
621
383
139
19
135
899
881
763
655
880
615
57
362
920
91
401
930
725
47
157
567
249
214
319
724
122
47
510
749
497
56
370
880
547
390
367
798
623
483
453
856
450
862
218
371
306
971
301
31
18
811
950
267
25
621
991
499
668
501
248
166
909
970
398
808
712
766
606
336
601
60
192
51
922
762
422
228
733
76
611
103
887
913
370
264
535
714
763
555
567
363
721
829
333
120
637
46
238
244
734
839
656
278
242
930
40
17
159
125
93
122
580
332
388
302
596
275
16
359
830
936
74
552
765
407
24
754
805
614
350
891
805
6
169
47
937
561
64
448
38
509
922
618
841
310
921
437
585
289
148
416
225
222
320
342
982
696
449
139
310
799
383
115
158
552
162
95
466
579
895
504
88
817
475
282
128
396
71
65
37
572
481
263
146
153
957
128
849
406
620
511
206
3
626
364
907
141
811
373
72
706
230
160
875
705
794
3
453
866
69
490
438
902
105
584
408
63
65
609
469
37
121
27
392
99
743
299
240
554
25
312
612
255
825
488
312
971
843
765
837
264
607
627
167
713
564
927
776
629
536
597
666
9
625
58
109
368
709
701
275
734
366
887
341
191
375
653
514
571
418
352
835
26
331
354
91
895
281
867
524
170
816
542
179
441
952
640
162
14
342
789
748
708
676
90
251
404
95
765
975
866
469
810
892
801
517
335
48
798
202
925
320
18
467
500
812
772
492
326
786
834
115
886
894
143
976
497
547
424
615
874
290
84
37
182
237
554
869
286
704
71
211
25
441
30
877
605
154
369
283
940
556
398
827
802
894
155
300
793
579
915
668
869
351
57
403
941
963
272
227
667
695
790
692
489
172
921
446
327
291
730
619
847
480
446
1
374
954
301
520
885
568
540
755
920
597
510
213
560
135
792
579
182
582
624
671
106
545
470
433
836
200
53
35
32
851
37
759
157
690
279
43
259
819
150
531
416
660
96
328
147
888
907
330
822
531
353
928
429
823
714
265
375
119
653
408
970
42
167
128
84
446
523
695
265
673
578
33
685
674
713
833
562
620
515
384
504
868
665
933
692
379
550
67
498
555
827
820
949
994
300
34
440
823
729
57
496
308
442
182
334
155
367
897
128
882
633
632
102
650
917
794
381
819
214
231
727
41
52
676
388
704
62
828
528
792
238
376
452
680
910
138
188
277
35
316
511
21
300
614
23
217
760
405
388
326
636
115
368
40
792
756
745
854
936
625
998
526
1
802
559
912
941
747
541
328
63
405
701
363
19
725
932
131
130
320
458
118
436
178
159
580
286
904
786
222
529
137
101
882
939
660
794
232
759
688
913
822
93
614
537
464
339
821
947
821
141
405
940
929
935
99
861
221
355
648
796
236
785
897
118
76
909
265
661
668
953
574
842
398
188
731
214
880
552
161
701
45
919
993
975
854
92
836
428
799
836
224
35
973
473
154
50
734
771
63
402
76
637
596
474
177
679
40
57
231
201
111
276
472
456
603
679
549
792
107
700
628
683
736
602
508
242
4
242
13
67
996
89
56
944
915
233
623
955
643
206
508
106
482
333
562
438
12
463
230
471
164
210
154
252
164
14
846
520
256
859
939
604
300
995
548
567
581
171
874
224
729
382
682
211
715
596
1
79
60
583
550
576
794
704
180
310
70
26
831
326
237
770
930
537
766
830
456
347
353
330
923
82
64
957
646
780
553
647
211
965
231
762
893
377
818
73
687
889
99
870
567
336
641
498
225
759
680
681
106
34
363
381
116
428
690
762
560
243
762
771
209
345
533
102
74
704
528
113
593
627
984
160
316
625
10
893
384
691
575
842
725
938
575
193
718
265
308
278
860
70
50
421
767
935
876
841
639
404
954
232
383
938
745
699
915
755
593
651
798
520
493
875
810
420
69
529
685
729
807
898
151
209
319
918
145
195
111
784
599
65
369
335
356
114
34
623
221
979
275
20
499
120
895
662
541
316
191
578
45
998
476
196
208
148
466
705
343
577
841
295
995
210
630
703
676
16
678
898
996
953
270
847
426
517
509
319
834
52
897
231
403
726
780
963
874
598
668
569
528
509
864
523
72
846
578
748
863
256
998
211
562
268
410
988
138
272
659
324
324
556
555
727
634
687
690
508
638
710
430
166
220
294
41
644
493
619
392
708
227
391
271
141
11
33
481
149
305
140
825
982
697
381
61
331
420
104
192
58
814
622
224
386
268
617
30
113
236
423
821
816
166
444
957
529
478
439
31
783
579
856
765
628
589
179
312
362
283
504
772
97
478
349
484
98
966
866
212
203
641
385
19
807
830
328
689
660
767
72
443
699
928
561
327
870
740
639
232
23
495
4
472
325
353
308
424
320
175
988
875
816
725
246
976
907
574
665
567
694
737
363
393
17
924
720
887
16
712
119
391
207
476
215
885
181
524
661
501
699
649
376
515
726
974
491
634
549
508
201
243
597
564
636
615
840
708
502
208
420
974
599
980
802
815
865
983
339
526
485
390
527
213
257
253
188
101
887
89
609
441
684
207
5
320
174
198
28
28
406
801
2
358
781
156
525
646
140
864
172
977
606
699
190
863
304
730
964
192
171
926
985
855
133
342
175
307
540
556
687
299
709
690
657
490
846
182
488
338
398
12
315
4
63
858
867
367
588
184
911
760
110
896
967
595
239
495
254
779
51
941
78
112
983
87
602
830
269
442
168
667
454
836
23
517
694
243
884
634
427
148
746
889
44
714
484
283
209
738
415
612
679
845
724
15
933
326
845
554
768
365
574
574
553
597
91
247
192
327
882
971
475
628
860
872
342
696
155
551
434
922
163
466
768
887
481
53
565
678
959
685
395
533
259
949
483
350
196
675
30
430
647
857
59
859
729
401
556
237
305
990
159
820
808
279
708
641
684
625
319
644
311
67
177
570
16
660
273
564
688
303
995
335
160
406
194
242
159
750
479
464
93
638
285
253
270
345
895
954
970
566
598
633
633
128
204
1
140
829
918
828
484
265
515
996
671
710
238
830
812
717
647
257
708
284
511
330
629
758
284
951
324
235
585
310
363
141
663
503
322
933
332
806
198
847
802
221
909
393
52
74
462
51
683
170
335
194
500
316
304
137
619
981
372
204
291
87
697
306
590
371
240
274
177
438
474
332
660
735
725
64
161
539
115
845
62
802
391
562
118
696
51
737
677
423
294
320
510
343
626
453
715
866
79
244
657
905
928
669
641
5
733
802
545
200
999
607
2
391
521
472
87
573
561
116
348
207
436
211
903
62
16
970
281
95
214
938
1
143
959
994
148
692
796
45
244
148
652
246
539
174
70
978
99
983
94
447
191
882
658
94
296
26
64
577
122
630
867
475
125
826
469
626
870
617
671
114
765
324
712
304
850
134
634
949
118
80
748
661
962
759
107
259
785
523
188
259
153
408
734
279
586
203
905
809
821
576
923
586
252
988
243
454
122
877
403
592
310
504
253
272
263
360
883
400
883
424
660
37
832
394
668
770
598
925
579
771
853
855
709
106
843
952
912
317
182
316
910
844
172
163
116
787
524
352
187
759
776
847
148
960
594
816
730
192
93
662
315
947
517
24
405
712
329
317
29
863
985
939
707
157
103
175
944
979
527
132
738
303
331
239
263
925
55
346
469
149
8
784
448
525
161
853
237
842
170
266
705
156
558
764
665
13
939
610
992
467
94
82
770
777
321
386
55
729
732
524
230
740
661
678
617
174
531
206
16
53
824
721
561
382
485
227
395
776
189
739
243
635
174
366
764
847
752
819
576
836
344
158
928
357
836
545
531
719
103
547
125
927
620
686
662
457
265
57
233
454
149
829
441
323
195
206
170
299
25
99
487
721
257
415
78
446
312
961
517
415
508
642
694
480
329
356
937
946
766
171
753
915
352
194
238
547
752
760
198
778
211
37
851
469
452
282
915
116
243
784
531
104
427
577
584
108
934
522
54
700
45
807
615
397
354
205
296
106
317
846
236
529
883
88
350
687
370
617
803
613
401
686
69
828
263
654
288
197
528
343
897
573
502
864
322
856
421
618
315
91
816
551
620
699
639
970
386
361
587
189
327
988
875
396
169
138
50
457
688
578
152
937
503
655
154
825
863
575
795
178
18
963
730
638
662
721
960
400
83
899
941
410
240
816
806
409
307
209
218
347
139
371
284
643
26
438
820
241
366
968
420
384
931
150
375
946
223
335
346
306
587
640
716
827
456
875
588
115
84
806
462
223
177
99
218
555
889
391
797
255
359
217
992
642
719
719
940
942
406
287
601
993
927
317
820
735
192
760
203
628
567
17
852
96
468
70
652
358
813
801
965
172
370
309
167
89
28
107
383
435
746
336
428
25
654
601
113
198
361
316
827
280
685
31
377
154
453
29
864
267
830
829
439
200
139
958
641
167
66
376
954
812
713
383
838
719
336
303
917
697
619
96
978
656
127
707
810
581
736
26
848
918
856
639
118
347
950
111
866
16
487
821
180
552
556
370
271
892
673
541
941
644
637
271
301
117
978
463
50
714
490
250
984
698
241
102
45
191
213
911
207
53
732
740
605
288
110
229
532
784
770
474
780
759
97
81
876
76
897
278
142
387
528
127
85
770
581
130
961
147
393
521
200
478
261
805
118
723
386
651
859
156
477
640
916
574
721
144
2
618
423
497
357
951
624
442
73
557
924
35
704
670
908
904
148
169
62
266
244
448
269
104
957
98
744
225
25
817
369
27
788
144
876
145
448
852
940
521
410
216
908
114
238
816
371
386
337
785
5
582
585
274
686
542
725
430
767
750
599
489
129
387
633
6
885
81
858
177
955
268
745
863
735
984
680
106
722
369
243
727
951
828
354
637
371
79
419
138
829
371
627
958
110
613
964
995
694
175
524
649
443
270
865
530
606
897
988
328
266
231
56
218
60
762
207
783
841
979
273
22
350
901
332
460
866
649
808
912
824
684
562
619
306
779
150
912
676
138
593
942
722
1
160
782
763
720
565
956
699
838
330
401
91
662
213
957
663
21
870
487
58
784
459
364
563
609
629
591
99
222
533
821
223
46
955
986
766
520
294
817
711
624
218
154
286
783
464
950
157
686
789
215
822
248
579
737
209
208
328
309
782
861
482
5
907
438
991
25
310
285
194
21
261
764
528
548
548
992
850
705
678
991
272
500
240
851
237
801
412
565
110
194
778
945
552
38
383
543
63
693
181
258
67
442
22
595
342
922
587
544
627
617
536
899
117
776
103
706
929
867
623
40
413
401
985
965
439
720
861
855
413
394
465
480
188
839
427
531
762
14
75
741
983
963
993
100
91
448
158
21
667
781
413
80
183
398
398
974
470
611
829
883
5
294
716
545
486
495
76
248
862
504
341
845
819
334
298
911
782
456
932
449
238
345
882
773
95
632
747
565
243
929
800
600
575
868
145
61
364
574
309
226
430
651
423
249
337
721
160
472
178
92
273
768
789
155
541
884
139
640
801
382
569
954
334
497
822
480
558
538
54
220
116
484
223
540
85
560
261
246
32
791
690
306
559
480
813
452
716
953
93
870
687
14
824
22
511
998
502
70
889
908
642
5
744
865
897
829
777
511
427
162
302
118
820
214
950
633
666
18
938
759
888
978
126
64
0
637
415
854
59
304
114
53
661
858
918
559
39
696
422
467
210
724
585
30
290
887
663
957
905
954
68
794
932
194
210
284
184
625
490
595
929
604
649
943
814
919
854
853
967
276
672
177
352
609
207
643
496
223
600
402
177
20
548
461
215
758
745
751
384
235
698
665
191
347
608
5
619
462
210
586
738
883
116
443
844
323
86
341
546
38
743
75
410
291
888
977
401
985
728
785
572
427
451
763
126
411
120
745
874
331
684
964
566
800
759
410
123
197
103
22
587
846
449
998
489
338
975
243
323
704
28
896
483
831
11
609
595
132
707
821
815
391
785
381
543
897
143
666
94
247
40
682
445
490
680
287
180
655
530
855
711
910
751
546
94
763
156
689
247
215
510
62
606
647
795
149
544
290
167
639
537
560
673
335
402
705
622
582
360
504
437
424
766
541
970
860
656
478
901
903
693
763
317
651
411
112
152
307
402
672
298
292
584
971
979
986
28
953
568
741
457
357
165
575
250
487
788
906
318
689
161
11
805
830
15
568
294
519
875
49
543
526
341
127
849
320
113
878
273
33
619
82
743
136
657
993
623
445
252
941
487
765
305
292
596
672
860
890
191
87
939
735
613
632
214
815
304
328
693
929
361
312
11
104
448
21
450
423
818
702
717
305
467
22
949
415
694
809
306
237
249
597
324
214
582
539
29
886
219
722
816
580
386
179
37
186
552
839
962
371
541
679
28
360
53
978
776
99
139
434
336
388
31
13
603
965
904
984
852
123
707
20
55
445
551
444
984
104
283
946
475
176
625
855
537
678
833
313
777
973
747
465
713
130
830
316
96
734
301
300
857
360
320
265
157
223
709
141
327
993
87
154
169
712
10
58
742
195
371
871
168
470
689
882
953
519
550
49
606
203
701
815
915
21
80
73
596
790
214
276
135
302
782
656
366
792
715
461
340
438
684
508
909
373
742
862
245
645
263
851
848
964
18
116
337
99
189
285
241
755
561
376
409
344
384
776
488
99
589
828
538
273
689
799
999
431
13
244
428
276
447
629
592
817
745
281
916
286
566
157
41
128
885
451
472
270
579
960
369
168
789
259
793
830
58
144
613
71
740
42
699
539
671
291
357
416
924
273
702
491
783
95
619
668
546
443
290
477
403
12
997
544
271
143
726
682
287
340
105
28
382
805
567
53
448
924
821
373
198
875
216
333
970
835
353
869
630
644
698
385
656
696
282
279
839
8
313
126
348
419
506
730
576
74
135
24
998
956
749
548
183
965
881
154
152
235
375
782
231
73
168
239
121
450
870
960
458
184
439
159
603
945
889
179
19
377
555
370
333
657
918
517
622
152
23
127
739
750
909
322
175
429
561
297
231
431
257
42
967
696
201
570
994
442
101
13
819
9
735
153
666
6
22
288
158
397
415
249
499
677
923
674
458
484
971
690
267
581
84
235
629
285
157
623
727
611
989
547
620
724
52
286
730
426
926
240
175
694
841
674
723
764
700
181
248
672
223
868
605
307
455
234
592
612
210
672
223
199
571
195
275
623
481
6
401
408
598
928
102
440
602
825
204
654
358
805
678
582
673
283
889
480
870
834
444
80
506
20
631
429
215
906
404
697
264
805
457
863
85
911
655
687
88
859
693
446
16
372
380
41
655
622
521
525
456
966
957
314
986
940
743
201
199
499
250
463
656
707
678
741
970
333
428
58
545
473
857
561
845
237
603
501
211
124
378
667
90
688
333
428
628
428
630
827
927
232
643
583
292
321
324
262
7
104
673
552
578
530
113
775
119
68
276
331
193
7
350
635
47
36
64
27
464
46
207
744
278
850
327
570
523
4
185
530
460
858
434
390
740
900
166
211
968
794
894
513
153
597
149
200
633
565
580
97
963
787
193
241
637
873
164
512
877
701
43
689
911
829
432
3
729
598
214
698
744
461
563
898
58
712
450
691
629
382
140
592
169
334
186
806
207
350
319
436
51
714
477
314
543
909
317
625
859
531
675
604
344
238
854
754
303
656
797
932
39
938
877
560
624
63
367
183
413
38
971
816
104
448
482
999
710
799
624
569
682
651
525
27
242
731
781
545
740
579
829
779
869
706
339
845
769
58
380
534
448
703
702
904
503
184
904
213
983
880
135
666
884
660
45
126
744
178
671
484
109
500
615
978
559
306
175
328
365
907
215
165
610
917
70
114
454
326
327
437
558
814
455
442
475
500
568
571
31
591
55
140
444
670
471
3
328
646
331
45
554
898
211
164
816
633
630
270
311
958
59
869
772
867
664
599
719
232
522
750
176
577
891
620
599
362
623
928
360
306
973
266
205
536
783
373
521
413
995
832
723
54
54
496
921
718
447
641
302
970
743
478
899
634
450
851
348
425
779
709
84
104
975
289
993
110
14
514
524
9
699
247
415
105
95
689
823
895
682
477
217
425
308
116
412
758
967
760
184
98
821
268
555
149
909
900
259
275
766
783
636
465
383
403
570
830
92
745
725
126
223
942
552
531
411
964
641
730
76
177
829
898
797
736
47
58
636
306
333
402
442
969
220
825
373
142
655
817
240
733
944
463
27
848
346
438
164
339
169
592
517
350
490
666
86
889
725
74
196
58
828
990
380
400
167
105
543
174
274
783
907
218
598
935
418
296
373
934
635
894
527
504
244
17
171
682
907
896
108
455
306
937
445
38
337
964
143
232
138
418
15
46
988
965
333
407
261
58
693
249
953
220
753
197
238
924
232
497
172
340
304
831
629
749
869
967
713
13
199
203
783
567
249
771
532
582
530
146
641
576
395
946
796
148
495
386
425
727
883
949
420
187
780
49
288
2
16
353
15
568
557
150
487
158
273
371
93
156
517
734
732
912
32
528
413
527
915
190
255
150
491
27
338
272
76
978
626
445
332
993
13
241
143
852
399
416
223
492
572
741
578
656
5
610
185
418
138
452
960
745
602
452
124
292
76
200
271
702
645
955
695
10
548
190
862
947
606
86
792
531
827
722
187
184
333
724
603
823
176
915
920
131
367
44
423
795
596
46
849
242
353
544
252
253
734
467
553
693
553
345
576
732
67
763
916
752
840
871
927
368
787
847
499
506
243
275
654
840
673
503
434
379
400
38
632
134
505
185
179
410
882
755
142
302
871
411
54
711
634
334
79
421
181
931
280
777
558
934
969
583
789
403
962
189
441
947
324
299
484
855
709
367
611
204
21
482
967
427
545
601
761
976
375
295
907
7
72
817
941
393
401
82
796
715
272
589
662
948
240
147
803
302
866
414
506
887
248
825
314
793
426
76
770
153
723
29
160
795
847
453
188
600
536
336
315
808
277
978
756
518
477
911
820
343
326
678
582
926
503
248
720
281
676
490
435
399
871
595
546
718
49
734
670
585
422
986
745
700
964
853
218
793
764
390
488
442
68
70
369
923
670
441
204
347
283
991
98
154
587
645
225
988
379
895
925
154
881
670
854
197
875
424
990
639
814
478
82
234
900
803
157
571
244
713
270
527
705
368
681
644
13
258
632
745
154
557
899
387
579
105
585
454
529
927
93
343
758
527
577
658
682
86
581
926
799
203
805
504
572
487
500
937
745
132
682
251
41
933
639
620
38
224
74
919
503
520
262
261
399
191
272
82
277
853
360
429
409
166
285
981
5
786
270
750
918
305
354
960
238
993
932
629
569
359
548
72
231
163
686
630
706
958
64
984
163
425
413
572
943
50
905
948
836
176
50
107
833
404
419
423
749
351
404
318
62
953
743
293
468
781
276
174
739
340
510
254
117
275
179
60
326
84
360
162
612
411
269
445
167
688
221
917
40
625
587
102
930
682
748
398
463
24
573
554
716
435
161
186
711
340
598
37
424
959
199
389
370
469
186
889
509
407
806
901
385
746
356
315
428
104
714
244
480
639
150
196
74
311
382
137
651
981
174
428
940
374
817
662
195
355
903
56
115
62
958
500
808
314
815
588
770
881
184
250
872
335
446
299
998
181
436
650
162
611
430
454
337
599
468
884
954
371
940
69
433
898
921
593
564
737
534
334
970
718
584
843
405
383
494
404
564
930
54
78
541
484
884
230
83
352
114
389
75
55
811
861
305
732
454
870
821
988
556
144
59
493
987
464
876
481
868
792
763
274
222
657
758
106
887
193
810
2
935
237
409
746
98
714
830
905
936
652
245
845
796
304
338
135
769
566
968
989
358
731
264
932
388
374
390
276
920
200
630
855
789
39
601
888
105
431
145
394
435
390
239
583
47
577
718
168
495
686
509
205
770
773
137
158
148
527
786
420
79
416
275
868
807
228
108
265
659
253
659
447
996
250
30
395
179
749
563
674
787
72
879
557
198
16
716
698
895
502
118
974
271
393
842
78
973
303
343
984
556
354
431
904
956
462
299
135
563
214
161
702
639
40
260
837
408
328
887
303
182
5
629
805
750
824
884
723
127
579
707
683
286
491
940
242
953
239
730
868
806
891
570
445
932
182
634
692
862
521
996
45
878
625
202
628
801
86
703
928
18
762
964
304
253
904
898
558
143
628
426
301
520
349
746
804
883
732
496
746
253
844
143
483
822
345
463
623
784
166
552
802
929
516
458
182
420
708
741
915
337
519
217
209
220
315
13
104
48
861
202
653
706
345
137
528
42
600
151
826
119
55
980
48
571
790
582
343
499
675
611
188
547
180
749
767
495
114
871
895
975
73
549
33
770
38
561
813
638
65
991
757
120
324
157
44
114
92
739
965
767
350
153
314
530
902
434
26
16
305
921
344
731
822
377
853
860
291
18
851
356
10
960
828
334
470
872
800
562
612
766
681
962
271
996
845
174
430
223
542
87
496
886
170
319
616
24
531
907
42
382
263
404
695
91
90
165
316
891
727
280
9
408
242
280
756
439
806
538
662
349
978
159
587
148
830
555
524
361
462
919
96
77
323
791
521
766
956
837
657
683
117
18
443
711
298
200
151
105
90
165
806
68
324
393
217
154
949
741
868
763
660
964
841
336
755
362
102
63
551
111
98
668
129
541
731
427
93
234
884
184
400
690
604
76
436
821
583
385
915
803
148
927
767
341
615
874
703
717
289
254
180
387
274
309
280
358
89
726
592
973
910
344
16
514
773
452
688
356
837
955
159
337
882
278
679
850
504
734
567
793
341
100
532
967
409
812
325
850
538
270
824
800
614
840
667
387
292
355
95
481
662
606
170
896
884
201
746
740
936
314
533
629
414
65
596
175
230
922
26
768
192
202
921
158
394
588
898
38
295
993
871
957
600
41
853
836
243
600
577
531
266
462
512
32
528
108
559
110
382
937
230
926
139
151
85
885
91
983
275
386
328
146
695
928
188
901
117
783
853
694
666
471
156
178
855
36
638
414
498
373
352
729
299
843
880
736
81
972
71
356
710
752
503
758
32
43
659
149
178
864
195
844
335
352
374
190
740
364
956
239
89
308
320
741
504
552
477
937
524
901
293
587
653
148
697
685
191
356
835
369
220
382
565
907
734
291
449
827
8
405
418
97
66
738
838
570
290
668
859
167
921
152
106
574
301
803
611
844
511
798
566
83
181
483
990
267
127
439
446
135
196
216
584
262
306
775
184
949
795
43
116
716
548
574
642
201
729
605
45
240
404
611
675
937
447
17
556
574
808
3
61
4
219
645
267
526
772
451
475
567
847
943
635
395
869
277
596
598
883
993
190
639
957
865
928
404
882
484
978
690
487
39
694
59
36
961
585
161
765
412
728
964
355
716
359
224
993
307
174
228
300
364
219
257
229
147
661
111
984
991
153
471
382
847
882
771
161
467
932
278
231
12
242
586
728
953
162
74
260
688
654
912
52
874
170
281
373
183
744
709
175
897
181
557
97
415
328
610
883
612
888
466
625
482
53
353
435
567
427
695
608
82
959
660
308
129
294
33
313
390
743
840
640
276
749
737
691
430
347
926
42
587
393
667
69
798
373
504
717
800
551
325
234
510
986
894
992
632
928
657
22
23
497
662
299
246
751
342
676
450
269
71
389
14
738
458
812
111
314
529
264
217
855
498
80
193
745
424
177
25
81
199
48
578
214
699
176
317
393
205
768
14
276
509
28
14
968
840
478
634
722
742
852
929
592
284
474
689
708
651
714
789
850
114
719
416
165
895
734
559
452
854
573
728
363
602
95
683
794
925
318
516
667
522
797
611
806
271
301
866
922
367
655
125
482
726
541
647
973
627
206
426
833
132
506
197
86
601
232
880
526
550
749
545
424
546
509
582
170
162
448
92
529
455
217
11
181
111
659
507
90
217
933
924
701
439
473
787
393
705
20
271
608
121
169
384
667
678
967
837
840
415
282
721
223
851
733
756
962
744
263
53
313
196
329
15
988
802
154
733
859
174
4
467
647
525
852
315
555
171
504
747
938
138
469
161
990
202
918
304
298
533
709
611
730
38
978
70
192
133
803
52
659
159
519
307
37
723
974
592
246
830
340
185
969
809
698
311
363
616
615
661
502
677
272
584
715
251
654
908
736
809
960
747
968
831
54
5
907
380
950
153
563
290
338
884
451
37
195
814
5
162
475
507
839
99
91
907
702
97
815
438
906
127
538
227
310
944
584
217
325
534
723
888
176
413
124
627
802
671
793
160
833
268
19
25
368
463
932
422
560
99
213
819
226
751
398
536
695
982
106
20
869
829
260
397
242
736
377
45
407
170
205
241
439
224
618
159
687
550
933
600
649
146
419
227
897
169
763
593
151
221
613
372
50
226
122
293
962
499
690
370
669
247
963
460
823
581
971
863
483
905
463
132
51
234
711
949
403
826
542
906
48
507
631
98
733
753
743
48
604
785
770
273
32
733
734
208
666
705
71
149
962
886
633
14
472
344
963
875
170
505
133
218
364
116
669
98
869
764
498
825
550
268
99
934
353
185
142
19
242
213
168
205
99
801
219
571
145
534
798
315
391
284
886
755
400
907
205
622
671
703
447
221
323
898
156
676
83
298
695
678
864
863
883
315
664
454
239
809
988
389
477
731
673
715
486
426
622
692
400
293
747
847
867
71
98
23
747
533
673
443
211
889
306
446
205
323
900
444
484
240
185
313
971
859
28
810
285
2
502
37
648
249
884
515
672
334
890
420
868
915
863
79
805
521
526
362
844
778
806
329
19
991
994
342
202
23
152
839
377
6
876
25
608
113
540
280
447
782
52
315
698
267
395
503
789
273
865
985
51
23
666
422
366
661
765
921
36
269
760
413
628
989
439
236
102
331
868
901
466
273
217
164
540
964
19
681
589
236
667
640
611
685
63
329
698
180
250
734
801
363
500
429
352
291
17
806
622
238
59
88
511
628
604
51
592
623
733
533
211
752
174
822
789
589
152
488
121
402
574
922
117
74
704
821
365
721
627
340
311
39
780
822
667
385
226
612
360
311
145
572
63
319
746
204
260
898
692
381
653
267
304
122
341
8
944
59
81
923
399
393
962
531
567
630
916
793
242
629
104
387
553
519
59
299
724
319
550
768
701
555
35
357
677
729
717
621
140
798
545
891
191
859
422
759
489
691
904
83
