587
323
840
973
868
748
531
781
64
181
938
503
497
921
784
860
890
892
223
951
401
483
63
528
286
972
207
636
961
5
563
901
328
403
874
196
152
758
978
568
939
268
423
437
190
207
297
80
99
873
384
852
356
447
380
994
772
587
630
733
592
193
634
273
949
861
469
453
971
799
373
910
68
796
347
258
4
997
690
455
870
426
308
578
874
40
572
646
628
554
731
572
100
718
197
401
931
19
854
902
818
227
812
238
375
512
848
379
861
539
187
83
317
847
661
191
887
585
189
867
491
921
792
591
991
989
344
922
8
198
176
827
777
988
65
153
852
914
884
713
805
423
796
122
270
809
666
158
746
855
377
238
128
169
181
471
159
526
745
167
76
921
346
206
262
764
711
114
30
947
180
187
371
976
309
641
138
327
151
884
535
529
474
15
698
8
487
209
886
232
729
314
154
75
520
416
191
231
882
221
179
62
408
902
39
70
543
529
749
47
413
284
928
240
300
626
248
787
188
134
371
917
448
525
344
321
293
536
904
176
109
435
238
518
337
629
940
233
158
689
280
924
974
208
164
626
186
764
413
726
250
136
995
50
662
340
371
307
228
276
483
337
63
74
207
401
703
147
986
214
837
618
138
163
178
654
789
716
770
554
443
20
690
438
70
704
130
442
12
358
70
847
696
485
921
903
886
625
403
224
191
592
842
681
755
372
687
896
89
457
450
884
477
492
322
547
549
453
341
561
163
763
408
211
249
682
115
487
659
870
712
850
462
906
531
217
279
218
465
368
675
915
252
504
759
926
403
308
731
745
221
895
860
982
458
109
664
925
597
323
795
661
173
257
567
56
826
198
626
291
918
653
558
522
157
670
449
560
978
532
657
200
779
518
182
238
979
198
163
928
521
311
589
46
568
509
102
747
59
80
390
978
733
301
500
890
971
301
802
301
186
812
501
965
682
35
555
661
585
719
590
106
382
531
504
950
392
958
49
452
38
792
782
771
93
634
13
64
936
816
365
122
980
219
439
662
606
995
675
192
66
617
650
448
149
155
750
893
113
152
697
152
944
479
275
37
114
289
453
402
457
170
524
437
741
315
451
348
662
126
892
80
744
542
528
245
49
631
490
163
783
188
667
79
667
942
116
133
231
921
535
688
91
411
477
185
727
280
885
741
407
777
822
503
671
702
100
721
333
590
884
468
130
551
547
150
845
15
283
77
936
819
117
380
230
947
565
309
227
450
51
986
579
873
489
250
927
941
971
261
884
207
81
14
110
629
164
956
996
448
33
933
619
502
665
849
449
582
511
29
384
914
15
963
139
857
213
66
798
537
679
682
744
761
697
855
742
213
163
738
661
196
23
632
50
688
834
852
270
345
881
654
259
896
969
398
753
183
816
552
72
496
586
816
257
283
23
999
849
186
737
862
734
761
495
137
801
329
989
424
26
870
430
285
766
400
35
872
935
203
776
7
699
362
823
308
998
199
307
847
737
397
709
472
510
556
609
663
885
598
87
911
820
518
548
938
918
935
810
853
139
586
860
190
301
35
499
299
586
158
146
324
555
207
796
417
764
757
81
1
707
168
265
879
38
165
817
308
101
980
161
592
566
373
134
219
761
633
518
347
144
16
671
51
576
819
469
340
576
902
693
635
422
958
514
461
124
684
769
577
664
283
521
582
8
655
802
769
641
320
117
785
689
788
836
265
608
657
957
536
559
650
524
982
961
390
443
437
74
564
14
90
199
887
673
208
894
475
977
535
147
94
320
836
235
509
453
195
166
410
83
726
413
607
708
374
350
503
163
424
419
529
867
619
416
540
827
310
367
804
198
514
251
518
703
838
379
156
33
546
919
116
624
332
76
684
58
426
187
221
202
958
750
69
577
166
961
756
828
328
913
26
843
516
897
898
354
276
406
387
174
325
855
798
657
931
482
67
709
21
288
264
980
38
685
909
556
999
666
737
327
579
763
522
95
660
420
449
289
827
188
463
504
43
262
162
327
744
229
388
766
870
4
98
908
42
7
817
41
673
554
368
604
669
243
51
330
663
852
971
842
40
434
347
436
696
861
115
793
442
