756
824
529
353
996
643
831
92
442
398
602
362
385
825
772
857
472
642
87
477
514
59
633
468
483
844
859
206
441
185
957
549
9
838
902
5
482
86
449
276
836
404
990
222
581
762
79
406
404
518
883
270
930
868
739
765
713
598
971
154
135
280
56
496
471
310
853
305
396
655
933
585
59
923
807
640
685
238
46
441
108
282
712
38
150
803
803
863
753
127
370
889
759
778
737
230
88
591
887
837
246
820
422
657
743
581
649
780
171
48
574
279
330
286
670
832
89
825
696
194
304
418
83
64
196
821
646
636
764
886
473
362
706
895
19
802
828
668
934
999
716
508
279
398
794
301
231
235
478
279
430
783
697
865
199
245
38
845
881
802
83
355
164
790
602
183
944
431
204
878
430
272
387
61
671
533
714
902
121
193
181
903
976
230
768
175
827
159
372
708
961
456
415
478
598
370
13
542
801
217
772
583
490
159
645
513
45
359
415
166
904
948
421
880
530
189
407
357
700
132
65
662
588
833
492
538
203
505
432
4
75
204
587
917
716
584
430
113
296
197
279
200
497
700
433
27
241
840
384
942
972
801
956
912
634
800
802
837
305
234
193
732
791
133
649
859
69
431
972
365
628
603
918
477
655
351
504
248
543
888
190
868
42
498
132
676
298
935
514
956
169
59
688
312
192
338
171
262
121
495
979
750
98
897
579
753
600
84
2
144
324
544
12
366
395
496
43
45
431
909
1
953
320
690
265
513
380
789
127
501
636
106
603
735
4
183
840
956
619
194
100
943
91
464
662
838
961
57
883
392
318
885
697
638
927
315
151
659
104
630
160
92
737
116
179
93
299
20
49
918
566
150
213
9
966
227
847
279
284
731
24
602
968
721
241
247
36
744
906
492
375
418
585
464
534
764
557
833
136
606
103
55
108
669
64
427
896
264
706
533
995
730
487
315
804
728
914
840
825
820
685
552
238
622
16
773
738
925
958
227
531
414
282
992
435
346
771
683
610
477
216
957
560
56
624
364
784
538
556
961
710
593
865
949
215
881
74
306
806
384
533
690
150
815
34
585
513
805
621
476
634
189
785
194
245
410
558
382
300
467
695
11
60
561
960
628
794
386
934
601
122
467
643
273
634
29
210
147
834
831
975
468
373
761
663
618
523
573
352
823
392
48
186
453
609
498
433
403
884
367
356
7
186
351
632
820
380
842
319
566
26
647
35
751
408
50
369
283
975
74
458
368
122
645
173
83
143
606
838
28
973
547
387
511
898
19
331
631
213
2
197
239
649
584
342
409
986
712
692
314
138
151
682
260
148
207
695
291
813
885
671
138
432
58
649
683
429
332
666
643
686
215
234
336
800
577
97
138
641
142
452
779
645
486
391
793
693
438
84
506
323
756
996
756
166
645
791
596
329
457
591
16
672
177
704
824
106
801
963
747
943
767
878
588
254
621
381
299
411
818
806
735
926
802
843
92
800
634
40
129
91
631
145
115
161
201
940
267
3
255
367
298
22
245
239
628
219
620
928
630
790
734
717
716
888
560
809
40
546
201
170
989
833
667
105
994
869
397
613
224
652
980
522
674
578
761
655
797
734
583
779
876
669
497
593
909
409
754
950
308
955
472
297
140
491
754
486
712
151
100
936
803
80
811
830
658
924
485
807
10
420
939
887
89
788
832
998
197
586
948
857
893
772
155
34
264
261
872
976
413
972
265
568
405
76
750
415
352
587
575
363
7
514
602
448
302
434
447
851
372
747
709
265
520
216
651
784
477
524
112
242
848
377
163
605
805
265
373
510
853
948
873
212
814
827
661
468
261
460
319
633
207
380
250
727
596
902
863
426
778
976
20
978
705
183
936
863
449
661
373
654
961
598
218
775
425
231
243
686
691
914
671
899
295
273
978
891
527
842
669
657
170
690
636
875
225
924
90
26
585
463
32
546
61
251
673
486
482
916
524
174
830
547
425
477
821
403
721
348
597
390
6
767
432
994
995
658
270
85
684
207
549
69
105
962
320
778
449
154
46
325
680
228
225
105
706
46
861
427
746
458
817
104
226
250
450
573
260
720
658
296
927
207
365
384
170
37
514
971
192
560
648
224
789
873
682
847
271
543
274
370
353
443
474
931
693
925
504
305
997
163
602
277
722
319
661
244
357
176
567
901
88
568
125
229
793
159
76
417
54
350
787
408
794
613
339
839
890
196
497
888
359
99
517
433
770
530
30
127
58
597
28
147
165
506
376
959
17
805
376
72
155
515
480
301
128
171
493
371
719
990
611
430
441
128
864
211
658
894
339
717
843
719
216
9
577
944
320
595
749
48
667
257
915
499
910
395
22
403
766
742
745
377
172
186
505
388
398
516
282
89
585
126
808
801
487
386
97
159
333
199
559
0
456
474
851
718
869
873
474
988
967
219
365
140
406
223
880
804
739
163
245
676
641
53
829
480
791
926
991
124
125
550
476
933
376
679
652
245
553
126
585
872
697
951
364
103
526
245
259
617
760
504
293
753
910
122
233
53
400
224
530
526
126
6
811
502
686
815
99
591
293
685
815
991
636
180
94
162
425
706
779
185
210
424
938
472
546
523
526
946
99
56
824
225
414
988
727
452
803
826
395
97
511
211
440
499
391
534
661
168
592
792
705
803
216
995
627
114
870
153
413
969
209
589
194
976
577
921
428
381
99
824
830
611
387
270
462
130
804
476
298
397
268
355
552
837
350
179
303
220
685
716
189
246
306
735
222
883
8
3
616
107
179
446
70
566
716
533
696
873
9
346
622
629
701
526
818
403
57
122
623
742
190
164
989
848
899
211
84
907
566
700
366
745
499
437
311
215
322
359
440
683
705
62
312
406
588
483
809
646
957
784
388
147
948
729
348
199
293
784
458
859
484
177
605
335
966
916
551
288
628
343
971
333
406
635
92
346
118
901
992
427
38
733
575
338
814
275
890
107
59
348
967
895
877
924
231
843
192
134
483
820
477
806
154
883
442
246
582
912
499
574
340
537
659
267
876
474
894
766
933
953
466
900
848
344
176
431
187
369
565
23
189
395
829
343
630
271
941
212
536
441
139
228
330
798
495
206
624
741
324
558
694
143
810
894
487
987
678
26
356
243
49
897
990
879
593
621
502
534
833
390
975
972
618
306
123
465
864
747
206
541
657
252
684
820
147
523
807
177
549
515
772
951
412
763
182
5
384
36
892
569
427
867
894
45
525
369
863
742
468
69
283
126
322
967
946
821
490
105
998
391
620
770
694
384
885
876
742
269
913
634
191
340
853
437
737
731
806
600
473
274
22
108
400
344
75
698
517
917
803
867
660
775
637
355
512
523
231
606
144
496
592
687
188
445
124
926
528
930
878
353
205
900
461
957
596
888
8
113
805
811
980
466
939
970
821
451
845
404
409
341
253
1
29
441
446
505
719
327
788
950
680
993
850
142
302
799
30
310
912
836
474
245
654
413
567
827
216
764
583
625
105
836
626
486
278
424
344
349
103
132
299
784
477
502
926
779
301
308
442
213
496
268
810
150
33
729
329
249
493
913
226
951
749
204
789
379
980
133
729
84
265
28
868
94
530
146
226
831
454
668
397
951
288
559
453
321
289
783
922
134
696
500
437
445
704
227
825
36
712
906
120
330
934
340
424
817
486
650
0
941
670
397
244
958
309
697
631
950
480
553
84
528
53
522
326
109
101
151
146
165
409
266
495
343
607
272
512
445
274
513
738
297
262
982
607
923
32
239
873
864
144
958
393
198
832
719
307
285
222
805
450
631
72
298
326
31
922
191
476
548
704
567
845
318
549
453
242
581
44
115
446
188
425
191
738
609
262
398
894
836
203
697
467
627
995
145
10
269
336
839
817
392
406
663
711
307
468
305
889
864
772
687
52
550
230
143
159
492
541
54
328
96
751
147
76
98
292
86
367
981
277
184
373
683
199
436
991
19
93
232
883
218
271
288
768
501
431
927
345
324
333
673
420
436
172
848
886
816
935
253
797
212
790
523
248
341
311
591
361
405
823
244
975
94
532
743
947
315
670
292
639
356
317
412
792
489
260
679
657
547
284
807
760
426
682
360
768
993
951
481
750
774
77
725
220
962
468
167
277
491
459
917
199
128
329
343
969
941
374
626
489
659
433
601
437
467
961
557
461
912
38
563
38
116
289
610
78
109
129
707
952
940
624
503
68
305
847
37
247
221
663
736
880
449
337
670
916
650
227
729
914
618
293
952
734
934
914
164
395
43
871
700
983
848
203
51
505
50
440
752
272
103
840
504
904
529
526
173
179
754
902
93
372
195
397
458
481
311
974
229
706
197
929
689
45
132
92
551
535
532
655
159
988
496
15
892
25
542
65
557
648
320
650
20
515
400
830
349
711
804
578
770
353
507
459
399
991
904
302
526
436
309
37
424
805
53
669
183
595
734
740
243
54
742
615
922
142
797
623
206
953
201
976
306
60
787
57
403
691
359
282
128
21
319
904
826
372
573
361
319
660
453
914
714
548
881
988
690
678
611
248
631
164
224
938
576
364
995
980
55
707
262
535
728
933
440
906
658
365
620
977
25
73
244
92
621
125
80
664
804
44
912
787
208
489
725
137
205
73
117
260
132
731
148
212
664
588
470
322
305
90
652
331
516
248
423
489
373
503
153
529
899
418
317
460
259
394
597
464
819
714
724
951
797
224
515
461
164
338
136
470
428
788
801
296
36
224
786
761
79
291
291
331
709
960
791
968
354
388
784
174
102
509
477
899
85
993
712
250
331
848
720
111
988
873
408
376
449
546
490
880
837
133
211
899
93
2
219
447
390
4
973
844
865
451
95
950
796
808
200
479
8
272
942
349
145
350
725
946
248
215
827
438
348
38
337
793
41
556
593
783
560
566
628
425
369
723
376
517
883
928
996
892
201
939
241
698
641
318
645
890
886
472
680
586
862
17
380
255
925
973
39
486
891
19
263
261
742
991
778
978
920
127
222
473
66
815
171
59
133
168
301
371
992
981
958
855
350
690
110
276
663
501
762
906
520
377
519
615
369
650
593
289
777
815
114
195
630
637
254
115
806
908
487
798
889
797
5
240
487
468
868
502
969
982
408
490
359
928
105
728
578
698
369
707
865
483
902
847
121
508
314
279
416
153
429
658
950
435
250
789
903
118
291
224
100
52
714
811
332
819
540
262
869
261
969
86
97
223
285
218
731
600
849
500
753
278
158
56
65
408
845
320
878
489
545
330
893
259
141
225
431
33
487
652
647
456
739
744
31
376
314
762
976
163
262
82
793
772
490
859
180
687
531
410
176
76
740
421
688
234
646
471
267
485
123
914
293
214
10
324
591
324
87
919
487
701
353
281
474
843
492
6
531
23
417
59
100
509
481
140
743
479
611
363
965
734
629
258
301
640
583
244
964
670
163
804
723
517
437
197
712
929
204
243
952
973
655
404
482
488
544
578
967
155
293
932
242
922
191
895
914
774
139
231
796
302
35
519
171
824
717
884
753
273
479
57
246
486
462
80
974
358
10
942
866
303
874
108
578
417
3
492
191
142
75
339
796
462
859
320
286
928
556
391
553
35
449
151
874
911
231
848
621
594
142
487
897
17
595
475
786
950
320
978
444
395
669
241
210
528
561
496
808
469
888
361
856
689
512
730
952
96
579
573
690
721
61
587
90
8
415
229
959
735
559
403
482
228
996
44
109
909
893
917
378
133
279
235
822
143
965
774
239
896
699
929
970
760
869
412
769
284
641
80
371
200
835
205
429
832
250
890
93
143
807
824
628
438
59
450
582
376
576
821
625
275
751
947
36
972
359
157
256
353
589
627
905
424
184
686
608
434
576
702
929
384
878
557
822
937
359
404
665
935
578
642
211
681
589
599
653
949
756
909
654
345
888
559
121
72
246
730
859
822
784
140
206
662
698
381
951
409
785
968
345
363
611
556
396
200
507
49
501
263
958
155
960
198
67
433
623
313
515
834
487
651
974
694
665
24
427
616
434
564
937
779
280
548
687
676
100
194
726
954
809
36
461
121
587
528
554
210
193
422
44
681
73
18
727
739
395
154
707
829
718
644
608
350
544
647
27
997
841
753
951
2
141
412
123
728
293
29
938
486
451
334
519
525
705
598
616
100
752
323
929
823
968
889
173
512
536
552
861
729
657
812
731
799
577
206
527
870
587
818
708
39
152
580
916
857
178
532
309
283
855
238
458
175
479
631
40
367
536
901
96
193
714
179
992
643
737
872
865
325
690
925
364
194
505
632
404
36
516
713
319
371
304
777
899
783
760
939
151
296
192
599
490
258
779
834
901
516
706
766
841
396
692
557
591
549
189
347
585
57
60
904
429
364
33
680
500
794
971
651
442
163
250
284
422
381
119
675
898
825
794
91
574
838
1
517
387
542
864
325
600
924
581
381
641
615
61
141
761
32
144
203
547
394
488
321
128
959
997
378
784
791
469
358
981
822
875
720
365
739
45
965
16
627
346
657
594
759
150
355
143
294
910
690
40
750
12
168
709
361
546
494
504
368
204
485
190
432
205
555
523
251
520
539
230
218
548
176
329
698
883
472
992
793
163
33
896
527
553
605
888
100
451
392
468
8
877
658
440
434
566
315
37
438
207
267
657
755
795
986
806
678
459
150
824
974
535
720
501
89
325
389
189
129
781
9
137
10
19
577
444
585
244
482
24
451
101
33
559
897
371
717
927
182
867
751
156
403
471
9
844
149
398
33
278
531
394
415
893
413
344
338
999
588
172
375
392
625
408
951
522
779
668
450
962
887
553
470
642
25
480
486
174
230
871
452
762
265
867
7
679
563
697
30
151
869
405
895
495
813
846
369
944
866
171
906
754
725
729
396
102
209
883
276
439
754
80
553
372
299
913
51
862
610
81
365
832
838
261
679
3
459
48
947
326
572
206
80
649
935
828
751
496
63
27
287
818
459
841
542
758
754
593
972
716
26
337
548
216
598
227
219
58
628
166
736
552
372
168
201
659
996
952
155
60
331
443
230
790
636
772
900
742
717
872
458
95
209
359
311
160
586
530
570
566
48
306
118
773
474
319
784
822
623
940
234
954
735
816
96
723
588
996
817
657
220
275
104
782
634
415
942
573
297
864
491
698
170
610
471
996
281
255
170
905
547
405
211
634
221
660
357
162
8
526
171
229
802
276
11
788
43
305
713
341
169
205
39
339
167
862
687
448
469
857
705
17
614
269
3
836
929
713
350
937
239
521
518
393
797
881
182
841
186
247
534
355
452
925
46
971
787
733
420
608
943
477
625
557
746
981
745
27
694
95
317
933
617
835
327
766
717
861
607
903
108
493
611
913
418
657
884
557
743
656
166
38
134
143
947
232
476
693
612
170
788
929
456
757
764
135
524
833
348
483
89
808
977
700
721
747
709
958
305
804
614
823
842
100
318
790
685
795
483
297
317
623
226
773
381
342
260
257
528
608
740
617
417
717
669
490
465
730
448
122
535
415
945
377
867
615
519
904
410
354
201
728
978
779
853
711
474
114
968
354
722
708
323
491
778
992
334
243
722
782
717
609
549
14
339
769
629
858
673
40
213
875
120
543
6
973
254
832
439
222
186
514
282
509
5
60
501
339
303
576
474
372
537
375
386
876
144
16
735
818
408
300
45
528
843
51
853
97
884
293
671
70
807
953
580
164
14
433
856
669
361
330
42
899
57
428
127
202
796
862
20
556
514
417
84
357
468
290
806
704
935
477
127
742
783
59
258
149
844
114
818
206
796
212
457
854
641
584
408
789
799
780
346
313
197
782
23
17
72
181
722
359
11
201
101
794
260
712
943
104
826
761
662
975
326
471
181
967
408
589
108
207
369
454
872
918
589
895
935
13
77
9
373
440
210
826
234
822
538
529
927
717
642
941
692
968
765
225
287
173
814
396
380
535
202
604
453
791
852
388
805
929
398
178
721
960
4
955
783
895
484
62
612
126
355
656
95
120
881
382
293
47
130
25
934
333
630
739
476
482
127
281
763
877
459
484
190
816
439
973
711
275
35
675
753
390
331
200
863
564
935
156
963
65
182
897
750
164
636
227
646
115
508
761
345
320
245
535
488
36
860
551
663
247
226
416
989
909
617
852
473
552
361
436
969
895
685
720
59
321
947
57
436
807
818
133
479
415
668
967
451
880
518
466
127
744
882
117
653
851
969
478
755
682
266
725
577
951
797
636
272
96
45
61
903
863
194
735
278
215
702
81
95
221
547
223
317
782
692
323
633
13
153
741
696
420
466
273
371
615
262
996
711
307
57
966
523
603
701
153
818
756
587
266
329
134
841
646
268
885
321
902
898
475
643
946
247
461
220
618
428
834
966
139
493
375
457
16
979
511
522
149
267
109
767
596
595
608
242
864
493
916
766
744
743
761
690
990
574
262
960
2
96
927
493
942
302
950
958
281
461
832
783
728
941
550
676
537
511
919
401
356
187
519
100
930
632
143
920
558
405
232
560
854
159
405
796
462
355
106
95
169
939
230
249
232
781
926
121
644
197
522
0
736
393
453
666
377
596
938
935
353
170
495
207
330
900
3
144
608
462
591
129
753
822
730
985
955
656
107
599
205
981
951
941
727
404
959
104
352
897
40
706
68
887
913
750
140
269
246
100
83
837
229
836
11
959
173
966
968
280
917
525
614
221
467
341
977
426
445
330
676
837
388
744
77
301
846
217
922
92
669
357
929
250
193
941
561
367
259
529
999
529
407
613
750
874
306
727
652
752
409
328
941
797
424
18
451
622
587
725
714
256
83
996
506
628
289
68
995
548
949
347
429
356
312
179
582
619
259
587
723
20
267
664
818
44
35
621
666
622
346
381
879
429
729
737
58
18
157
405
566
459
104
996
815
417
527
750
36
138
689
111
159
956
775
977
352
810
598
19
785
296
752
16
78
481
753
136
499
263
893
417
722
350
765
889
767
645
639
155
783
680
266
294
989
393
623
341
556
573
712
341
870
816
357
948
297
462
436
148
725
681
918
799
31
35
689
798
680
680
305
816
361
571
110
350
965
86
691
521
659
756
214
529
572
571
477
222
385
265
370
463
947
640
262
978
676
951
129
708
632
434
524
993
6
987
695
323
73
386
196
732
142
410
614
67
333
443
289
718
709
11
181
656
652
444
986
328
395
115
388
379
550
913
724
908
252
419
231
677
806
779
761
300
189
375
719
522
819
8
592
880
20
774
888
672
218
874
352
965
990
740
697
540
5
421
448
609
841
31
638
999
810
400
651
351
127
371
225
946
379
817
178
751
591
66
775
161
941
479
479
931
572
176
823
929
597
623
539
438
654
529
789
816
929
441
519
57
164
744
355
895
561
534
647
505
600
422
666
893
254
145
824
826
321
999
755
271
622
646
61
628
176
851
796
105
644
315
514
808
59
870
703
973
756
702
478
708
477
144
602
731
642
778
557
315
778
664
586
400
311
0
381
487
203
177
944
847
493
459
7
904
681
62
877
437
765
355
145
242
852
99
973
494
878
882
161
8
546
748
760
857
100
141
696
303
319
993
502
164
804
509
68
485
923
298
274
688
5
771
930
857
871
255
703
101
489
865
109
36
965
869
245
65
11
942
720
682
935
222
846
739
83
266
576
6
564
850
695
922
621
977
779
844
585
483
945
74
700
406
462
665
276
708
730
639
2
802
321
289
24
519
380
459
137
956
817
54
158
864
976
131
842
755
976
779
590
273
205
290
680
668
955
308
728
37
947
730
839
620
19
215
139
399
26
276
707
844
330
217
708
306
348
902
414
676
33
4
302
239
647
334
259
954
642
987
992
941
69
183
561
440
751
52
191
129
680
898
973
363
115
34
21
815
936
787
492
970
792
146
561
791
480
172
745
122
511
89
415
580
625
328
20
728
380
563
857
412
813
831
775
280
217
149
95
153
936
939
475
80
85
36
871
565
560
969
39
71
58
806
651
35
134
23
763
514
938
621
279
751
804
406
31
21
555
127
526
844
418
2
924
504
390
148
421
951
469
813
374
527
619
378
563
754
401
678
620
340
299
251
443
455
658
475
476
565
954
355
409
372
357
686
228
99
186
2
402
655
167
777
534
786
155
449
892
908
128
865
600
779
116
44
235
126
871
63
692
825
418
101
549
775
139
130
227
325
484
629
980
651
758
867
789
265
316
34
174
444
899
126
576
367
522
811
494
393
874
538
570
293
639
472
420
131
954
647
456
438
629
789
441
739
656
230
5
324
616
531
769
515
657
697
235
180
508
81
925
382
619
496
27
610
968
448
741
922
447
198
712
428
339
153
520
995
735
525
319
352
408
440
219
65
137
454
597
997
887
523
732
506
371
759
469
691
559
210
613
359
760
677
787
99
182
659
446
917
184
118
269
944
910
841
362
400
647
959
397
535
834
481
393
205
241
862
896
152
73
861
511
185
890
651
637
72
310
435
990
847
553
611
791
816
452
153
216
452
465
965
987
299
447
380
857
688
243
753
192
668
967
704
205
857
707
842
930
17
278
272
216
183
235
8
999
40
513
215
492
978
533
479
278
980
211
135
20
806
240
212
826
207
268
32
417
975
226
699
345
856
971
561
40
206
569
391
598
83
959
90
413
492
921
691
472
133
178
492
939
419
56
766
978
325
150
395
300
376
94
645
233
417
559
625
976
480
16
574
563
975
665
329
819
586
20
291
71
551
135
363
970
192
129
300
517
631
48
169
7
494
167
592
912
726
217
240
206
586
814
122
561
831
451
381
770
823
24
841
374
160
204
696
704
685
997
573
316
45
742
676
891
261
620
155
987
838
395
546
776
210
668
337
393
119
70
163
294
447
357
669
959
913
365
663
951
362
588
619
759
682
295
3
944
268
158
283
106
554
829
882
116
497
571
509
968
994
25
263
793
734
284
752
647
649
767
950
364
355
570
475
37
217
478
333
485
637
617
591
191
446
825
659
296
749
520
616
95
545
231
888
631
515
640
631
517
759
581
881
114
151
708
503
369
187
837
854
824
454
798
367
252
975
26
900
76
546
517
171
444
100
411
75
616
51
58
485
810
640
366
276
791
74
780
512
613
969
719
789
423
517
156
27
844
534
928
921
81
797
444
877
897
856
304
513
259
363
998
422
3
716
698
146
143
830
11
756
799
730
898
574
599
54
954
443
589
882
716
22
679
513
251
576
721
555
442
980
918
792
754
273
861
805
772
356
635
783
464
787
513
362
713
464
417
667
907
358
549
976
732
580
489
983
509
562
890
303
542
809
95
297
434
308
102
206
664
89
989
129
228
854
491
942
318
260
609
578
970
511
906
702
443
747
37
952
309
928
255
851
89
703
500
875
11
954
82
28
396
423
157
624
630
0
918
300
613
528
878
583
391
784
638
186
883
27
139
192
955
746
396
396
801
248
272
165
555
706
193
951
129
702
927
111
702
846
412
667
726
290
603
117
427
593
303
662
620
794
855
928
893
603
324
694
851
948
859
406
654
52
709
136
754
637
247
809
483
659
828
209
302
431
678
81
24
333
743
645
128
598
925
373
553
249
67
405
198
279
163
204
683
873
340
790
510
588
951
345
599
779
554
901
211
584
982
587
917
78
584
397
676
509
770
582
111
190
339
309
469
502
865
504
727
206
294
589
146
245
934
745
25
840
999
588
776
333
175
694
411
112
443
440
621
566
22
732
756
361
393
577
863
259
81
943
817
728
532
963
973
819
60
998
11
59
938
788
393
466
482
804
578
277
244
199
843
618
284
599
979
677
528
195
288
962
138
105
690
22
420
663
841
481
14
205
892
952
993
285
770
827
442
348
104
38
900
948
657
184
899
988
213
428
183
502
742
673
959
432
696
732
447
889
213
461
94
105
766
439
743
536
266
537
237
371
575
137
671
584
673
922
573
886
702
756
740
444
782
700
876
478
432
324
719
997
137
166
454
255
605
549
144
872
86
381
595
14
870
618
598
543
540
171
429
243
280
170
687
62
222
916
892
6
592
963
355
729
129
809
337
87
711
481
311
797
862
258
163
732
876
762
275
768
285
56
363
917
578
403
331
152
319
575
158
263
539
513
992
668
675
329
107
386
162
418
535
24
676
699
108
552
813
735
673
98
144
36
368
722
439
699
875
110
275
385
373
166
899
718
186
926
399
294
664
562
712
199
938
389
898
399
293
63
486
966
162
630
355
882
705
146
581
580
257
208
965
982
374
216
52
561
494
452
855
158
366
919
710
656
308
960
407
602
24
894
920
538
876
627
420
581
774
353
513
383
914
831
717
288
399
770
201
894
574
408
404
292
328
114
948
988
75
708
590
451
602
863
989
478
490
409
412
616
114
925
999
28
756
717
669
156
839
870
402
413
631
806
705
959
273
5
947
700
713
890
151
667
105
140
498
947
549
910
564
15
187
563
44
296
632
713
804
471
935
206
236
566
364
293
877
637
299
177
337
364
419
840
384
524
980
882
471
881
144
387
897
683
303
941
979
935
6
783
759
941
341
995
508
706
289
737
695
940
914
385
656
333
225
40
209
558
274
33
439
770
420
336
454
723
629
785
11
635
921
122
929
262
469
437
320
110
526
368
50
441
105
59
774
330
451
336
888
78
369
680
848
789
368
654
865
998
440
228
985
361
350
914
975
819
703
296
930
230
16
332
671
121
743
797
803
195
485
44
273
854
724
473
996
92
128
213
442
920
441
428
281
143
694
608
314
398
256
596
980
272
281
3
393
24
800
549
571
638
593
196
492
669
670
840
761
150
53
204
70
846
984
703
989
678
311
656
428
568
252
408
840
885
411
586
910
564
135
833
202
80
382
46
749
52
887
862
554
940
66
624
787
402
327
128
433
638
784
861
206
389
622
399
274
33
985
536
949
472
370
503
552
752
550
653
156
437
515
62
729
934
686
516
336
365
997
121
355
781
983
914
170
957
313
445
990
650
333
292
474
703
795
26
807
697
679
315
134
546
729
216
480
767
732
817
132
729
938
840
863
273
754
385
230
419
830
573
69
164
217
543
219
364
921
379
62
952
46
548
498
776
764
331
895
849
148
28
930
438
220
793
64
974
179
646
393
361
571
814
877
788
709
449
153
630
180
567
934
226
115
784
354
880
115
602
729
615
630
11
406
202
805
470
176
336
468
921
697
40
735
575
180
796
376
685
426
556
252
712
134
368
496
841
600
612
443
681
227
425
692
633
627
497
455
803
833
924
76
883
316
163
810
496
959
186
534
737
742
786
449
876
506
945
69
106
909
512
787
137
937
832
122
564
681
930
719
515
854
795
750
522
958
560
370
269
746
904
6
840
43
455
68
549
753
138
656
662
2
795
151
940
627
274
856
309
556
576
176
762
723
278
284
34
838
6
303
936
911
310
776
954
117
196
503
870
334
511
533
337
659
36
629
286
662
485
947
218
413
475
980
489
753
264
523
943
271
178
879
534
488
7
840
606
204
695
828
890
207
713
579
866
750
208
504
412
46
804
631
459
631
611
300
737
228
823
680
851
354
912
737
842
271
577
800
475
272
981
718
831
694
297
49
444
506
906
209
552
62
840
363
693
803
664
782
383
839
463
234
193
727
971
388
998
900
540
826
525
521
544
356
216
193
758
12
699
664
221
603
726
413
319
771
569
983
554
952
822
369
539
368
96
862
756
446
763
296
624
640
170
520
996
386
714
754
750
765
770
324
369
496
89
40
268
658
23
174
963
197
543
854
565
991
68
673
437
183
322
414
823
492
934
820
230
0
926
980
766
697
656
487
545
746
527
165
756
902
339
71
99
882
277
17
873
346
690
663
529
12
77
353
504
363
525
734
364
451
67
130
500
723
969
46
821
496
563
930
398
903
1
849
137
279
866
363
977
909
26
506
921
455
211
778
818
736
864
534
540
283
16
40
359
985
438
180
833
2
110
231
257
464
433
394
95
299
757
72
560
135
930
834
942
142
612
113
878
828
647
770
112
664
811
823
1
601
3
835
603
466
66
860
282
851
607
377
151
364
801
711
852
731
897
794
873
509
907
104
690
907
874
154
571
37
977
924
639
332
759
594
798
178
807
432
29
414
809
532
130
962
244
334
694
493
129
919
3
388
375
45
295
250
199
218
287
528
143
278
860
902
225
11
432
32
443
462
798
605
994
928
567
590
263
613
84
744
533
439
484
908
484
780
510
35
350
150
563
845
780
423
100
5
434
532
37
230
994
187
835
989
116
402
931
731
368
15
827
253
454
311
513
938
443
24
325
794
526
888
991
306
664
91
312
450
976
701
680
322
889
867
311
5
270
243
88
990
610
915
243
65
578
756
355
22
780
681
168
306
921
159
965
585
603
277
388
579
978
68
901
867
936
565
224
558
160
664
548
770
931
143
187
510
899
543
532
32
224
700
690
145
211
655
83
814
932
471
745
263
891
647
482
827
564
707
737
724
723
637
846
655
780
34
165
32
929
49
416
153
749
106
650
312
762
733
127
46
556
872
661
448
871
144
627
435
851
717
511
926
354
710
581
487
96
98
871
25
147
287
530
248
393
180
561
507
266
688
906
822
912
567
622
784
711
250
571
914
967
435
841
673
145
774
160
241
873
383
266
372
670
796
621
416
328
534
923
594
222
181
769
486
749
391
622
812
641
194
79
960
629
272
634
126
46
146
367
919
530
985
292
200
133
265
968
813
799
892
408
373
425
529
859
526
920
834
339
914
28
418
226
9
42
860
135
88
359
854
360
889
191
4
441
676
269
410
489
68
654
249
793
431
778
4
958
51
838
297
317
218
67
543
227
109
756
714
549
467
920
909
708
111
913
149
139
182
911
629
602
917
878
747
349
9
752
307
60
590
956
729
809
375
272
388
836
380
103
385
847
23
295
555
487
208
57
626
743
320
255
697
590
486
445
291
495
549
950
907
139
906
636
300
281
260
689
117
641
144
854
840
519
149
748
6
710
157
985
805
829
592
854
419
78
651
710
925
200
660
832
692
918
820
992
551
81
33
20
74
529
875
914
49
24
14
407
86
171
392
891
1
337
746
772
767
397
835
693
950
495
877
642
766
698
986
317
131
372
338
205
901
565
471
302
941
486
710
28
9
454
271
362
791
369
135
559
767
970
604
69
817
481
711
935
531
49
253
662
421
943
219
675
860
691
977
801
529
687
181
538
494
453
253
285
822
388
196
941
710
800
362
879
634
73
815
517
475
420
532
896
363
751
571
223
442
901
376
971
940
558
862
434
363
115
72
537
855
268
479
565
421
193
796
407
267
611
276
742
31
808
990
746
560
914
321
354
815
698
326
107
256
540
542
971
655
614
508
510
234
339
427
7
533
223
414
800
187
691
894
218
851
236
317
411
150
638
118
317
336
796
425
944
336
319
915
991
933
424
853
519
763
632
527
296
855
941
448
394
984
694
613
836
283
282
599
433
920
717
103
609
513
880
553
201
199
821
544
484
245
397
3
360
29
530
9
237
824
457
631
160
504
596
348
787
878
300
572
151
369
27
760
235
907
313
436
458
134
981
294
731
730
650
92
112
532
101
701
708
910
684
869
766
281
569
553
511
869
478
662
239
505
422
474
765
736
262
575
222
595
870
954
326
872
398
790
404
851
491
113
113
175
982
880
808
551
785
672
773
263
334
12
121
757
838
238
845
452
813
419
48
35
373
726
907
123
516
664
974
359
777
88
886
111
320
47
14
105
719
787
721
53
151
194
162
341
432
7
794
597
779
842
985
152
920
892
628
436
908
602
147
685
42
33
148
714
432
163
172
151
302
893
205
806
439
719
147
223
79
293
820
858
135
157
362
55
402
990
843
310
593
990
996
987
376
144
702
808
659
874
960
962
119
517
120
558
588
267
133
667
561
305
525
48
463
888
456
865
878
299
175
823
642
523
811
370
20
865
530
679
739
842
993
858
359
113
768
300
733
901
967
294
206
493
694
669
733
150
534
963
802
62
787
796
585
950
166
605
815
696
285
554
539
630
764
250
96
884
550
829
785
870
123
343
715
169
365
448
320
899
411
474
313
550
270
899
500
788
504
667
836
141
573
727
772
337
330
868
221
880
49
358
102
524
702
817
693
67
617
365
318
381
839
632
931
461
883
784
249
387
451
86
881
377
165
5
714
495
225
288
728
274
998
830
798
700
0
843
119
617
209
790
998
400
774
282
862
657
418
463
396
221
901
277
598
67
282
665
562
859
953
290
133
951
121
283
4
121
127
475
90
336
617
441
88
391
723
950
400
141
414
797
714
667
426
313
734
709
978
297
920
283
939
54
234
412
689
590
885
816
418
976
504
35
417
593
779
492
895
179
985
661
976
699
329
403
12
415
464
342
712
384
625
4
790
212
416
480
802
302
648
572
630
505
608
47
450
387
891
345
566
876
359
895
927
688
650
292
103
114
634
168
850
260
524
993
472
940
473
626
594
473
199
224
330
159
271
780
546
162
478
464
390
837
711
318
877
361
610
332
475
244
852
678
856
376
671
328
317
496
307
911
969
506
136
300
665
759
432
563
274
910
379
664
99
91
334
976
452
296
661
280
541
513
958
749
242
629
78
559
125
737
822
446
243
310
98
260
422
531
823
696
793
202
712
245
645
47
573
98
343
234
730
236
100
688
986
342
669
416
901
146
153
75
592
748
738
43
8
160
926
183
856
71
737
920
316
383
319
890
833
663
124
563
251
224
251
589
566
272
357
819
418
862
247
362
610
985
405
970
145
331
153
353
403
891
273
71
274
593
961
107
608
86
670
211
662
273
801
581
545
510
752
315
373
999
677
983
984
83
306
481
766
459
834
521
350
460
593
976
405
906
83
13
344
105
224
7
730
377
940
275
888
692
590
613
44
620
948
28
703
254
862
821
714
48
695
416
508
288
393
913
194
828
278
891
934
855
898
664
232
190
292
472
882
234
437
926
854
386
307
909
640
521
83
706
569
778
123
430
66
516
695
612
344
974
503
630
829
753
647
413
295
291
238
178
525
675
456
732
413
115
993
54
636
76
112
558
854
235
988
272
103
683
237
800
9
92
430
190
198
77
956
493
368
194
23
246
221
480
330
635
947
323
41
584
752
153
142
606
389
482
231
844
517
468
644
527
912
75
69
110
504
25
604
225
571
979
823
145
811
153
780
759
828
173
343
580
326
837
539
67
319
770
912
836
590
908
715
502
983
785
965
840
162
921
417
734
900
240
879
712
745
11
471
925
184
166
506
862
3
397
930
674
167
194
862
109
102
930
611
438
715
928
278
229
849
695
315
750
287
546
814
384
557
285
309
93
451
167
956
806
564
886
832
731
80
694
192
534
624
156
972
691
84
250
921
934
297
588
36
936
135
850
320
692
135
982
138
938
149
94
744
714
332
928
797
764
622
990
298
599
146
271
290
230
873
563
516
523
152
552
459
287
402
132
331
537
114
469
827
263
915
923
977
247
851
775
11
474
117
310
73
615
933
715
845
806
279
362
329
783
266
141
70
669
273
753
558
387
223
386
650
138
661
980
738
513
107
749
339
224
411
764
839
344
479
36
503
110
750
184
893
17
325
315
38
598
69
596
337
292
334
340
782
996
320
520
861
779
622
200
355
385
316
546
82
795
582
585
258
685
769
503
54
447
819
92
45
888
40
735
532
727
75
666
723
747
187
936
526
161
488
881
546
804
779
628
951
361
565
209
398
335
713
452
782
884
896
179
772
937
266
304
664
341
970
739
88
509
675
966
22
163
199
569
319
978
549
270
692
115
832
90
802
897
895
936
781
791
467
553
728
734
209
392
75
531
483
516
393
158
834
415
673
34
336
344
364
886
615
408
353
799
499
155
696
394
91
829
537
558
734
266
644
295
10
720
826
494
588
571
4
774
339
30
160
675
374
525
913
341
933
618
492
784
773
540
530
216
369
68
127
103
686
771
750
696
843
577
542
783
500
899
558
839
281
718
867
655
595
132
349
881
751
841
665
876
382
548
445
103
616
924
559
654
47
309
702
891
238
245
26
739
496
936
930
777
7
149
432
602
634
133
835
737
327
853
613
61
401
410
164
369
334
75
23
382
737
725
625
975
322
3
66
818
940
349
595
947
498
380
901
132
513
737
869
192
590
835
253
343
245
770
712
932
845
735
666
582
460
291
910
783
294
976
953
586
325
549
533
176
929
787
308
794
876
530
987
466
365
592
809
962
362
873
894
208
608
560
142
420
203
52
555
850
29
509
436
706
410
322
882
691
109
543
485
985
73
824
803
790
769
964
752
131
837
999
691
445
911
834
217
115
886
773
965
267
634
753
326
44
75
208
735
184
103
572
169
176
749
324
966
518
288
71
1
125
70
693
922
333
527
140
448
765
265
765
33
899
519
359
295
594
919
382
131
23
306
300
551
55
977
870
925
265
941
927
391
363
620
313
696
499
453
497
264
70
262
649
969
133
360
616
80
280
998
211
655
305
863
558
712
840
428
990
106
721
917
497
436
889
810
485
388
616
334
652
38
596
302
360
82
662
976
162
294
327
373
301
632
236
860
696
77
640
686
183
714
955
32
150
844
194
987
232
162
321
885
201
270
539
561
352
201
537
514
496
216
239
797
200
827
9
897
904
650
935
439
364
891
471
866
735
18
854
968
180
175
205
381
445
744
294
149
297
184
15
793
400
254
943
601
434
304
498
338
306
785
130
670
676
601
889
412
971
743
732
152
270
289
885
68
33
180
569
330
364
585
476
764
191
771
365
625
75
215
316
382
1
446
404
677
399
293
441
371
388
525
523
11
814
408
79
199
588
648
530
952
585
358
69
777
481
434
754
908
2
70
290
3
516
47
32
916
692
826
287
81
351
162
92
518
922
523
717
511
523
599
815
109
309
884
886
790
671
640
699
673
711
341
28
579
740
60
495
433
886
134
866
590
648
310
108
571
833
177
82
356
129
249
817
438
486
703
229
509
696
280
182
407
973
210
338
714
622
186
147
509
320
365
99
969
675
559
892
860
736
326
568
865
575
386
656
413
441
237
922
137
517
456
896
490
666
235
556
289
421
703
150
93
420
601
414
447
160
306
307
248
632
228
466
560
966
474
973
407
711
896
897
580
704
793
70
723
28
627
12
801
682
514
895
455
115
661
902
627
968
210
227
952
790
45
512
756
519
838
515
230
86
412
810
790
206
233
513
586
212
877
740
246
391
987
701
858
648
604
837
968
166
417
921
308
462
433
64
982
623
931
564
709
344
727
500
902
312
13
840
876
891
580
122
634
567
176
845
216
132
34
184
298
451
457
606
914
243
22
248
866
305
164
576
649
891
76
903
555
441
744
431
684
324
906
319
244
82
516
812
214
550
348
864
2
806
822
916
49
196
516
915
501
680
843
503
924
919
406
479
713
502
911
397
179
817
68
423
251
584
235
817
135
583
681
137
741
503
405
790
51
273
58
552
953
901
55
229
173
814
709
238
316
972
635
495
141
704
270
744
288
505
561
423
441
242
912
182
97
669
325
148
942
383
52
248
636
460
477
161
274
538
399
942
862
387
790
3
91
60
747
731
918
308
507
359
902
419
893
999
89
218
499
383
953
552
631
942
12
109
455
638
999
855
580
862
242
370
217
685
431
965
416
701
625
923
60
880
695
305
879
136
876
379
519
829
283
503
123
295
964
579
933
963
434
865
825
28
236
43
713
19
360
481
720
337
405
132
217
452
789
97
588
665
828
459
847
463
962
970
758
926
549
43
242
335
260
67
715
496
462
428
867
822
262
939
160
667
423
729
471
213
178
411
230
358
870
77
821
185
48
931
463
949
974
705
637
235
773
352
83
587
133
303
410
395
594
922
414
18
651
885
583
182
296
813
540
518
891
362
55
291
293
519
592
620
224
229
207
349
582
642
289
715
945
699
110
540
973
876
910
976
113
845
158
409
10
51
279
253
413
335
544
706
206
137
678
430
366
885
132
300
880
421
15
177
472
477
69
797
705
979
125
818
176
636
579
187
687
859
440
100
546
985
158
752
474
189
534
192
74
666
493
306
439
860
484
263
690
553
412
395
885
538
214
61
174
793
248
861
4
41
313
550
26
471
302
852
660
189
396
87
207
889
745
647
102
229
262
144
135
675
539
20
213
105
433
739
251
682
600
255
723
913
158
101
736
812
305
749
1
701
188
209
943
933
856
397
163
470
541
298
145
432
670
710
538
103
449
141
137
401
396
212
666
906
665
403
719
970
504
720
24
692
929
967
625
137
364
140
960
257
438
105
689
460
168
227
564
617
368
701
19
117
914
685
23
931
440
94
902
944
167
278
636
96
245
614
586
961
754
546
218
545
3
907
5
171
487
569
141
207
623
160
676
889
197
52
820
638
146
74
582
313
352
571
762
949
185
700
910
939
598
480
484
601
740
490
125
579
411
266
786
34
778
463
923
975
867
744
965
13
170
900
679
523
471
441
472
8
493
383
299
91
215
136
44
307
978
521
886
389
139
25
424
917
488
699
245
355
795
210
720
966
462
399
489
933
192
313
293
685
48
593
128
264
729
173
571
707
46
810
448
186
835
224
103
675
924
700
382
71
263
102
389
725
854
230
659
398
544
304
436
592
897
564
856
978
89
780
37
136
590
486
674
425
62
129
452
338
830
834
410
93
936
799
818
142
382
829
541
926
134
329
518
383
893
727
714
335
507
751
823
449
589
497
226
652
626
678
342
808
512
752
901
800
904
72
295
286
253
188
564
739
517
82
123
762
809
189
97
668
292
272
117
882
121
695
886
748
373
228
556
237
333
810
390
589
882
685
227
135
873
791
875
742
873
350
504
35
539
954
703
831
578
173
65
700
220
303
800
946
884
356
183
217
518
925
158
400
610
385
888
835
528
115
929
753
465
786
788
356
740
844
539
318
369
957
370
589
260
170
535
144
879
71
713
397
996
223
798
959
960
38
146
488
153
76
242
618
862
382
326
954
578
865
624
947
174
995
889
435
165
776
931
44
847
997
794
844
572
592
155
533
630
301
373
135
729
967
105
591
350
431
545
280
648
522
580
823
517
469
610
34
245
893
431
445
242
225
641
815
169
796
700
151
449
73
286
179
41
391
770
743
822
668
23
822
190
603
997
59
72
959
93
670
853
876
115
95
101
108
262
622
904
962
773
353
36
59
884
429
450
655
172
624
675
195
799
217
799
796
276
223
756
721
893
961
950
360
408
403
468
671
26
724
985
799
78
373
211
962
802
661
969
974
638
996
170
789
213
321
585
841
544
693
915
790
654
865
150
415
268
619
438
294
343
423
446
773
797
657
88
951
670
409
926
308
406
448
97
971
121
35
165
665
80
80
807
735
945
958
502
213
929
940
860
624
363
306
750
512
963
838
464
633
599
742
294
357
542
743
329
15
130
494
32
211
926
840
298
871
798
800
436
79
740
296
703
455
954
453
968
917
643
784
903
243
878
549
952
772
644
633
139
775
479
171
986
405
11
636
276
161
436
713
240
176
361
296
983
316
749
303
585
745
439
840
340
669
741
292
441
386
926
580
513
405
104
851
811
115
487
439
277
923
504
517
451
218
813
434
534
915
90
471
12
529
664
352
199
405
996
992
143
922
925
656
680
29
507
843
496
994
634
773
269
139
643
720
709
808
507
243
75
949
66
87
478
730
439
29
136
436
22
631
710
299
288
390
328
795
585
824
142
220
950
411
711
593
484
420
753
343
15
829
292
81
916
770
164
708
800
652
496
174
283
206
473
571
949
801
719
886
977
861
106
927
624
817
872
108
237
626
803
604
807
95
686
723
218
202
783
370
854
279
544
137
838
17
61
139
170
780
25
499
993
132
779
617
301
3
78
891
629
881
495
788
329
533
512
899
735
647
269
589
279
813
79
117
182
140
256
704
272
633
555
265
765
686
234
419
690
664
310
319
546
157
460
227
691
324
126
778
971
395
368
250
560
799
719
94
291
327
150
563
961
57
180
78
744
414
497
434
79
159
105
977
669
565
556
360
889
682
138
861
429
858
463
341
9
183
435
300
510
937
863
823
994
395
902
738
162
751
172
593
263
630
922
932
195
478
292
85
512
782
298
941
993
113
634
2
296
421
303
159
358
518
982
704
914
236
795
428
988
319
21
251
949
943
183
145
421
827
582
933
961
232
226
954
345
860
957
994
281
612
153
991
130
487
695
396
724
842
824
64
162
197
667
111
140
850
608
913
29
190
198
990
774
424
945
120
636
254
114
269
866
619
612
348
106
660
97
182
502
273
246
664
471
913
776
611
115
384
877
496
927
75
487
53
500
784
173
488
390
639
110
256
258
722
956
717
382
53
899
885
327
498
901
150
763
677
113
879
414
990
727
693
66
566
746
918
350
272
758
740
911
868
348
170
591
657
239
973
710
138
210
389
636
112
891
400
141
5
631
907
995
358
952
413
925
699
331
627
971
90
720
234
958
68
756
901
725
995
227
788
134
437
529
122
901
421
874
395
426
505
302
773
216
255
187
493
306
870
120
629
960
840
863
271
261
972
172
338
967
399
126
453
189
8
928
442
429
802
837
207
308
140
980
876
395
519
369
53
390
489
682
702
682
545
973
295
517
498
633
837
249
112
290
438
120
218
881
901
21
718
108
681
210
440
909
957
312
278
10
702
119
692
756
153
590
730
448
459
580
82
296
829
194
939
620
666
157
853
567
530
923
27
563
134
467
824
91
779
102
454
833
574
498
590
79
88
672
528
548
252
962
196
433
508
135
53
174
645
906
741
527
830
120
91
316
587
267
759
719
722
213
904
296
712
846
375
152
518
255
700
122
217
897
908
725
32
313
251
29
220
344
557
402
464
648
718
404
267
477
123
989
43
379
285
755
226
13
259
96
620
960
571
838
209
479
915
593
792
167
623
364
863
180
766
328
180
836
732
447
666
207
437
709
586
74
816
164
439
75
261
60
387
184
250
596
15
517
542
159
36
165
524
900
697
642
228
877
479
312
676
497
519
465
206
457
540
22
622
331
449
235
391
837
771
993
785
786
863
679
945
899
196
821
799
893
816
379
122
647
43
151
144
562
616
350
372
508
724
346
840
173
933
583
362
704
577
500
842
792
179
139
691
376
961
843
621
129
574
744
776
618
895
920
532
863
270
904
372
346
602
212
871
535
147
586
591
76
86
433
868
617
573
560
345
886
755
967
367
329
63
143
947
310
63
480
173
685
736
545
383
339
109
254
226
257
840
818
685
278
251
554
248
176
466
593
414
221
912
781
550
975
924
498
637
339
330
811
24
418
708
407
109
170
14
336
779
206
154
464
485
405
18
85
934
484
30
700
705
943
834
608
270
758
458
908
450
140
71
826
558
779
234
668
301
600
4
80
806
158
545
643
915
915
728
201
752
111
902
809
54
736
417
676
846
875
936
296
15
7
123
926
139
709
594
440
661
950
873
467
108
418
463
375
685
543
577
437
654
831
247
60
919
16
737
765
892
673
414
259
33
889
185
172
950
131
964
611
81
189
430
541
607
893
269
645
789
846
434
443
29
33
856
948
50
593
713
294
618
479
553
651
368
91
175
670
574
492
281
656
681
64
549
641
309
818
638
98
16
72
894
45
106
750
993
508
343
59
802
313
538
707
317
259
150
844
929
725
688
563
733
370
979
282
363
288
453
1
387
469
425
281
515
883
383
860
391
78
919
193
391
810
253
708
69
403
905
350
128
593
265
861
315
244
496
30
533
949
31
272
418
809
905
285
692
288
146
84
366
65
629
757
227
882
818
296
286
75
999
414
668
264
628
336
509
476
366
394
425
750
666
195
559
571
833
251
859
979
687
225
396
317
334
624
199
504
272
837
931
271
604
600
888
232
288
397
60
654
791
485
404
809
32
315
380
865
919
591
196
606
168
593
275
502
569
827
359
841
664
290
465
268
242
353
852
530
102
912
537
245
749
941
54
134
257
786
999
176
377
548
134
545
493
410
399
62
589
758
255
253
401
720
522
995
425
726
878
879
639
415
476
740
356
530
874
965
316
226
493
45
774
628
590
267
390
990
681
979
100
936
584
501
9
458
849
434
185
727
666
176
142
142
916
498
25
143
464
693
369
309
739
143
937
329
762
679
319
443
10
420
379
595
273
740
53
122
527
238
849
193
414
991
335
683
842
360
826
658
406
195
967
145
690
905
474
804
936
794
599
947
566
330
542
839
71
595
962
598
186
163
791
952
155
478
987
997
191
813
655
597
360
622
742
402
879
216
558
168
362
157
115
928
488
9
120
559
956
82
157
142
597
300
447
752
778
434
101
321
600
756
918
312
731
660
67
962
229
625
130
591
783
245
872
623
606
992
534
563
426
691
57
23
343
504
776
121
291
229
443
243
986
713
907
69
374
974
31
955
600
162
546
735
759
770
710
366
762
244
929
188
287
338
212
630
195
340
103
486
569
898
81
907
612
988
976
338
963
360
645
915
522
543
2
633
314
64
999
76
308
280
617
947
619
181
577
166
873
32
652
794
931
85
702
895
73
30
585
388
390
230
655
264
773
9
898
439
73
249
516
733
882
485
680
853
18
257
19
891
642
23
685
573
108
739
820
533
122
757
274
864
987
281
129
112
291
379
552
716
980
420
450
214
257
130
67
275
740
86
166
382
461
203
307
569
943
479
455
417
236
729
281
223
10
762
687
653
493
591
370
474
363
820
40
620
302
108
895
42
546
413
424
8
617
83
929
912
562
384
329
798
465
962
373
828
725
61
481
218
4
851
44
368
23
85
988
326
545
236
368
91
649
145
451
618
580
381
530
143
117
211
941
583
174
667
411
251
80
244
821
84
448
866
452
471
303
793
797
200
29
518
291
30
15
743
649
595
476
531
90
593
743
384
176
269
51
939
520
131
184
341
567
632
559
372
455
214
165
605
414
546
475
58
576
490
153
225
437
629
109
528
222
852
912
751
473
315
42
345
446
578
38
365
562
950
737
18
164
254
975
931
800
450
989
729
292
494
306
729
123
415
257
697
619
521
800
92
836
843
437
634
421
476
0
984
426
737
354
942
992
329
873
144
779
214
873
71
708
180
152
183
595
762
881
567
283
33
659
120
876
449
106
650
925
106
634
703
196
340
997
540
669
871
36
800
437
910
223
498
442
375
681
389
137
914
956
773
948
616
245
176
65
351
826
342
810
812
397
6
152
394
898
173
617
934
325
55
844
548
905
638
276
938
28
765
853
984
538
153
952
783
329
369
487
156
63
297
968
460
655
473
855
553
998
824
487
324
879
684
872
136
322
500
75
702
266
280
39
156
433
991
940
762
713
779
270
776
76
591
237
731
416
444
636
414
268
475
738
500
159
963
636
834
463
63
536
81
343
575
238
776
919
530
891
632
309
513
408
737
104
997
820
872
441
456
287
62
931
25
562
443
340
550
277
804
614
813
237
957
741
475
86
660
5
977
644
666
842
52
403
299
402
223
171
195
31
458
257
963
836
171
406
176
722
35
332
336
200
922
645
941
397
731
953
755
60
597
773
903
2
529
202
756
752
373
951
136
184
209
451
372
380
209
900
454
244
585
142
444
507
788
738
256
871
43
363
284
993
137
187
995
666
741
103
770
466
54
906
650
615
709
374
348
918
275
802
162
860
945
959
367
85
49
975
308
92
339
592
85
476
779
432
494
872
535
264
339
942
523
341
557
232
716
905
151
991
60
665
203
357
976
922
794
25
897
102
470
236
695
555
712
826
340
206
51
875
823
390
169
346
83
727
930
799
984
433
142
396
99
345
753
427
267
899
453
165
2
923
753
49
830
466
875
170
24
278
398
199
668
567
897
752
646
828
903
631
261
46
379
712
743
485
140
11
384
945
528
386
868
281
787
698
99
15
221
476
293
619
675
962
538
573
66
185
401
969
168
14
367
899
79
111
384
571
474
769
516
354
507
736
635
295
434
87
310
7
563
603
978
238
917
517
163
335
54
564
305
574
931
24
825
362
135
210
933
961
979
449
315
838
185
951
133
971
390
795
331
953
751
309
543
20
178
707
356
584
623
13
510
906
37
336
268
525
546
201
486
877
2
802
715
187
105
201
511
495
348
842
800
451
151
343
472
682
402
180
266
26
545
777
932
582
465
201
459
11
754
946
240
757
100
307
296
557
860
807
404
561
649
556
12
153
251
836
835
654
16
453
680
561
582
964
496
47
517
955
410
272
253
650
381
705
310
677
614
170
485
18
731
486
574
96
639
826
932
826
832
949
280
864
862
862
828
710
910
698
18
672
322
623
323
703
329
985
380
943
155
217
314
239
704
240
335
695
418
267
522
250
568
802
114
783
16
295
493
926
345
511
951
667
135
626
722
816
611
454
111
766
672
425
357
728
18
692
423
436
312
945
39
232
747
505
15
116
800
509
394
145
372
345
164
507
971
886
323
582
341
435
701
365
212
58
93
582
103
516
19
767
814
410
999
913
915
15
29
68
876
424
565
248
769
730
756
93
968
431
675
661
218
728
26
783
139
471
365
242
340
384
361
154
146
360
67
62
727
449
130
603
225
47
852
994
777
960
87
98
743
115
759
962
195
786
745
334
609
110
928
949
847
289
103
993
650
523
407
729
324
889
333
549
937
537
543
66
497
983
164
240
450
276
554
645
414
299
332
23
762
260
973
961
550
428
954
552
951
714
281
275
603
966
176
892
503
72
311
352
407
827
593
857
103
499
854
517
799
186
893
913
799
866
874
701
646
180
253
598
894
886
225
850
205
402
94
708
474
405
61
881
585
6
90
688
505
296
558
656
483
803
569
282
669
795
983
315
976
588
265
222
826
843
424
31
597
871
92
423
276
505
656
861
511
746
902
368
394
812
25
877
615
946
511
636
742
846
303
70
786
921
644
965
764
69
348
713
940
792
136
568
297
792
782
808
890
36
177
284
848
554
514
463
500
377
451
594
576
754
664
714
675
309
679
791
730
380
504
22
172
640
590
470
784
724
630
674
760
159
311
608
713
177
423
566
554
874
160
130
629
177
197
656
838
876
448
568
608
952
942
781
593
532
603
729
257
585
404
369
745
67
978
810
244
753
376
798
628
889
281
609
418
478
265
256
706
713
176
667
18
118
448
963
2
403
692
611
988
448
981
85
515
311
896
759
64
624
910
692
865
191
653
635
21
919
891
79
984
419
746
354
537
546
317
540
301
362
151
290
810
484
727
326
795
975
437
860
952
347
904
169
890
558
805
263
477
696
343
813
116
441
168
5
988
485
897
641
199
49
931
10
885
11
688
681
986
125
893
938
825
797
108
67
355
913
331
184
961
26
350
429
819
518
435
159
355
332
801
555
733
732
917
619
95
605
652
82
82
545
372
907
342
832
327
50
97
658
586
59
36
936
840
855
454
275
15
162
960
816
69
693
900
986
664
996
591
316
430
673
213
154
933
908
987
260
310
84
270
896
495
658
833
336
513
639
963
880
153
923
48
222
969
949
208
985
297
151
654
79
177
219
233
462
127
220
74
437
657
344
334
152
2
519
840
867
510
156
100
664
431
148
886
400
449
447
738
98
950
744
177
127
963
411
589
91
983
663
528
992
359
214
497
713
85
337
581
596
493
681
612
277
181
498
29
631
297
767
729
248
511
259
727
475
670
317
918
5
332
798
350
692
13
847
757
450
536
690
46
382
723
658
659
905
509
688
536
158
456
617
758
319
876
486
146
898
803
64
256
135
863
606
179
228
453
937
678
989
979
77
371
703
87
30
608
948
719
496
107
527
113
865
198
990
351
345
240
506
409
496
994
624
102
525
852
555
814
883
897
794
312
268
497
399
651
105
348
722
953
807
601
66
24
799
408
728
144
649
234
906
497
580
530
600
106
735
507
920
618
404
66
930
25
563
681
676
20
381
750
973
188
351
392
565
502
152
293
647
153
879
905
651
460
435
251
918
170
110
190
140
515
257
70
540
172
104
568
545
485
318
518
674
21
262
239
523
767
884
522
920
763
427
923
575
215
526
845
385
637
36
878
152
645
300
692
817
404
612
362
890
282
233
564
303
847
155
178
614
391
53
887
154
832
810
82
47
337
927
785
974
963
663
126
960
963
170
778
368
782
492
610
64
77
526
719
925
681
249
539
72
302
426
578
135
589
660
534
926
940
319
900
255
334
378
216
650
548
346
370
682
838
980
98
916
506
169
193
539
418
732
611
73
511
541
208
100
554
94
378
494
414
278
749
100
656
317
750
556
663
120
590
502
100
688
770
606
857
963
145
627
47
108
700
558
2
260
10
908
355
740
402
121
18
503
221
26
821
972
934
484
444
524
338
545
564
108
503
773
71
1
401
471
461
453
381
463
714
392
371
421
484
125
542
503
981
763
881
154
87
168
990
532
692
329
429
609
789
284
382
213
285
135
684
99
589
65
562
303
809
286
76
294
763
618
149
96
733
30
250
173
198
241
705
243
570
486
852
711
770
586
924
408
722
608
507
311
674
421
966
483
59
42
129
175
660
278
271
745
309
522
918
859
115
975
454
37
461
658
748
584
245
673
344
967
633
851
278
659
624
244
143
684
638
272
211
650
903
482
395
564
356
314
423
471
641
230
508
455
888
609
391
133
282
735
452
267
938
730
927
562
326
422
598
964
46
809
614
949
292
362
513
648
28
289
472
669
519
332
476
759
941
867
245
575
602
697
843
540
428
770
455
106
192
53
423
238
863
389
540
507
751
53
507
131
342
979
153
213
312
629
973
253
497
218
829
451
915
24
992
695
794
447
802
338
852
577
928
715
966
468
574
70
874
82
201
216
413
354
430
77
984
755
331
833
973
512
284
240
888
276
288
682
75
442
372
280
19
300
995
985
121
922
55
995
4
257
563
769
963
345
847
947
100
530
780
425
42
417
18
282
693
306
964
121
748
688
401
767
340
748
104
813
22
160
808
26
769
724
148
84
69
995
32
522
525
164
299
919
581
317
201
627
975
517
100
75
205
853
842
897
953
299
711
976
459
871
354
580
595
502
664
17
497
48
539
22
565
190
293
498
860
494
477
835
363
577
911
920
782
105
818
736
404
529
712
215
752
66
147
348
921
164
365
418
212
256
793
129
446
86
980
306
933
457
142
296
387
405
569
169
510
387
257
267
268
321
482
20
740
630
720
661
794
85
79
358
693
224
840
140
663
820
446
596
629
940
244
16
697
813
538
208
552
795
827
820
469
309
193
209
291
913
870
437
351
301
148
44
526
988
536
189
160
335
137
789
275
733
806
973
547
696
533
99
491
360
272
960
21
817
521
313
82
391
102
785
693
250
830
571
590
718
112
750
53
601
540
681
334
698
6
881
394
891
333
237
603
957
550
624
774
71
289
208
463
392
994
508
994
176
431
585
894
543
687
300
496
579
981
830
277
987
712
23
878
397
261
481
354
163
457
480
234
747
688
49
491
34
909
837
210
340
422
105
235
462
405
731
41
738
562
319
725
626
694
955
375
955
788
729
118
245
561
705
344
601
754
187
636
16
25
846
356
799
303
