99
534
234
57
539
793
784
118
477
759
102
776
165
810
221
668
866
184
554
924
712
105
453
932
720
795
662
917
886
258
850
337
144
436
394
683
230
530
154
707
641
256
835
806
418
56
475
636
593
381
913
657
487
366
590
559
513
252
829
751
862
679
89
6
116
835
42
698
366
196
405
7
804
240
814
223
648
641
859
241
22
124
899
861
490
489
773
355
93
954
107
955
985
196
313
453
31
355
151
749
551
908
109
356
148
275
931
149
916
142
742
290
267
993
504
109
834
277
465
927
583
572
234
568
120
900
22
503
255
173
605
159
82
714
515
582
989
798
83
905
940
826
547
207
819
51
317
654
680
134
933
263
58
520
832
178
420
206
33
27
379
638
186
813
352
53
396
341
851
479
598
144
657
498
351
477
549
20
483
582
506
768
845
564
640
29
94
412
235
128
440
967
118
978
780
471
384
528
164
235
8
115
731
17
613
435
846
514
455
329
96
962
450
294
878
442
675
973
855
263
453
647
230
571
625
10
42
361
539
559
597
899
26
680
916
639
115
763
505
571
444
954
885
246
248
115
689
275
88
896
538
541
543
768
465
520
131
859
882
22
418
831
921
444
511
189
435
979
304
941
550
101
247
787
699
495
254
740
122
343
636
661
236
531
429
701
404
912
561
638
934
331
821
207
128
684
749
915
663
53
208
565
506
455
704
206
302
959
946
425
302
935
86
890
818
867
944
222
780
857
212
714
540
33
274
668
718
23
584
733
428
792
299
935
248
3
493
902
962
791
327
616
726
413
859
897
281
803
119
413
12
332
127
552
717
401
221
787
776
157
521
205
301
820
140
901
823
985
804
138
776
131
754
855
545
613
752
178
768
223
591
780
907
70
333
625
824
906
412
600
63
933
805
716
753
297
618
929
282
422
419
411
553
173
618
450
139
370
980
259
593
571
40
853
642
725
478
818
631
242
418
46
176
576
114
281
873
732
562
508
154
981
271
60
507
889
862
998
259
843
257
204
766
297
409
760
374
887
578
357
482
997
403
658
925
518
291
798
602
206
658
109
187
929
169
46
818
383
44
429
226
302
986
345
951
395
105
326
635
684
683
117
33
439
127
958
309
770
108
263
976
767
372
516
696
893
562
867
277
959
648
855
261
986
200
564
382
306
242
369
342
926
838
375
717
965
333
378
735
441
641
64
560
14
580
257
259
494
476
536
805
124
744
418
111
296
983
845
602
225
566
944
503
404
671
572
721
4
950
456
798
944
872
358
310
804
967
569
651
443
458
456
920
202
875
383
498
858
580
453
435
146
749
939
902
421
511
623
777
814
431
575
758
304
934
68
108
253
637
759
49
95
216
969
649
443
704
148
301
284
953
736
782
702
27
684
123
891
307
901
705
90
476
463
394
762
883
855
368
872
614
417
968
182
386
969
625
90
469
278
726
422
367
508
125
746
544
600
637
203
501
342
293
330
157
40
444
392
895
812
265
861
229
585
396
967
554
21
409
24
652
487
798
371
347
275
117
891
876
755
446
729
449
740
411
959
780
856
351
27
20
968
888
602
553
284
921
108
658
331
484
662
170
282
33
518
558
150
409
786
257
856
515
707
948
927
18
728
135
721
755
155
690
995
109
243
280
31
703
290
714
187
952
884
822
985
402
732
487
164
518
745
20
33
804
968
960
822
48
95
543
155
603
233
150
712
477
782
95
180
72
809
720
376
694
542
361
448
274
849
612
792
946
632
177
750
952
490
572
352
937
467
859
540
701
362
605
530
496
700
62
569
510
782
297
556
676
659
4
302
860
617
446
806
601
624
556
906
466
480
610
403
947
470
944
0
832
901
530
328
601
945
249
463
727
547
371
756
558
376
410
770
345
857
576
298
833
484
204
299
964
815
54
263
637
998
264
821
899
794
501
853
739
103
668
819
650
40
927
560
768
689
330
113
898
258
763
731
94
320
382
410
135
437
673
124
787
289
945
39
84
446
244
175
549
912
346
551
952
625
463
720
315
145
185
213
755
301
297
849
621
31
259
108
468
285
232
608
574
529
647
10
975
891
538
877
803
236
780
108
862
244
180
529
741
718
94
497
19
391
346
640
775
958
748
243
595
980
203
169
509
202
180
836
93
70
65
249
306
846
709
520
442
889
401
183
959
496
680
978
239
379
618
14
689
718
610
284
50
813
453
911
16
985
100
461
55
165
62
714
11
771
234
453
13
636
989
972
484
669
951
723
48
921
738
737
992
700
21
42
865
827
306
881
164
406
695
572
571
757
286
935
881
872
740
894
860
729
218
344
399
521
420
799
795
510
889
787
210
262
181
75
441
487
309
606
893
4
178
817
113
816
752
994
688
492
240
901
222
459
597
973
980
17
124
775
879
13
562
89
276
744
517
717
583
826
675
477
182
853
294
295
21
46
642
62
890
882
963
464
341
560
437
674
930
562
449
809
927
364
251
555
460
768
625
43
946
300
520
480
506
166
127
527
212
769
589
455
652
904
919
345
817
709
19
747
271
469
908
550
185
159
106
645
279
731
688
577
383
561
57
889
727
185
769
292
306
710
747
310
615
666
656
784
375
27
883
998
848
791
901
33
303
7
30
934
90
719
512
473
280
921
715
359
458
484
651
765
194
398
427
161
417
435
945
144
463
180
495
311
972
396
697
627
755
727
561
845
798
425
318
78
347
385
438
157
869
89
922
416
840
702
929
257
137
227
401
600
407
248
264
379
644
961
358
399
40
920
596
839
697
915
269
44
652
707
202
522
149
476
290
341
178
219
598
668
446
351
268
854
600
884
585
596
197
944
348
238
216
944
77
913
211
346
310
864
406
864
386
907
340
28
248
871
247
198
891
46
901
159
252
853
396
837
802
593
133
150
831
701
94
260
967
306
959
277
170
717
141
908
976
833
936
576
56
535
126
947
581
27
459
833
233
855
23
35
800
508
185
984
562
631
244
529
937
555
806
459
624
299
719
600
132
7
528
541
543
654
488
476
34
299
310
267
506
685
654
307
545
839
291
107
470
887
636
760
795
442
571
419
93
291
372
226
650
900
119
193
555
959
670
941
259
332
208
117
369
862
424
914
53
67
22
875
955
10
987
750
805
559
521
898
202
245
476
852
146
595
398
53
555
420
994
166
104
554
283
473
416
60
739
469
127
113
696
434
124
684
536
929
243
58
827
797
303
656
1
801
251
399
854
158
171
200
676
275
754
312
748
522
372
488
991
851
953
40
286
77
724
822
358
319
232
186
116
888
194
117
689
797
869
896
956
40
96
984
316
203
648
416
725
20
256
69
224
210
109
510
287
833
684
646
504
917
184
620
805
378
89
846
527
958
742
835
351
191
820
667
746
468
435
471
841
692
540
65
902
1
927
541
186
611
187
690
528
723
662
685
453
752
532
981
62
626
816
413
169
988
432
915
809
220
387
650
912
279
67
814
633
994
707
819
957
247
862
838
970
524
523
776
628
407
757
691
386
925
456
555
266
241
471
75
461
210
77
373
489
144
539
474
490
246
294
447
493
508
285
816
32
161
592
661
920
701
704
306
978
160
862
244
401
685
319
862
895
748
587
736
244
478
211
734
725
857
534
570
365
171
386
749
332
330
410
605
31
114
911
10
627
773
606
380
810
278
595
705
26
182
794
271
661
357
5
738
214
891
660
931
63
47
680
747
729
443
352
761
909
264
123
536
389
729
269
552
7
864
257
386
398
403
657
411
760
14
149
326
906
810
257
321
209
290
68
938
733
421
51
994
37
174
883
778
256
152
330
615
368
940
1
766
343
658
178
104
25
327
782
931
489
40
252
698
682
672
989
415
445
40
761
834
567
644
613
823
148
943
790
516
235
792
283
579
802
461
35
827
140
817
110
982
209
714
32
891
387
21
658
184
414
420
19
981
416
632
156
917
927
946
433
163
90
68
94
245
881
481
424
22
650
887
4
212
601
388
103
340
410
114
525
824
886
544
157
654
176
313
571
455
611
5
970
702
425
416
299
307
897
723
681
900
610
685
112
212
73
567
904
835
681
429
11
567
973
168
574
501
481
145
309
93
502
279
147
928
696
446
235
945
169
916
845
132
953
309
344
378
877
600
566
910
30
577
830
355
746
404
857
227
549
518
672
52
797
819
980
845
617
567
791
787
835
988
271
788
298
615
518
527
567
84
437
597
662
267
953
408
671
162
987
573
680
12
625
829
183
957
675
801
876
466
940
711
806
211
851
104
178
369
631
745
806
421
343
468
688
648
228
712
162
567
285
842
931
262
671
115
571
698
916
447
516
208
158
323
419
361
427
597
730
411
694
536
832
389
356
872
37
936
584
199
856
869
393
787
483
65
902
54
115
170
501
632
378
11
955
797
372
734
746
455
145
441
343
329
830
52
202
220
340
138
771
196
360
165
984
843
582
238
898
697
409
751
329
139
115
284
289
839
371
35
294
516
828
990
198
11
394
752
583
734
890
354
931
250
519
267
94
101
857
344
151
618
95
480
758
562
117
47
402
488
434
696
356
615
38
554
978
432
658
561
167
549
915
450
799
787
69
245
888
926
941
39
545
37
872
303
951
989
702
353
829
488
402
185
455
440
92
433
225
750
994
392
299
262
194
451
49
263
48
289
541
990
681
86
379
905
741
330
894
795
684
75
284
86
260
739
878
704
525
103
455
519
847
106
133
41
909
534
656
958
824
550
300
857
636
679
762
730
361
8
525
397
83
161
835
343
901
714
400
426
817
855
297
665
961
431
58
223
965
67
181
141
617
833
998
605
864
760
335
225
120
861
623
203
374
458
899
275
524
299
53
342
154
351
359
467
134
769
690
451
188
223
945
805
408
943
763
272
56
98
498
176
311
473
732
686
283
631
313
808
930
719
502
436
422
213
255
556
334
298
359
523
873
304
680
282
600
443
554
8
894
404
536
557
877
268
595
513
251
909
673
181
628
527
969
50
740
577
958
74
875
669
949
748
326
630
382
278
73
937
286
319
341
174
877
571
795
472
436
46
733
109
580
361
636
549
763
728
478
73
154
353
95
104
454
421
734
836
699
159
125
337
479
819
863
356
742
658
828
178
705
562
287
285
275
275
186
391
355
665
816
509
370
911
613
176
332
699
365
383
859
490
72
338
661
936
46
403
946
874
581
651
788
220
288
416
847
475
159
202
492
975
64
214
887
29
391
571
729
756
307
940
598
379
278
260
667
676
15
614
550
597
617
691
169
906
459
17
733
618
571
577
593
987
791
832
17
534
404
98
642
711
38
241
442
668
853
462
344
868
428
246
817
45
937
987
303
748
356
388
366
279
965
960
267
109
792
284
643
548
382
286
611
772
879
54
440
732
868
784
952
296
30
122
341
320
461
997
68
817
385
435
448
351
747
715
460
891
351
455
440
733
741
51
505
620
457
945
704
325
81
9
621
112
131
315
432
592
312
500
761
49
287
209
400
34
925
212
278
276
668
718
362
409
121
219
382
931
517
438
256
598
447
230
62
578
897
494
522
209
347
283
610
634
845
11
21
770
575
299
398
243
369
112
5
842
684
739
773
201
177
382
151
977
612
214
907
861
60
430
422
407
65
32
394
910
43
767
32
619
418
783
214
787
895
219
981
579
310
755
132
488
489
284
465
453
850
724
314
910
154
736
670
572
768
416
482
164
183
867
135
953
650
349
92
897
921
73
829
231
180
961
71
669
597
888
474
447
613
788
710
119
524
732
691
645
148
526
809
683
393
944
636
395
645
728
292
566
153
121
150
334
435
573
355
384
462
830
832
427
970
894
546
847
626
238
492
126
764
301
809
157
597
797
904
594
877
196
161
30
670
663
716
457
236
424
841
50
254
25
477
224
919
24
71
545
262
915
671
378
568
832
887
165
981
791
112
858
339
273
241
9
288
957
466
524
381
660
575
987
685
52
564
605
428
987
502
42
903
526
420
471
358
659
989
340
450
101
550
142
726
791
151
14
749
970
890
482
630
817
470
667
222
34
272
650
21
775
693
276
301
465
748
11
477
89
703
279
190
254
421
268
45
925
282
146
895
524
629
877
342
451
544
564
837
169
214
858
296
259
487
949
77
235
960
554
676
16
185
218
622
607
486
667
532
120
166
779
644
147
8
338
598
904
902
435
425
469
645
721
80
132
670
157
719
983
63
747
999
601
965
621
208
451
640
92
923
158
223
920
305
231
258
255
487
513
42
913
982
688
634
62
172
657
572
244
640
987
991
991
588
309
964
148
760
956
592
36
115
815
956
420
398
214
28
886
727
70
151
61
110
137
476
635
794
400
879
786
387
222
777
328
531
93
828
644
50
421
680
165
236
988
937
987
202
965
873
282
388
24
695
498
513
171
133
308
923
364
94
663
587
224
991
470
669
171
114
719
592
146
236
181
134
526
168
689
843
41
323
231
417
370
730
930
894
215
590
817
580
37
480
519
613
471
341
282
643
808
2
587
954
590
768
441
116
936
130
960
329
805
543
98
175
625
381
69
841
323
887
773
360
367
644
973
191
985
608
186
793
962
773
100
552
894
541
21
830
671
981
512
828
876
610
3
502
343
425
695
667
312
468
27
31
112
353
574
449
961
760
243
923
886
343
827
780
884
848
962
907
181
826
87
58
789
90
560
132
867
255
799
179
75
179
563
539
884
137
988
197
898
583
472
136
926
299
268
162
148
230
421
681
57
508
739
846
951
651
330
818
258
482
350
333
13
913
224
897
402
213
446
652
796
918
788
75
217
56
589
717
639
11
751
696
871
842
894
174
494
576
345
752
58
695
438
71
960
662
320
362
227
766
367
24
36
155
451
606
564
40
675
203
403
426
251
627
269
145
801
115
721
498
219
132
193
657
555
505
672
876
220
899
994
587
275
31
94
78
989
658
119
664
861
874
91
112
501
712
609
655
827
683
153
46
167
699
56
722
556
728
950
776
979
945
715
607
328
810
685
317
820
804
981
34
31
424
146
532
136
108
539
315
143
693
362
310
744
418
32
300
498
983
429
477
280
144
84
608
306
122
277
479
278
610
513
309
35
659
194
523
119
733
839
262
426
553
572
522
971
605
823
469
940
252
298
220
748
735
828
407
857
105
886
135
715
399
797
102
410
991
978
530
724
817
792
503
722
717
25
693
322
200
514
614
804
812
834
553
547
662
312
756
119
198
244
186
597
41
641
359
32
619
889
108
788
34
611
510
751
989
555
425
541
69
39
346
881
873
251
781
887
563
889
358
761
133
896
710
526
537
421
558
508
311
19
296
697
982
806
448
971
361
873
513
782
264
211
16
489
462
149
728
25
38
86
138
524
334
200
50
872
621
961
380
284
980
29
981
962
187
429
286
901
654
799
683
270
10
699
759
824
848
487
849
887
925
339
411
260
539
813
484
512
774
216
797
754
245
778
717
433
560
3
334
566
154
17
837
516
717
596
340
917
436
541
156
713
880
919
973
419
733
809
931
507
26
80
262
271
859
331
704
771
686
38
337
840
408
174
708
477
123
48
394
911
589
903
624
469
822
950
240
555
759
523
63
785
604
677
57
463
8
113
234
694
504
923
886
912
98
594
741
573
994
487
484
583
390
108
404
213
410
996
120
170
519
535
955
475
212
364
938
572
478
524
266
334
800
504
598
898
98
339
823
92
826
307
27
569
767
783
782
178
131
254
700
3
790
7
478
2
372
769
575
202
293
193
536
445
698
134
343
148
825
166
593
3
825
972
572
945
108
706
123
239
961
175
242
751
182
721
105
554
490
32
108
135
578
996
581
628
130
276
128
307
795
721
311
972
46
235
917
154
942
392
745
255
567
340
358
750
413
463
656
903
848
765
390
426
761
323
54
244
952
534
903
747
256
214
71
654
802
989
808
744
733
905
351
301
245
709
403
658
172
411
913
372
176
656
798
290
979
204
886
931
739
789
30
347
356
102
1
158
443
161
254
176
66
605
829
664
314
584
322
838
996
588
211
524
244
361
814
223
918
700
507
9
842
889
708
198
343
709
708
786
222
314
315
288
919
496
304
585
81
627
775
77
215
338
601
459
52
768
34
970
468
541
331
662
783
39
212
126
100
920
913
322
234
580
962
505
76
267
442
157
246
218
586
813
556
188
624
608
956
658
930
776
552
613
439
335
652
651
813
104
924
726
778
510
658
93
368
735
360
810
244
958
28
831
771
937
371
747
897
327
405
180
455
309
793
246
996
798
898
810
902
174
888
33
684
547
126
52
634
486
215
230
796
243
61
919
532
784
666
782
463
423
962
919
85
755
165
81
905
415
243
808
589
484
841
626
383
967
30
17
805
245
599
953
841
13
872
373
797
890
507
261
313
469
532
398
577
697
832
482
465
427
642
406
911
483
32
294
802
415
663
959
660
263
264
501
276
488
227
425
378
734
686
692
204
218
442
133
268
626
615
85
54
258
491
317
93
876
612
248
291
627
559
951
890
824
805
518
312
32
944
691
118
982
735
674
553
529
807
821
508
423
906
562
33
749
879
126
625
843
726
916
471
286
868
713
462
673
232
126
57
528
169
175
510
256
850
63
786
657
236
646
432
142
208
465
892
439
944
869
635
22
786
106
308
6
171
122
679
403
249
88
931
418
263
442
675
465
857
813
123
94
459
907
588
19
725
832
810
669
702
445
691
488
903
352
494
75
474
525
830
75
613
762
494
228
556
521
694
765
334
169
859
145
76
448
164
801
280
974
822
982
772
866
822
27
218
668
102
44
193
285
120
158
47
966
387
955
487
433
720
821
602
932
318
678
380
482
832
12
808
654
995
932
520
169
960
90
838
414
135
31
699
607
542
98
573
281
405
60
714
126
233
316
410
551
346
142
385
178
154
193
185
501
478
705
671
438
148
509
204
283
892
904
242
434
2
815
67
408
875
781
886
460
97
648
11
796
790
396
974
944
941
511
446
771
217
469
209
717
330
766
352
222
670
594
9
24
409
76
784
284
210
22
744
659
670
107
455
460
855
782
757
148
293
555
920
862
24
481
579
354
247
931
928
917
525
289
294
934
718
78
570
928
101
666
587
123
773
43
584
628
825
341
777
118
896
697
333
272
530
912
978
778
844
906
47
369
548
341
656
266
772
226
194
225
893
133
348
666
528
284
647
353
625
776
824
873
825
157
145
355
421
123
133
265
382
181
987
930
874
643
548
998
869
742
223
762
227
572
781
756
856
780
461
834
556
637
59
381
794
557
736
216
680
222
833
414
755
820
696
981
463
244
980
685
338
203
447
566
127
580
322
336
360
783
170
268
421
229
649
567
786
738
135
819
312
969
585
67
141
282
48
957
526
380
642
217
584
441
783
63
22
105
399
734
240
569
3
13
151
652
581
289
742
68
460
54
389
46
121
531
680
522
840
558
902
482
775
838
923
558
902
945
15
301
32
256
223
35
621
726
39
554
15
782
623
476
836
12
874
310
895
554
184
735
464
438
569
240
629
493
150
531
790
166
184
822
774
407
857
395
133
249
950
501
31
925
329
219
289
203
881
537
109
417
624
925
856
194
165
485
39
316
368
829
834
552
4
608
312
213
355
797
462
305
298
493
582
979
65
872
534
946
409
643
364
33
569
572
579
86
409
618
402
777
800
236
681
804
196
993
17
552
791
480
209
441
325
792
421
390
16
955
689
425
951
405
810
872
977
742
310
738
360
713
515
512
301
196
316
850
542
686
402
333
518
963
126
843
755
899
586
123
207
627
900
510
32
63
382
361
805
692
99
517
757
966
30
411
162
698
613
704
384
367
389
902
330
868
98
438
767
684
561
326
663
462
836
47
525
218
408
682
263
859
199
372
177
581
135
339
280
748
396
664
115
137
919
798
5
17
236
125
53
797
451
716
611
288
763
488
858
523
170
473
734
722
198
911
303
333
602
583
434
998
600
901
488
519
699
845
888
935
970
941
85
774
9
48
62
772
537
272
647
707
98
381
781
296
292
85
981
246
668
415
245
620
317
85
139
368
930
379
304
253
320
741
27
329
789
441
453
326
65
100
386
163
833
167
811
477
252
793
724
273
560
321
893
229
406
385
598
688
764
254
941
437
995
320
118
784
761
572
463
179
24
201
342
858
368
154
687
973
299
411
598
859
732
843
441
138
228
39
827
345
293
120
134
640
441
252
776
554
176
239
733
201
440
428
411
161
934
98
134
233
862
732
444
594
575
885
85
156
276
912
853
921
384
987
913
825
591
690
732
768
929
465
321
370
245
84
531
179
534
17
764
396
101
209
991
28
446
76
184
75
340
389
348
724
376
262
902
320
952
986
88
881
803
409
603
49
845
486
228
379
855
345
776
956
906
119
985
352
195
521
779
887
911
128
611
639
742
865
959
694
851
47
927
7
808
883
56
653
369
636
385
225
981
161
181
887
280
518
592
827
40
371
714
951
851
677
942
593
895
902
639
98
301
567
105
462
450
161
467
171
798
852
748
131
365
930
19
997
800
611
824
840
334
538
143
538
568
86
483
463
340
123
561
993
42
667
807
844
180
275
15
330
479
764
462
845
46
481
842
846
444
19
39
130
909
182
668
477
620
152
940
312
627
502
306
669
521
113
865
701
740
880
32
220
996
494
417
394
327
611
241
123
630
632
253
540
814
922
17
787
426
310
99
53
164
405
74
685
871
939
738
611
819
770
183
168
616
600
562
295
212
155
418
194
139
672
734
954
946
104
741
724
414
192
777
578
950
851
615
821
790
353
784
961
476
968
481
444
920
396
740
132
903
510
327
43
534
413
349
480
869
442
204
283
634
333
213
584
536
180
405
326
886
542
640
362
510
473
806
430
869
898
915
125
409
594
168
943
359
517
424
229
959
980
864
945
666
430
530
202
610
287
881
496
829
873
210
691
346
17
474
568
915
741
693
324
335
861
268
46
730
44
275
41
376
492
986
394
922
868
597
532
156
478
381
337
703
591
29
49
960
503
617
876
244
662
552
931
875
172
329
605
568
957
646
297
449
985
691
371
853
288
255
9
118
988
347
173
580
728
223
540
583
192
768
179
855
673
110
82
845
791
688
766
748
686
63
197
671
106
568
877
747
176
238
217
164
937
391
96
665
966
989
248
158
109
427
365
782
889
448
980
681
488
746
429
174
161
979
198
619
899
75
366
75
313
584
592
251
975
688
268
941
677
517
451
787
296
169
921
538
617
901
219
457
999
0
631
512
979
181
132
879
608
498
306
922
434
898
525
761
939
145
54
616
662
506
755
311
27
29
849
996
282
420
453
282
772
436
146
104
618
278
983
226
129
641
500
915
540
377
677
831
523
731
799
537
589
555
848
968
936
49
964
218
469
417
500
242
854
999
346
824
629
681
50
758
674
903
26
566
280
55
397
155
138
197
693
728
104
541
48
40
943
13
258
412
430
111
6
636
110
704
460
739
737
863
850
412
118
876
330
750
283
728
906
421
925
599
501
29
492
550
69
435
563
679
200
345
790
558
982
900
615
794
992
704
9
194
468
479
422
799
230
705
527
136
126
804
87
628
185
931
178
254
719
741
285
271
438
76
829
772
328
796
919
672
853
928
866
321
408
288
472
990
345
351
126
472
155
565
100
340
496
630
946
215
723
232
486
161
660
668
934
340
816
205
13
669
133
231
991
893
520
815
235
865
167
713
689
322
278
141
15
127
771
313
342
494
897
181
8
557
201
294
250
17
499
263
687
984
494
30
230
366
197
465
584
364
179
625
39
457
767
406
584
538
719
279
385
617
812
745
526
13
39
128
382
890
391
421
874
238
803
456
956
1
922
892
365
453
518
756
910
285
162
847
175
882
478
912
851
290
657
729
655
48
858
37
290
249
459
517
839
262
973
148
263
895
40
981
348
910
737
611
195
900
810
723
134
640
635
985
930
293
714
937
693
572
974
984
174
785
501
365
48
474
513
663
722
906
644
422
816
382
385
364
634
195
87
768
835
722
105
117
367
819
54
413
744
381
397
918
166
250
635
566
76
149
230
150
407
226
573
223
960
958
587
594
506
26
714
341
749
819
811
468
639
217
233
735
950
982
653
117
232
288
35
661
789
265
811
196
844
384
772
804
695
711
399
201
738
465
542
839
285
705
659
276
923
893
11
225
875
16
342
460
656
730
121
798
347
932
346
191
317
118
996
364
830
747
565
920
212
459
759
497
165
418
125
440
311
488
665
539
856
360
999
513
90
120
663
437
52
9
629
721
128
977
85
310
724
2
230
936
462
989
786
627
759
263
419
423
752
84
962
608
796
961
473
886
433
136
676
485
146
657
559
626
634
996
936
358
999
518
294
461
859
432
440
618
696
859
393
800
295
355
408
92
668
234
330
101
722
6
587
868
663
498
846
649
494
134
7
845
652
654
306
863
86
746
482
134
957
875
286
253
583
47
697
251
281
27
353
3
386
292
224
401
142
70
51
636
557
58
482
561
64
140
425
503
239
259
637
196
486
924
449
69
971
498
321
604
526
26
959
912
670
183
313
812
606
364
800
163
775
634
76
839
775
501
342
14
760
332
562
247
608
364
668
931
862
989
535
388
367
494
652
37
30
318
849
636
682
650
151
809
284
227
1
411
81
343
777
193
27
340
792
635
704
461
566
566
802
453
307
170
948
959
559
978
277
761
966
312
411
117
121
47
696
122
811
129
818
588
323
845
928
467
481
632
928
399
199
83
853
506
605
153
817
164
131
95
925
449
407
688
918
880
88
614
355
899
96
525
487
419
722
768
886
203
400
167
955
951
250
808
809
855
961
627
371
444
74
297
893
833
337
811
65
777
777
420
676
873
945
516
644
20
284
883
575
36
50
530
988
652
690
149
859
3
128
230
447
202
879
692
387
569
855
453
346
985
873
23
210
171
891
855
191
527
90
766
563
140
649
903
144
339
53
3
343
533
233
142
88
113
187
475
682
42
928
380
379
154
403
590
677
646
445
220
173
535
338
737
27
339
640
171
679
45
526
374
931
759
516
19
224
55
846
258
98
775
639
477
281
394
419
310
41
864
882
566
751
572
303
130
912
296
653
943
693
179
317
624
939
185
995
515
241
842
774
691
969
765
520
602
159
940
912
552
156
146
119
260
718
774
390
630
422
44
573
116
223
242
92
514
780
88
382
21
282
156
64
251
273
584
853
784
876
117
689
385
263
808
645
981
934
387
964
357
431
889
825
7
132
269
873
912
357
255
285
991
763
701
242
36
637
447
173
514
564
862
899
827
22
896
161
956
283
477
665
67
366
842
74
498
112
299
762
821
907
399
813
670
100
407
59
738
855
232
604
771
446
855
951
468
751
112
776
34
589
794
101
307
636
527
806
100
179
920
922
86
672
87
756
772
494
167
862
701
751
818
473
197
673
424
17
424
888
146
811
477
292
264
136
928
792
294
381
971
215
655
409
239
742
517
11
236
685
226
290
788
44
763
338
718
187
355
494
75
853
657
904
145
922
40
426
714
335
807
37
902
814
446
141
556
963
504
144
0
82
434
789
127
197
127
197
736
834
43
163
40
701
419
185
623
812
963
689
499
122
726
401
936
524
894
492
839
750
989
840
833
423
981
312
973
460
509
61
294
552
225
686
253
996
872
228
808
187
917
307
310
995
60
246
871
306
91
711
57
80
903
242
855
236
554
828
696
63
890
342
967
467
29
573
463
253
801
272
440
719
931
750
66
344
349
938
650
440
1
59
520
256
301
375
492
855
556
188
270
446
882
238
265
911
163
728
516
964
352
957
35
636
707
102
980
56
392
982
496
393
42
368
649
695
96
493
903
652
33
525
450
915
115
715
179
278
795
695
595
500
4
630
136
712
84
468
120
828
450
969
573
844
689
574
892
785
67
147
437
100
672
239
368
788
306
899
66
102
946
661
602
951
644
90
663
80
910
135
909
360
104
482
557
794
57
801
931
476
948
721
577
620
960
297
760
267
196
827
721
494
840
675
445
836
765
460
917
27
596
826
739
52
660
296
198
69
449
130
546
397
851
475
370
163
772
130
782
320
309
503
814
150
178
260
338
295
720
255
322
668
433
62
721
446
710
919
515
160
401
61
909
604
536
279
768
660
410
550
980
719
406
147
221
584
407
560
880
479
167
554
148
953
616
221
399
679
492
914
839
894
328
748
498
864
380
618
525
790
521
857
861
927
4
435
863
763
347
95
595
514
650
743
819
618
316
218
297
808
485
488
702
813
589
553
29
969
523
906
111
396
116
972
675
472
759
539
236
106
986
831
973
636
926
792
607
594
363
256
402
848
745
457
13
334
10
394
303
885
653
414
282
769
738
309
241
498
848
829
956
835
12
929
823
290
74
430
884
437
39
287
637
784
744
2
470
106
748
125
343
401
891
977
522
629
287
116
479
487
297
788
322
310
717
498
952
791
280
837
580
319
476
217
455
220
571
925
678
320
50
373
721
941
351
596
923
638
712
754
125
9
542
800
671
260
650
624
403
930
461
336
250
937
553
57
509
125
983
539
797
33
912
518
327
615
114
250
253
178
4
731
188
547
883
211
159
533
835
914
463
296
250
65
585
156
123
446
633
106
985
430
491
250
948
170
865
415
420
471
593
777
202
133
676
437
345
835
970
532
101
785
829
352
851
766
860
326
213
493
784
550
923
627
152
223
798
18
990
218
841
936
347
43
421
23
480
766
210
802
299
312
587
480
16
790
598
876
116
163
721
900
66
996
528
218
219
326
588
210
896
429
498
244
824
919
619
656
38
830
458
689
494
46
521
862
836
119
90
305
635
811
205
701
807
85
919
378
763
508
940
12
289
438
608
114
358
227
770
748
409
229
437
255
627
958
117
463
429
559
120
64
722
326
765
529
763
37
260
879
897
200
891
186
991
499
300
701
78
423
449
488
4
886
95
631
196
565
446
625
124
567
690
847
245
807
728
8
844
988
887
741
541
130
280
532
629
580
585
60
355
34
900
359
272
995
990
820
560
789
797
37
356
487
236
601
647
964
961
491
305
201
585
198
331
865
82
313
797
667
373
153
53
273
512
325
268
855
497
181
644
294
218
352
134
806
953
781
770
266
624
427
467
209
625
151
426
59
464
224
726
189
377
779
462
241
456
82
448
953
263
92
600
833
796
734
639
749
515
762
368
139
541
187
701
167
338
127
578
154
351
305
343
80
436
157
674
245
240
122
550
503
567
150
689
363
884
680
465
751
442
185
243
984
372
944
503
63
423
81
217
127
738
913
207
527
70
233
772
310
356
674
166
275
825
207
990
61
887
455
165
682
640
408
666
365
704
521
428
127
954
997
254
693
262
814
572
333
47
696
995
755
370
161
382
195
720
373
609
608
180
774
290
173
182
308
538
238
181
318
365
135
667
972
180
930
786
752
263
185
448
258
941
819
772
323
366
844
696
327
452
229
101
94
402
635
754
292
873
935
610
591
423
277
563
603
559
701
708
822
886
156
433
827
327
557
503
46
401
551
373
206
780
827
652
534
814
759
826
40
694
788
631
117
418
546
73
977
599
781
152
485
937
585
665
617
494
520
663
247
71
388
805
204
567
458
738
382
217
917
422
263
57
405
733
475
303
806
453
902
587
605
739
876
542
404
845
36
924
860
283
348
249
89
904
816
899
994
550
468
911
972
83
969
377
816
796
32
974
249
934
913
206
674
790
748
430
987
136
707
848
772
55
97
861
311
265
112
305
816
932
569
140
15
538
870
184
334
902
510
936
837
424
142
863
566
243
293
553
379
352
401
151
759
850
364
70
468
828
376
284
760
945
776
128
835
646
664
521
549
174
457
738
950
952
953
516
195
598
422
926
951
823
78
710
26
794
781
494
623
509
130
383
806
906
863
641
905
527
162
806
702
972
896
652
924
849
521
471
447
943
397
750
118
827
461
496
622
594
342
245
103
472
980
909
731
196
902
988
723
416
794
777
388
42
782
664
243
655
487
690
950
237
793
68
64
254
917
686
848
259
283
303
84
616
564
167
812
818
155
887
234
301
665
975
343
799
991
586
454
479
628
404
716
421
824
132
27
741
171
227
353
454
882
437
422
446
604
234
264
759
122
851
412
139
826
107
290
817
693
96
648
673
852
716
447
676
849
826
770
20
54
123
826
288
560
249
735
516
483
351
627
957
554
39
448
380
146
738
550
191
834
550
216
686
267
663
715
468
490
485
840
896
960
666
184
872
915
271
388
751
975
367
60
529
406
509
262
904
599
164
95
786
714
311
472
333
327
539
801
169
376
641
65
336
660
601
560
927
225
300
30
552
667
91
433
425
952
695
329
551
211
776
337
926
440
162
259
767
701
413
288
78
406
353
766
66
306
679
346
883
979
376
787
999
467
221
424
771
268
106
323
480
234
12
406
674
526
17
793
228
782
81
658
189
786
776
607
93
455
953
328
787
682
116
786
149
337
562
273
957
20
596
437
255
960
195
929
487
565
723
67
347
804
725
888
943
853
496
388
661
801
716
448
483
184
586
985
873
148
610
831
521
206
268
776
518
464
705
5
29
780
72
728
937
149
617
880
355
465
268
16
618
336
816
454
521
402
791
746
902
401
577
423
959
198
551
477
14
257
835
395
389
259
123
678
761
92
910
116
557
178
484
528
867
300
982
740
54
773
486
308
526
64
732
485
262
283
314
628
892
501
23
634
761
146
312
874
239
223
990
148
753
826
676
972
126
10
712
180
135
199
840
661
615
572
498
229
208
165
857
452
666
880
438
779
378
751
653
969
326
995
470
431
821
146
404
947
509
116
479
644
667
320
658
282
244
156
863
804
321
72
609
340
304
47
119
683
798
773
4
476
768
474
908
590
973
312
889
482
428
721
126
448
393
784
82
989
293
946
794
966
370
403
658
675
450
778
710
601
903
714
77
23
541
985
613
514
649
855
996
78
928
474
878
321
611
960
310
256
906
456
574
277
859
233
304
662
11
14
263
914
80
692
937
621
30
903
135
679
110
483
109
38
310
987
711
921
948
21
529
206
478
103
835
689
336
139
351
699
505
966
613
586
659
903
207
689
158
343
720
620
178
830
658
488
169
721
761
117
742
290
676
572
746
511
262
82
3
965
782
508
932
747
94
943
2
302
984
160
997
704
132
175
886
790
664
56
863
777
525
606
68
201
530
166
713
144
248
68
462
382
576
394
130
671
689
132
325
673
645
322
729
777
849
616
920
865
24
783
643
549
741
63
751
272
229
816
768
477
884
230
212
812
976
342
835
665
826
160
690
471
834
772
601
684
740
521
549
764
656
192
665
398
607
416
22
836
584
790
666
468
373
878
633
349
572
468
367
398
629
409
222
463
181
823
147
273
696
49
37
352
241
55
102
849
471
476
37
56
619
703
876
992
933
509
341
505
978
60
904
959
470
126
422
3
301
922
277
997
971
666
701
564
721
804
765
193
280
803
601
251
858
829
243
144
691
937
649
21
997
905
980
819
383
754
823
684
28
100
681
999
766
735
916
488
891
33
33
523
836
986
775
47
815
18
191
858
307
192
879
305
98
211
124
481
966
947
166
994
399
199
346
166
286
614
6
177
647
39
701
836
377
476
235
544
846
426
403
154
970
634
459
68
846
935
902
164
235
420
158
986
971
856
152
258
470
510
435
470
549
136
306
278
964
541
823
811
319
226
317
289
860
128
358
58
63
612
222
650
32
733
637
3
589
141
261
412
652
49
882
553
537
540
832
502
81
655
665
400
233
982
41
445
110
751
504
525
363
726
528
395
459
165
399
401
658
12
165
310
61
399
216
599
291
48
453
372
55
118
124
288
452
165
733
562
269
237
439
632
316
967
380
127
484
779
880
143
143
397
805
205
148
21
156
439
421
609
811
476
79
287
116
531
805
850
445
74
439
884
706
107
852
86
235
336
217
467
479
713
865
285
270
13
658
426
805
80
387
968
556
466
256
25
349
413
875
794
487
666
678
545
126
882
984
713
219
553
180
50
266
397
687
536
763
346
314
568
426
53
536
334
519
144
359
868
557
586
662
44
605
693
942
731
575
926
444
794
479
976
197
98
374
884
634
489
230
301
57
8
354
945
695
226
90
54
446
647
641
461
44
598
154
338
329
729
264
125
876
95
101
425
193
475
309
180
316
892
481
373
252
187
671
947
413
761
2
212
760
995
673
156
593
827
494
274
908
758
399
136
206
500
561
399
328
223
579
644
115
412
370
719
952
41
667
717
154
21
929
914
16
602
423
961
429
917
587
690
28
986
826
234
838
388
985
518
611
917
515
78
681
237
797
633
278
464
351
784
837
280
698
853
235
473
166
664
391
753
706
771
91
533
5
930
273
342
800
236
259
315
314
941
552
463
574
182
280
277
966
117
558
17
323
793
490
489
809
233
595
868
4
686
401
361
968
26
704
769
262
963
436
576
904
989
391
831
171
671
108
490
789
18
507
464
163
349
953
325
583
900
193
587
587
594
949
907
972
653
676
234
616
113
162
873
454
553
704
977
225
164
467
366
183
326
830
346
676
135
23
259
36
216
198
975
162
147
882
134
152
911
368
121
24
530
994
830
84
50
807
661
566
627
27
749
953
209
448
981
344
471
240
380
40
791
707
202
938
590
337
443
501
57
564
877
588
910
707
672
312
866
685
878
493
712
980
799
921
780
780
617
603
373
350
643
164
57
846
454
647
535
897
500
592
813
729
180
723
788
204
387
655
241
266
500
953
246
299
226
378
432
196
981
805
546
625
321
603
823
127
603
358
377
455
302
190
185
835
266
973
391
653
628
633
919
481
938
517
780
165
895
212
713
229
369
259
854
690
214
29
818
817
739
195
273
41
737
810
876
3
783
268
9
764
253
928
245
191
798
377
708
45
942
421
274
311
680
480
354
895
509
524
64
248
71
689
290
808
499
518
164
283
138
173
399
391
453
644
583
603
373
291
649
315
713
923
979
745
404
685
640
265
209
705
514
632
394
156
440
246
674
956
529
813
481
280
556
287
276
139
890
649
783
539
317
848
815
296
593
571
981
234
836
542
291
702
174
37
858
966
283
533
275
164
698
756
444
254
43
720
746
934
722
881
825
39
729
992
687
322
563
668
556
752
562
199
454
736
237
313
54
520
198
329
37
896
86
481
502
481
202
600
767
276
481
593
315
210
585
2
533
501
22
441
253
584
641
59
672
230
372
726
102
570
56
139
818
494
973
673
975
527
273
743
803
107
688
118
317
625
472
202
478
494
644
83
430
637
143
102
867
515
180
321
438
236
461
608
82
434
281
410
961
907
505
116
14
193
234
331
170
706
534
649
552
530
732
982
167
227
84
386
95
264
707
533
853
520
493
935
306
775
697
619
682
202
735
48
747
321
379
918
27
265
919
579
795
651
561
314
231
997
700
326
262
760
859
467
632
352
754
939
479
452
558
513
654
646
561
754
967
293
672
995
910
591
926
58
594
840
372
825
837
425
151
451
537
362
918
169
67
25
108
898
477
19
412
483
665
325
237
632
970
261
979
881
204
906
939
151
746
663
328
935
88
480
387
977
194
657
147
613
682
607
512
511
626
276
347
291
601
584
276
572
198
255
805
402
513
744
553
259
407
882
547
848
714
934
825
260
943
324
874
978
932
738
489
558
14
836
202
967
773
478
891
971
85
696
725
599
792
279
210
552
513
757
400
579
43
577
839
339
902
65
317
834
803
806
744
169
995
298
489
768
128
380
91
214
429
816
165
221
447
375
773
312
485
525
891
528
103
83
867
357
148
536
191
304
343
287
825
690
586
314
810
714
47
901
280
476
69
445
697
517
173
823
829
658
348
73
538
451
156
758
808
656
294
351
312
989
639
490
679
577
804
489
643
203
742
276
679
812
73
729
329
246
552
510
256
900
583
795
704
91
905
512
100
199
216
412
189
207
902
220
784
59
710
779
262
452
407
294
616
481
23
297
727
575
808
984
827
743
131
531
187
36
44
287
587
260
51
128
819
954
349
955
365
411
734
979
215
142
273
832
623
648
481
702
223
289
38
51
385
521
934
572
909
978
211
497
590
262
977
409
568
326
364
285
89
451
265
657
945
890
841
920
891
322
974
114
964
13
517
349
534
452
273
444
782
836
293
725
98
270
486
19
949
203
304
38
654
921
47
951
164
888
871
55
211
197
521
175
210
391
876
97
843
501
893
977
689
538
702
787
808
541
158
109
744
815
500
750
736
547
701
252
436
924
307
999
121
181
526
684
572
754
781
767
607
26
744
296
564
799
435
724
340
594
834
84
409
334
834
497
881
887
750
669
811
409
20
932
590
546
968
514
652
749
281
259
127
26
555
691
177
991
416
517
937
602
953
698
936
139
195
169
26
297
839
189
59
859
121
1
758
90
516
410
191
797
22
671
175
577
362
352
920
130
221
209
84
526
907
20
665
455
542
43
104
381
232
515
592
706
517
702
148
385
465
339
534
487
10
710
416
725
414
689
207
988
898
292
514
158
664
532
965
206
575
69
939
160
937
884
866
806
586
14
191
403
705
725
890
68
787
659
793
554
700
352
542
950
996
408
108
661
292
425
867
220
495
159
380
784
43
246
590
981
260
781
385
965
858
627
385
646
638
178
552
338
883
94
289
879
854
749
892
147
175
112
367
22
271
99
806
314
345
396
647
957
529
32
922
387
660
308
385
298
838
937
989
73
383
278
953
238
379
197
737
554
309
456
576
580
555
734
246
900
482
894
857
11
926
131
399
938
791
136
589
982
74
578
55
809
208
360
47
587
558
136
494
867
592
422
800
147
157
46
399
639
940
608
651
219
740
402
157
883
890
746
865
316
676
273
126
884
633
525
824
543
662
318
763
606
740
563
106
249
609
505
889
550
114
892
769
206
646
278
441
888
377
659
205
53
932
331
290
917
208
466
461
222
784
576
829
876
139
935
478
748
792
719
650
258
963
771
816
609
402
258
497
779
917
54
184
201
737
826
118
946
292
931
168
428
507
349
657
646
636
135
747
429
854
397
687
817
521
856
778
923
114
275
702
383
682
238
584
419
65
702
365
357
634
886
138
493
235
795
140
872
930
239
653
784
636
692
953
509
548
731
432
662
358
486
397
40
725
981
460
790
684
825
499
670
63
637
515
299
432
7
523
714
246
176
498
235
868
451
744
769
534
177
783
893
663
181
933
740
162
393
530
198
571
382
220
634
371
736
285
804
743
808
518
990
336
369
225
557
172
321
326
707
498
109
600
514
290
885
606
805
279
489
3
850
871
224
484
242
960
770
398
703
930
269
45
619
638
622
176
162
944
854
221
794
315
173
308
958
59
915
763
338
404
766
540
627
342
376
869
654
498
620
710
429
889
755
48
879
378
576
393
674
430
615
468
745
788
129
703
199
396
818
889
800
937
429
779
279
806
0
934
304
620
644
85
861
751
485
740
129
61
134
803
843
101
624
589
241
753
644
441
149
815
330
301
752
112
80
31
918
80
317
574
53
961
660
914
713
145
655
194
559
141
350
402
242
974
343
483
727
988
276
876
803
607
529
555
719
609
938
989
41
256
563
446
569
575
361
634
721
368
829
280
861
531
34
103
857
378
938
584
718
215
812
521
174
341
428
245
302
718
234
343
326
149
142
896
725
503
882
798
223
711
430
84
594
464
187
451
842
477
387
560
692
199
433
866
892
213
111
194
284
697
890
610
847
32
858
924
887
741
722
110
804
504
194
399
320
733
850
515
210
590
427
255
789
861
473
34
426
937
580
710
634
822
673
833
206
531
757
93
272
831
555
429
687
101
828
8
834
30
523
397
620
950
4
762
163
477
796
942
414
728
4
401
551
29
234
757
561
344
851
185
175
758
614
215
860
794
223
46
825
98
795
797
400
799
911
916
629
59
858
395
788
214
796
339
244
383
448
157
727
651
342
254
410
309
821
270
103
44
316
280
494
464
430
895
263
341
811
892
401
21
640
189
587
436
880
831
171
328
988
250
980
683
857
390
992
678
12
447
75
680
80
569
144
510
816
408
851
979
652
604
0
292
145
588
81
25
771
604
354
760
855
686
443
712
428
787
742
440
234
817
472
314
739
617
824
555
377
28
535
381
632
887
26
778
827
107
155
599
711
861
711
918
547
506
982
327
293
725
767
879
894
592
194
985
209
370
541
938
750
428
319
735
667
345
865
847
804
20
446
516
882
509
786
781
15
769
109
308
846
228
187
740
820
733
726
381
104
619
319
206
399
991
941
418
336
806
265
141
827
63
9
61
572
795
194
587
564
303
247
410
884
787
503
56
520
581
438
976
552
109
183
951
100
124
369
789
283
987
930
110
50
939
523
623
86
717
562
3
373
810
765
609
949
268
665
469
201
455
798
753
917
333
56
369
809
778
158
92
765
88
554
815
379
77
790
818
147
353
821
520
515
586
481
464
207
146
285
760
954
83
866
223
768
922
592
578
52
751
22
817
191
577
985
923
6
775
741
153
480
914
25
995
500
506
459
59
5
745
820
959
180
686
182
949
960
126
527
13
877
549
182
421
478
167
344
485
295
437
638
775
351
664
123
203
170
582
615
175
327
435
486
508
473
20
809
785
147
336
798
376
237
333
797
716
852
493
201
499
930
191
627
633
855
750
837
378
332
804
905
12
591
392
872
64
764
681
201
263
369
0
992
958
685
789
674
537
635
227
37
917
419
664
903
626
766
92
4
98
896
262
462
487
6
334
551
770
367
752
386
88
104
378
47
141
519
721
679
154
301
68
424
720
84
327
698
850
419
703
300
315
317
763
802
323
449
705
93
169
809
479
257
266
209
304
407
729
378
438
883
679
506
659
751
590
986
449
792
405
504
93
720
821
856
874
144
657
579
590
826
741
421
84
7
631
388
766
360
766
205
595
797
711
255
548
654
241
350
446
999
854
891
71
28
747
946
524
405
877
466
583
970
888
667
977
871
56
744
231
174
301
178
972
364
785
872
18
27
222
817
378
429
708
449
809
808
395
333
565
625
152
148
595
40
816
925
263
224
21
846
750
322
24
74
686
810
947
57
189
521
874
567
950
934
16
111
94
764
797
659
741
949
160
336
989
328
613
252
552
634
450
654
956
474
729
643
636
676
700
825
197
926
392
500
212
761
611
307
525
408
318
266
357
478
954
698
806
568
302
710
554
752
365
511
579
94
506
215
770
206
41
319
484
785
171
696
546
135
355
423
895
674
41
605
152
348
303
959
916
958
669
470
62
34
333
641
480
839
209
602
397
602
274
233
387
445
282
934
580
637
709
476
311
751
433
816
99
736
775
367
46
796
189
461
183
523
454
15
714
663
618
112
265
892
697
653
689
979
939
270
617
648
98
928
751
531
744
850
619
871
217
18
20
407
479
555
282
285
570
996
949
188
460
566
432
158
571
122
137
510
744
106
511
842
387
262
725
483
465
696
707
682
66
727
441
545
634
723
831
204
72
132
745
884
698
177
394
270
299
884
132
43
990
643
237
377
258
962
213
723
11
920
757
77
647
199
975
281
274
158
837
698
290
582
583
340
760
977
962
59
213
95
455
204
90
692
933
700
7
146
423
18
418
181
447
65
732
422
698
6
932
888
57
574
470
640
915
582
969
229
994
535
324
449
739
767
141
24
467
500
523
243
518
941
424
318
359
508
92
409
866
25
297
923
599
120
915
866
702
237
96
696
772
772
497
863
891
991
887
359
491
410
602
362
352
378
680
63
886
124
472
752
149
770
28
101
890
943
967
944
532
415
993
304
188
490
167
79
833
407
790
325
817
744
39
521
122
71
584
360
195
409
465
345
179
493
446
421
788
765
365
321
181
710
977
721
553
145
152
386
904
295
63
73
39
102
947
162
173
531
874
721
292
339
66
471
184
864
244
325
629
962
646
162
672
975
235
225
472
740
964
376
35
379
450
74
482
397
588
7
280
463
728
573
154
146
396
339
362
641
664
992
603
662
506
275
637
94
853
110
834
169
838
869
548
288
943
382
685
532
742
318
347
470
891
501
969
639
192
331
280
208
675
883
222
534
511
860
628
716
322
814
885
160
683
433
801
978
816
838
862
558
156
209
380
399
63
701
39
255
33
319
464
60
555
38
594
418
898
574
134
572
388
19
85
423
804
886
402
972
76
264
882
233
826
615
984
889
316
23
496
701
695
312
114
602
351
60
20
601
635
506
174
375
877
611
799
681
849
201
6
925
817
240
510
643
855
495
884
524
870
381
577
917
45
691
871
396
104
891
998
739
397
524
114
626
135
265
660
336
818
666
261
636
906
772
631
114
619
516
990
841
249
567
759
294
611
630
43
715
874
41
806
623
917
272
250
404
890
910
740
708
928
353
344
186
125
976
300
96
844
642
938
445
210
49
739
173
31
782
240
905
175
398
881
444
22
483
848
912
393
588
621
673
942
965
859
419
293
512
868
489
154
806
934
364
207
26
889
238
160
481
496
336
879
377
780
254
860
981
166
605
921
787
278
215
105
489
635
750
1
855
240
156
661
526
872
220
552
762
458
713
595
306
401
827
683
533
81
895
514
247
852
788
387
482
3
492
972
990
594
973
845
186
129
858
713
354
78
265
468
537
330
63
195
83
890
879
617
971
126
483
571
979
623
958
813
627
802
785
617
396
111
463
583
592
321
648
946
400
913
414
289
596
478
836
679
720
715
648
44
194
484
615
525
107
925
338
734
727
476
704
475
587
167
410
179
840
58
126
592
324
892
233
272
722
70
951
443
137
952
839
331
436
454
208
895
731
547
982
810
23
686
285
962
205
48
141
45
458
619
990
782
864
575
54
586
645
358
381
135
662
220
466
450
26
27
345
109
574
679
919
949
365
557
911
922
605
404
320
63
24
310
198
240
885
604
826
883
962
560
18
976
780
836
426
159
863
124
268
789
803
188
90
521
745
1
443
702
758
763
765
134
73
315
374
311
920
200
546
234
760
564
211
893
752
989
404
616
113
672
757
269
212
848
790
309
201
233
363
959
349
481
93
774
796
467
85
716
20
631
951
780
547
514
25
300
503
429
268
969
454
25
238
18
873
380
680
427
965
43
386
314
876
480
89
673
299
526
741
319
158
692
100
57
558
477
357
62
259
625
31
65
651
621
435
876
1
115
303
966
511
42
281
739
522
722
412
821
248
154
141
758
198
593
816
109
422
173
171
681
799
554
98
802
175
534
30
176
1
686
494
512
728
775
252
250
849
16
423
98
522
916
856
73
861
672
182
284
846
705
317
997
259
416
151
434
950
181
962
951
219
456
816
947
584
420
549
433
788
973
531
663
241
740
736
103
412
918
739
610
623
56
959
234
472
110
668
774
644
982
78
863
790
246
811
374
18
360
160
158
685
43
821
279
783
557
382
548
827
121
158
802
529
118
36
2
580
56
128
224
38
558
440
829
804
251
555
174
963
715
333
1
111
154
280
894
64
14
442
891
135
953
46
16
423
434
18
3
491
499
580
881
57
20
62
214
623
970
388
938
37
73
939
148
228
571
43
644
585
837
887
72
142
933
89
917
368
459
921
211
310
853
92
368
873
507
934
848
477
322
786
514
748
726
663
976
649
58
972
235
247
859
659
742
145
100
659
513
912
580
76
222
785
168
590
658
27
524
506
504
199
645
19
947
371
34
275
372
92
247
959
691
458
619
433
603
71
93
468
983
25
544
206
811
713
148
821
740
25
680
597
224
325
968
523
48
2
150
420
446
749
380
137
207
351
923
811
422
16
279
758
393
824
964
204
889
112
378
981
137
58
930
713
735
898
588
783
900
738
203
698
487
935
836
695
638
111
858
61
127
489
819
872
665
135
429
906
247
807
888
737
217
170
802
952
69
391
735
321
129
290
20
617
578
208
664
216
319
874
629
798
363
800
670
29
935
451
935
535
258
175
272
827
346
426
779
767
817
866
88
947
509
460
916
87
668
580
303
339
454
933
137
169
733
160
550
21
611
486
556
222
13
180
401
711
606
181
478
424
399
919
723
908
731
639
347
400
571
3
91
377
936
581
546
21
741
97
394
704
935
950
278
948
482
680
12
89
213
842
865
612
113
588
873
845
227
572
245
798
575
688
527
863
269
73
237
10
522
631
67
457
582
345
758
64
377
770
505
590
964
370
555
78
958
780
923
537
352
520
687
280
208
214
143
478
288
380
840
810
12
907
620
946
605
378
362
982
500
868
925
464
590
832
894
549
612
817
438
316
337
126
596
898
340
92
376
980
824
216
143
188
124
763
486
81
493
849
63
345
69
340
161
659
172
56
560
136
225
999
805
915
477
753
813
169
845
189
150
22
405
645
210
881
760
697
962
605
898
378
950
967
70
463
978
595
519
539
731
745
890
536
12
367
642
825
888
487
14
38
861
771
683
72
653
795
121
967
400
19
697
350
338
768
814
316
363
685
207
446
782
97
335
794
816
977
619
705
816
633
95
678
405
131
102
410
926
223
377
679
594
427
29
932
195
195
600
910
233
808
356
15
257
691
810
426
668
781
483
837
767
578
515
524
61
617
934
340
192
663
19
786
90
400
718
637
596
318
547
829
478
904
196
736
947
358
162
616
140
997
453
259
927
320
783
989
937
717
681
129
732
700
267
175
100
985
812
48
655
360
229
134
616
426
222
563
136
736
531
276
733
336
535
660
656
318
1
945
387
682
426
472
734
693
647
187
30
459
587
38
171
817
172
787
595
746
703
731
482
234
360
567
571
247
579
579
918
933
877
657
615
303
129
702
349
776
241
379
588
828
417
111
997
941
899
592
39
954
676
873
188
388
440
111
635
20
43
553
953
920
211
920
223
692
974
572
469
215
304
409
44
73
520
393
367
771
338
406
725
366
280
266
754
720
377
389
92
420
295
397
340
506
670
916
198
644
840
19
212
496
780
608
570
301
1
937
424
691
343
150
57
975
416
811
696
145
201
140
918
496
890
610
354
560
526
552
556
719
924
120
215
704
728
785
357
82
74
134
773
770
284
831
745
52
642
793
549
195
934
467
691
176
78
397
736
956
302
644
675
226
765
243
282
845
380
992
927
455
126
53
225
762
884
970
166
526
116
715
74
50
183
117
578
261
515
666
569
817
310
597
395
427
840
677
625
220
21
552
27
147
605
252
261
841
575
427
720
691
143
794
93
678
911
671
291
426
337
860
595
999
457
990
779
297
668
404
870
689
308
897
189
914
502
450
107
429
230
827
472
373
973
917
51
885
940
342
663
629
554
259
628
12
249
407
661
269
163
883
311
472
781
500
738
635
302
845
64
532
25
536
257
998
805
660
235
745
354
251
374
909
862
354
921
463
114
934
733
277
818
396
749
951
248
839
586
550
685
650
435
62
538
44
412
343
705
648
440
59
251
814
968
113
168
241
576
282
176
661
912
346
57
661
297
305
853
883
208
538
885
995
600
775
39
12
470
744
12
910
804
615
724
124
80
244
366
9
879
894
670
791
240
80
804
537
737
657
420
945
547
657
940
499
432
980
864
902
76
228
164
232
844
888
357
924
484
75
933
715
969
956
858
209
388
15
98
125
672
870
71
572
527
363
423
959
695
287
213
772
868
377
4
712
617
713
988
453
788
274
169
109
582
27
670
970
42
768
95
67
638
518
991
165
234
414
476
929
54
689
53
922
418
410
986
35
123
974
489
264
600
10
373
182
37
44
504
432
164
952
851
803
470
842
320
704
256
797
986
310
838
39
232
609
449
218
996
925
545
485
189
497
847
914
32
237
310
536
669
475
488
520
630
959
714
950
15
322
99
353
633
290
393
217
899
194
788
895
471
685
733
12
182
932
927
214
169
237
103
838
64
591
710
694
902
424
997
270
99
448
623
732
90
368
301
341
915
441
589
386
478
322
399
661
254
326
227
776
915
330
614
332
922
677
378
176
453
727
446
552
176
70
636
266
790
290
960
705
731
549
92
210
223
843
223
829
169
450
605
436
133
572
120
407
249
499
583
702
578
30
607
754
452
243
373
242
533
333
300
617
234
392
827
457
235
402
286
756
204
892
544
337
464
17
744
65
516
328
119
446
358
726
201
162
322
926
756
855
611
56
824
845
448
3
302
35
405
940
143
610
184
40
947
0
57
692
65
925
372
185
371
82
263
572
244
585
850
0
793
813
57
617
658
857
621
312
245
378
605
388
988
789
780
288
790
837
332
855
762
704
392
134
138
656
58
382
241
909
734
34
722
143
652
733
353
625
397
950
3
2
690
344
792
471
632
582
308
316
789
71
372
182
205
510
838
615
244
79
876
330
466
599
474
470
684
179
95
81
129
450
84
819
146
228
290
130
810
951
446
599
22
818
133
579
680
971
194
924
403
71
255
221
22
81
691
58
612
138
139
741
940
575
912
87
803
555
217
965
506
16
917
528
186
50
459
867
374
653
143
129
76
398
350
98
831
393
156
443
531
648
536
823
223
449
910
27
356
480
344
862
848
261
742
34
312
201
901
686
854
45
167
931
795
517
381
979
910
538
422
793
538
311
616
761
760
879
140
116
711
485
330
559
746
72
593
410
273
847
448
127
244
615
410
39
132
792
18
394
682
793
539
220
104
156
333
216
387
826
684
450
311
14
9
409
86
954
172
359
801
620
838
45
236
601
437
720
745
455
115
779
600
654
351
704
162
36
920
901
862
956
351
525
970
712
287
408
667
459
119
820
79
310
866
667
911
655
388
8
462
855
787
63
861
138
767
376
174
40
629
389
348
981
914
319
45
201
79
712
660
199
885
92
509
751
759
772
406
499
780
220
354
567
283
568
57
403
944
583
795
573
972
143
906
887
814
952
440
894
16
453
93
901
545
602
4
656
374
762
156
506
983
862
73
266
430
482
21
726
65
816
652
390
960
558
629
126
862
69
20
231
522
113
132
419
67
489
76
793
251
584
299
586
446
724
205
229
206
226
955
624
43
959
14
355
870
643
481
732
712
502
315
587
967
800
6
387
289
434
532
892
18
832
479
465
908
684
46
115
910
1
91
305
313
105
660
183
748
494
915
812
348
583
751
315
383
110
54
672
544
587
564
915
771
395
380
679
79
778
146
342
131
237
647
444
342
660
627
442
154
895
607
502
478
358
169
861
468
224
533
365
811
449
280
582
845
12
261
276
790
760
618
921
997
266
366
340
926
345
134
80
240
741
934
718
452
103
931
272
679
816
637
490
266
269
424
463
281
38
739
423
798
358
697
795
624
415
487
902
760
974
334
1
715
620
71
519
723
3
792
403
819
781
245
437
51
670
900
684
60
640
108
858
350
157
5
326
572
845
228
684
819
914
685
886
534
109
406
257
464
198
12
635
979
610
73
382
280
325
67
692
317
527
550
667
684
555
993
256
400
573
940
571
487
978
458
21
439
864
631
255
414
995
890
745
605
315
128
237
993
195
929
310
722
831
330
758
387
323
366
139
897
306
63
736
636
521
758
427
737
741
682
151
736
925
248
342
592
376
579
585
923
861
896
997
692
578
755
431
901
121
571
150
780
986
887
768
507
645
196
244
386
230
747
474
155
995
816
100
724
748
685
647
609
933
645
301
511
752
733
765
874
656
915
6
642
802
126
501
799
674
97
537
905
844
12
412
191
180
512
915
928
550
915
889
483
912
191
995
664
276
760
890
932
27
896
926
182
375
427
981
49
524
871
954
720
235
719
263
415
583
531
696
133
446
585
617
358
128
964
22
404
76
265
688
103
513
614
285
888
393
619
938
917
490
244
989
725
963
253
492
547
136
188
680
582
126
297
292
254
613
314
659
689
931
699
145
445
314
430
333
707
49
271
977
891
516
318
968
479
923
461
378
59
649
59
993
127
708
285
382
674
952
393
363
883
92
860
328
758
291
662
818
692
285
147
936
801
465
904
633
741
365
363
800
367
422
794
494
483
431
228
509
383
621
224
619
66
85
947
824
728
961
642
772
247
141
708
400
607
613
33
348
330
397
500
697
171
646
544
6
78
772
867
813
746
92
432
812
177
732
988
905
45
983
677
644
124
738
45
731
703
430
431
33
179
932
83
703
930
627
61
8
751
929
174
497
373
958
661
550
690
650
807
88
633
836
732
757
926
777
841
629
560
272
663
739
556
98
794
487
725
856
847
828
137
21
678
510
980
339
412
22
989
571
110
622
759
195
732
686
324
573
667
884
197
330
976
754
428
122
593
505
330
440
686
467
814
364
329
146
703
93
520
45
664
631
667
776
178
399
814
502
324
481
739
522
164
715
276
944
837
221
802
168
661
840
987
827
204
317
973
259
762
494
304
427
477
324
555
655
75
369
157
400
202
896
274
718
963
902
663
153
123
817
673
784
657
660
964
213
329
937
472
92
783
129
871
260
453
778
267
880
147
777
632
701
25
906
420
341
808
435
494
931
252
167
68
261
179
32
474
861
321
946
953
457
427
176
717
232
954
337
113
453
114
745
506
491
4
926
832
812
713
326
96
317
845
516
578
377
900
404
238
221
703
543
30
130
719
100
363
25
437
476
478
903
573
984
394
577
263
579
742
328
905
838
646
103
354
576
480
254
981
718
827
684
613
858
166
332
958
529
357
747
357
187
650
283
523
396
860
786
975
954
115
233
792
113
336
498
689
168
104
22
238
284
58
851
142
225
535
452
106
892
199
464
431
201
99
954
597
959
93
573
266
560
158
58
673
494
909
714
14
13
737
252
297
795
103
791
372
638
595
479
882
794
295
313
347
394
619
945
705
64
870
971
624
380
382
649
874
291
716
888
656
453
492
306
600
595
97
325
585
45
804
467
191
451
132
539
197
103
836
902
168
58
226
144
438
608
794
664
251
862
904
907
315
396
565
267
991
663
944
928
60
748
395
251
551
879
790
748
982
626
3
502
36
229
647
474
189
793
138
792
655
42
51
322
790
617
941
133
632
886
61
692
986
808
943
538
687
734
638
22
712
641
524
749
222
523
575
411
316
714
555
323
108
607
645
899
224
939
32
856
825
94
900
163
902
843
53
942
929
692
964
642
685
840
743
908
364
318
671
32
384
227
356
493
834
353
744
410
292
776
618
469
222
518
985
477
361
38
419
643
730
735
637
416
575
380
676
939
50
347
324
435
926
680
280
112
385
24
522
30
152
140
851
375
10
836
204
372
875
623
367
957
358
4
725
285
384
401
577
786
101
901
221
379
933
853
492
318
877
366
700
382
507
552
109
517
388
313
241
615
288
608
573
998
612
298
283
348
52
860
135
505
113
708
884
46
562
376
717
791
743
769
173
602
321
282
471
62
947
65
677
235
673
602
233
638
253
869
338
657
81
825
162
195
534
398
593
448
775
662
239
870
432
765
824
105
47
295
167
347
712
197
582
386
151
168
376
404
37
66
413
118
892
575
665
778
974
259
226
101
921
817
323
705
582
147
811
982
794
330
329
507
527
263
245
679
431
973
435
468
391
849
939
283
776
604
61
102
215
639
203
489
809
878
194
391
377
357
725
524
688
406
383
215
670
980
246
453
953
34
274
344
883
213
980
11
169
393
114
385
385
669
874
194
548
420
585
925
778
663
449
466
69
832
33
91
164
280
545
469
314
819
814
549
384
146
912
553
539
26
938
924
696
164
470
244
585
408
521
715
71
323
181
492
507
214
584
672
846
129
141
512
300
307
413
684
453
326
237
345
352
528
621
400
44
92
996
981
500
518
696
923
841
229
415
700
444
999
372
642
480
866
155
780
173
920
464
979
246
54
324
951
934
297
351
330
389
348
312
241
866
360
164
59
590
580
759
386
579
484
28
60
350
535
192
523
456
9
502
54
415
178
5
349
476
357
31
217
57
695
459
275
56
623
686
998
203
797
736
135
281
764
547
631
652
739
507
460
748
361
514
163
892
520
864
720
229
248
937
286
943
748
913
351
372
599
701
927
396
437
414
678
554
961
661
206
53
520
666
801
234
180
317
126
52
533
846
281
781
135
919
77
884
832
780
608
431
482
535
828
919
302
858
825
263
871
31
316
392
49
470
626
582
139
104
634
672
302
268
806
789
539
883
673
724
663
281
507
145
169
687
417
823
545
242
86
417
626
755
161
27
577
139
609
716
243
596
388
897
216
194
686
107
429
360
831
93
993
339
590
514
26
359
337
924
954
776
693
932
531
854
959
108
345
921
176
588
517
564
837
85
111
523
192
540
235
376
985
229
67
928
95
445
287
785
369
593
561
414
525
444
620
485
904
965
406
80
905
275
996
742
712
459
266
904
0
501
632
337
82
699
265
530
145
905
315
866
498
228
281
24
672
901
861
576
219
267
8
124
894
4
219
606
816
485
862
816
338
495
505
773
194
123
303
339
28
970
558
526
198
839
902
222
92
763
150
663
382
158
788
628
514
359
234
330
844
449
498
534
944
356
307
490
479
962
830
507
284
740
385
482
579
640
704
23
403
206
687
138
364
827
766
231
186
1
913
382
450
412
268
746
768
928
236
599
890
418
458
527
158
843
9
89
835
66
113
239
272
152
729
989
331
495
572
517
848
485
251
650
897
519
396
17
447
985
616
690
403
74
217
562
270
578
3
105
996
116
696
621
620
425
610
951
273
182
820
121
667
71
772
917
943
520
286
390
505
255
432
909
681
1
823
951
580
826
409
576
295
457
197
267
235
159
219
508
341
39
629
361
463
753
630
406
274
916
148
779
171
933
40
853
934
215
156
514
394
917
443
689
375
992
308
962
152
527
470
845
919
451
206
734
205
188
492
831
105
992
610
276
925
3
481
860
218
990
726
612
907
521
653
634
514
314
596
666
841
418
511
112
870
70
198
427
258
690
258
715
683
220
344
960
223
825
172
794
167
899
406
75
772
412
61
286
726
658
952
919
428
816
384
650
238
582
77
848
625
335
564
308
556
908
620
131
85
793
925
253
44
684
680
816
448
741
103
174
751
407
445
180
223
829
830
813
764
908
662
389
595
226
49
503
486
669
635
923
462
912
176
506
596
208
323
44
950
426
570
701
185
16
233
409
197
64
222
313
324
884
702
271
462
103
775
300
773
762
224
587
674
752
94
271
961
769
315
911
547
238
964
732
606
198
493
803
614
716
469
290
952
171
561
767
627
336
67
400
98
291
987
773
396
433
396
357
202
711
620
101
301
936
834
907
134
327
63
100
395
532
390
700
55
952
467
682
640
886
82
739
530
422
864
926
207
260
283
410
323
255
863
625
191
697
532
678
377
595
778
772
127
169
824
183
473
291
865
113
530
300
204
60
74
68
986
281
680
621
43
4
228
907
629
419
956
513
97
333
461
228
458
588
749
282
123
574
926
341
687
456
993
244
868
67
664
206
348
345
179
744
349
407
651
330
178
607
195
628
293
656
856
751
597
605
385
720
179
311
413
218
119
406
462
339
825
127
545
174
824
724
270
525
483
921
855
662
880
402
290
525
59
146
276
656
103
14
728
634
677
142
204
149
900
19
488
726
146
34
252
322
110
522
847
594
795
54
256
675
456
546
201
515
44
829
523
499
195
252
133
873
746
337
22
998
356
862
76
854
896
328
528
359
202
375
953
997
429
561
25
886
107
578
753
503
759
629
2
955
233
487
180
979
176
554
329
533
416
406
739
665
734
268
24
289
995
977
286
425
538
663
663
997
241
768
852
1
397
854
308
630
341
488
961
517
42
291
402
458
49
494
123
783
114
147
72
109
476
711
886
366
374
901
715
968
22
567
321
419
421
629
402
114
117
715
984
511
358
386
321
407
232
445
543
346
944
967
808
773
30
694
139
757
948
855
725
970
422
398
741
196
27
495
310
496
563
294
359
921
33
680
681
265
125
224
964
422
543
772
195
574
818
334
331
766
541
408
736
316
806
830
512
185
325
174
33
888
821
392
162
854
72
843
471
550
419
435
972
962
207
167
888
378
853
219
144
747
979
233
63
137
63
927
322
740
101
707
981
274
99
143
128
172
338
952
74
757
739
46
719
299
565
960
677
770
531
821
517
511
54
932
0
469
859
675
210
961
382
543
235
482
686
716
6
24
20
80
133
759
478
852
58
43
164
735
165
696
909
683
207
315
615
207
785
827
882
347
788
617
242
375
99
928
443
457
304
815
889
437
575
719
641
985
114
806
73
279
502
334
962
709
649
930
268
786
757
503
485
897
120
727
624
571
7
420
380
311
235
269
748
162
988
390
148
102
196
573
381
50
907
696
111
908
978
379
695
87
234
532
984
354
260
960
277
267
380
657
579
968
926
679
130
266
421
630
720
617
555
454
19
462
502
130
371
480
862
418
567
96
950
903
803
562
863
80
182
596
738
761
564
664
792
46
283
214
677
3
183
232
457
203
47
311
333
770
791
195
540
710
644
490
613
447
405
829
527
587
425
265
700
341
282
492
387
917
706
64
920
242
649
730
445
48
41
130
818
185
678
710
895
322
552
861
769
957
690
648
544
467
914
596
808
548
89
195
465
147
612
737
741
613
819
186
661
861
317
831
398
995
893
645
669
445
506
438
403
548
86
299
367
352
896
175
252
337
723
69
836
687
807
578
300
626
116
313
839
785
496
589
780
389
235
801
186
741
239
589
642
678
241
9
382
489
185
987
178
260
56
14
947
215
944
599
194
61
264
385
846
112
975
979
501
562
780
687
303
372
629
297
402
222
307
136
711
844
123
889
104
532
255
403
99
200
354
645
261
618
383
107
730
710
438
583
272
219
622
927
943
251
225
345
473
532
481
536
376
957
425
832
841
681
587
292
233
941
290
494
559
673
953
641
383
392
224
7
963
846
934
906
450
159
251
275
691
84
812
419
393
589
251
586
622
838
879
855
131
521
701
690
194
655
683
929
399
907
936
362
106
870
268
908
30
871
183
73
955
347
493
701
289
96
287
263
287
518
119
418
39
172
461
233
179
144
514
578
404
450
940
862
673
560
770
55
431
953
480
739
653
325
440
942
422
79
205
61
598
676
831
637
201
292
223
380
789
89
959
193
892
251
407
565
812
177
972
595
482
452
334
135
778
126
429
552
206
635
613
804
663
796
793
864
89
368
245
230
458
556
775
350
807
182
267
971
359
591
919
841
43
253
329
173
732
758
77
938
745
42
94
761
839
239
625
928
608
222
510
418
130
285
768
290
467
387
261
178
978
180
371
373
786
700
547
518
811
624
808
908
667
254
669
506
493
647
786
101
221
296
519
352
581
639
642
400
378
255
578
356
788
949
730
926
2
629
444
813
253
604
721
272
858
391
130
351
390
268
805
611
916
676
963
497
316
957
249
46
565
827
403
353
129
485
279
131
114
75
944
719
679
17
344
537
760
474
240
150
95
45
114
11
722
429
861
390
387
110
436
952
290
191
657
419
676
936
550
142
363
846
214
42
863
558
931
976
384
171
126
479
569
592
491
643
22
352
33
409
814
821
713
104
365
722
523
393
658
425
536
21
623
102
415
839
660
346
815
396
869
293
876
438
886
719
81
908
423
466
669
237
640
734
694
5
456
217
750
114
995
638
487
618
740
254
809
400
600
624
149
821
918
25
260
156
96
693
64
519
160
85
108
152
819
802
509
275
372
259
741
367
898
580
337
990
834
147
743
786
123
892
607
393
917
867
549
365
913
965
884
425
50
992
577
221
147
86
496
519
697
589
238
947
521
575
938
355
74
681
141
550
573
101
943
842
320
845
207
233
810
443
658
861
435
587
434
582
25
931
453
723
872
691
670
394
619
960
749
693
641
243
243
214
696
539
408
16
384
615
250
194
58
260
407
846
848
842
780
873
125
234
948
997
925
971
743
544
931
845
590
573
440
185
139
136
724
548
152
460
515
754
7
926
15
414
772
215
608
552
440
85
138
389
435
64
360
178
960
291
23
550
216
815
88
356
951
164
256
456
625
771
210
632
697
577
398
821
792
359
726
233
444
864
622
879
280
334
58
593
977
433
143
194
249
583
550
552
748
158
8
725
929
219
357
979
796
107
800
941
466
526
174
263
743
148
142
375
834
552
968
811
338
464
5
939
47
907
491
147
65
500
872
347
71
581
326
219
689
478
160
507
357
334
770
100
834
265
475
668
817
444
832
507
908
837
446
307
97
938
455
514
790
327
861
213
261
187
432
302
666
945
809
23
631
932
475
466
197
302
486
366
98
318
874
6
508
320
666
605
610
121
119
752
800
981
965
61
520
750
363
538
695
525
913
326
457
740
144
6
43
631
372
141
301
246
500
809
919
166
414
529
639
886
282
791
219
599
853
91
349
568
630
396
93
895
723
902
636
219
908
31
850
281
524
152
879
24
313
798
542
80
328
533
966
962
325
537
561
530
628
263
98
610
659
544
858
734
798
846
306
707
877
156
340
401
660
219
778
974
18
672
54
698
558
372
660
883
909
573
765
889
188
215
500
200
759
358
286
910
204
592
617
433
101
309
186
761
528
964
87
898
989
493
948
547
865
960
782
126
534
547
16
74
762
868
274
874
578
561
784
134
153
401
567
254
710
753
368
590
70
807
841
411
301
789
958
518
750
740
997
636
639
365
710
401
585
985
275
163
898
59
297
51
812
864
658
874
969
378
817
391
185
658
802
838
447
112
709
549
852
58
185
843
423
896
245
8
233
872
523
131
284
820
534
96
36
192
323
357
922
492
749
460
150
903
650
949
16
711
499
220
769
684
64
544
580
309
904
813
533
779
296
817
599
831
266
987
375
589
345
298
81
446
110
583
701
760
532
717
472
383
938
593
68
354
490
0
15
746
166
548
526
814
366
477
645
632
465
21
573
162
671
6
960
781
941
661
541
825
379
365
209
669
959
629
375
801
981
390
547
499
938
73
314
656
551
959
288
368
332
213
530
3
219
490
784
512
503
678
338
234
43
547
903
354
528
630
155
509
20
703
361
311
128
675
967
31
986
608
399
671
821
929
674
393
771
811
905
627
489
595
861
884
142
117
239
22
747
746
884
768
801
245
79
930
272
398
961
610
6
361
281
180
642
308
573
766
119
830
393
960
426
254
844
920
371
435
943
119
182
827
239
983
424
318
265
696
716
227
306
75
940
588
255
582
896
828
700
367
10
93
679
788
700
523
709
423
311
4
542
493
183
133
828
607
803
94
655
520
321
961
947
613
901
202
195
149
382
248
516
392
341
547
181
393
71
242
817
734
598
711
227
133
845
407
92
648
501
747
520
174
708
467
787
962
669
335
111
51
583
980
796
276
527
329
670
950
923
839
684
521
550
263
6
747
671
98
396
524
845
268
699
905
736
838
219
757
173
331
161
108
663
957
385
190
638
55
493
561
246
529
434
796
793
440
544
816
890
292
340
735
560
391
992
296
230
212
54
755
895
567
864
558
524
249
100
162
656
593
75
902
123
509
50
268
301
594
84
191
886
776
278
799
168
270
95
398
834
501
505
729
68
369
639
944
970
740
458
626
685
533
880
160
394
931
780
695
877
864
238
116
641
516
915
161
139
362
911
973
216
416
55
636
786
694
581
756
786
391
735
824
925
967
336
319
250
117
367
480
333
605
948
326
474
215
487
613
577
398
938
145
815
345
782
953
40
715
61
178
106
148
2
383
116
691
703
718
808
422
198
141
379
498
468
853
713
307
818
291
706
109
788
873
454
922
826
846
637
239
25
96
388
379
479
856
70
534
926
230
956
477
372
688
975
192
541
689
499
712
332
557
173
120
430
627
43
608
826
32
200
203
128
940
582
608
796
5
142
74
235
451
551
959
139
527
151
32
568
3
96
900
560
269
372
343
249
767
303
75
800
503
278
928
443
212
888
591
217
383
666
805
186
569
764
325
96
268
709
16
623
806
916
183
427
641
878
676
408
182
103
208
37
381
489
481
946
729
424
515
112
90
320
298
660
437
975
108
705
685
125
328
843
393
863
270
386
94
299
795
276
402
355
665
136
196
146
82
926
571
597
390
13
918
689
25
355
16
134
412
53
611
92
896
356
955
519
743
49
818
890
677
572
245
343
708
442
841
790
368
764
388
110
130
658
799
155
365
168
289
777
221
252
221
470
609
176
989
704
578
159
594
607
731
191
302
440
985
144
582
705
260
322
816
390
980
967
898
697
135
539
826
357
792
47
179
753
224
168
809
154
679
755
761
762
946
416
202
932
912
137
989
172
459
805
915
792
773
813
489
260
352
316
969
496
363
148
249
939
668
58
93
347
813
207
110
112
623
664
396
535
801
385
59
613
543
326
405
668
139
894
928
844
210
898
340
926
46
942
865
715
352
311
414
166
870
876
630
845
541
26
732
694
763
791
307
306
470
712
974
609
607
903
805
169
153
498
447
199
440
665
266
792
976
681
310
198
557
940
43
450
318
775
145
82
918
452
740
388
165
67
350
124
322
507
645
475
5
93
26
445
758
645
590
86
326
900
636
235
193
679
38
863
806
183
297
76
635
390
465
152
