625
977
362
977
868
697
835
62
331
505
283
330
830
69
461
856
366
588
643
208
482
566
22
895
118
854
289
454
303
706
182
928
684
896
905
552
593
92
966
924
598
601
606
780
670
420
988
37
8
631
597
490
197
620
738
668
826
379
122
129
86
656
410
770
553
667
674
498
112
992
775
710
594
381
842
616
153
830
5
161
461
603
4
11
575
94
679
753
473
801
235
911
810
997
33
363
16
707
213
128
52
988
190
998
722
32
614
227
862
620
389
676
575
745
687
502
191
366
255
664
519
842
928
329
839
961
44
856
21
610
336
425
950
527
423
24
559
389
252
774
361
993
802
936
738
489
790
281
207
398
297
726
240
225
408
80
187
452
288
560
414
624
985
365
503
408
389
415
149
641
189
511
634
343
799
724
832
590
5
39
988
303
117
580
880
877
12
67
682
300
627
96
277
964
461
780
724
851
547
874
844
88
385
479
431
536
555
263
478
561
654
818
216
124
399
96
1
411
516
683
64
495
780
693
460
241
825
184
444
373
410
289
461
147
120
893
684
675
156
514
588
163
333
804
287
84
253
288
495
769
972
911
616
104
604
428
697
430
613
142
803
23
783
264
171
903
157
207
930
666
721
519
829
406
675
468
490
928
756
986
49
80
249
666
184
854
446
882
284
59
376
439
435
159
703
958
62
213
165
992
231
238
863
60
645
539
528
135
819
636
473
869
717
723
887
253
929
333
487
213
745
863
652
532
374
707
490
788
272
7
133
503
597
996
915
242
535
795
730
707
432
555
928
501
630
815
754
559
500
594
772
597
457
776
129
832
836
971
620
108
330
753
612
928
102
879
522
989
675
252
696
107
808
624
960
790
791
66
350
644
660
122
241
470
251
723
302
87
694
274
547
377
380
511
305
482
391
827
823
418
80
520
525
240
144
837
30
288
903
732
932
564
855
525
34
458
248
688
897
295
314
796
672
46
308
977
528
51
156
352
469
588
224
346
180
720
183
563
8
86
295
292
2
502
818
388
960
418
76
209
713
743
6
737
789
314
66
670
717
223
374
186
811
598
532
992
318
67
907
679
153
202
971
508
705
141
896
665
560
325
875
625
68
881
715
857
547
781
527
264
356
901
802
520
851
334
864
522
401
771
201
906
973
524
414
678
18
311
696
578
636
923
555
704
156
270
913
703
404
793
319
760
46
121
632
898
807
496
420
208
267
973
466
593
497
881
271
515
544
319
445
532
242
1
588
398
623
501
453
27
294
772
140
341
893
772
591
700
269
11
260
888
336
727
481
185
960
105
701
504
424
498
36
19
851
624
417
475
477
871
854
124
995
994
817
889
119
408
941
388
771
202
628
107
281
110
292
241
567
345
97
343
196
485
362
47
461
132
874
938
355
81
414
350
427
231
239
546
991
181
286
762
735
915
221
16
377
866
609
944
563
706
639
759
543
2
159
4
486
385
942
841
466
357
191
894
940
783
440
932
316
79
46
51
994
268
419
723
134
28
667
697
86
658
809
629
660
968
633
498
353
927
339
172
636
531
66
577
666
858
861
982
937
907
385
283
175
804
6
661
184
25
359
270
684
168
899
696
488
884
195
841
811
534
13
800
417
431
377
83
290
590
417
579
497
802
863
673
958
869
686
142
247
397
412
931
565
663
627
405
547
822
599
711
709
964
511
478
396
240
914
38
830
331
969
679
486
832
704
444
54
391
939
301
788
703
584
706
367
211
111
266
386
710
329
447
27
192
925
423
432
839
813
614
523
782
294
9
967
998
805
21
389
744
674
530
800
258
236
167
821
347
785
559
410
467
358
437
659
284
212
444
475
25
58
350
159
704
359
126
703
517
499
444
613
525
974
413
783
210
932
957
910
70
868
672
537
227
461
196
511
25
640
338
402
51
689
561
755
400
40
810
917
539
255
883
417
581
296
552
792
229
509
54
651
378
78
188
957
891
736
820
916
729
158
318
780
199
231
887
600
271
698
869
163
305
752
580
886
401
132
30
982
994
436
633
724
514
173
681
405
909
501
673
990
11
991
770
211
575
10
163
846
60
32
361
365
137
293
251
890
426
634
872
772
70
857
496
937
30
529
694
291
30
368
282
393
711
404
604
286
766
767
485
826
152
846
191
641
492
795
531
270
429
755
42
851
612
890
788
994
419
835
637
801
203
271
194
266
28
799
553
794
918
390
621
70
588
812
711
80
959
594
350
740
349
392
592
313
634
732
659
53
567
297
854
122
568
401
389
948
552
294
743
470
684
364
893
624
528
956
705
840
551
55
580
252
800
524
566
434
257
225
840
176
874
46
299
795
447
40
743
999
686
486
470
370
202
715
346
731
671
51
571
222
459
503
475
611
28
393
397
285
970
237
813
845
636
464
992
83
504
735
435
190
574
257
912
776
972
259
859
643
662
782
218
121
286
693
84
314
438
482
951
408
71
764
253
707
229
245
143
85
333
578
276
907
835
540
35
807
151
895
450
814
677
668
287
315
713
724
981
151
206
932
560
629
49
165
689
278
763
832
363
96
410
991
355
597
884
390
404
35
285
206
201
315
227
841
630
940
565
612
444
123
896
356
752
945
521
793
575
284
625
291
732
387
634
87
984
518
478
388
906
115
595
459
782
174
300
765
114
217
729
558
340
625
914
445
923
788
238
498
424
216
789
157
603
424
596
588
294
74
328
552
542
275
12
324
449
664
89
564
882
818
474
222
796
741
19
719
881
610
217
305
826
7
462
429
783
411
369
429
485
698
982
379
973
994
704
775
10
145
691
892
964
165
467
760
258
486
479
139
448
48
445
274
407
259
56
190
670
425
620
508
475
954
887
801
948
943
576
310
89
267
203
405
784
670
165
43
508
996
182
957
396
979
583
804
591
639
346
613
417
318
473
892
272
361
45
572
656
621
883
745
888
86
150
673
108
667
68
968
15
602
277
412
934
861
216
525
852
562
490
621
881
964
866
505
677
911
78
333
533
961
79
773
399
581
798
507
249
866
827
616
469
105
28
755
318
244
280
522
159
122
144
392
86
10
897
763
921
975
97
454
288
528
228
687
461
378
546
62
245
374
679
66
479
707
821
149
304
453
671
463
575
815
207
14
825
104
777
99
80
226
553
368
106
133
408
568
512
954
630
109
328
309
175
159
369
348
308
25
153
980
840
80
795
47
94
973
151
224
72
583
450
625
304
557
111
712
477
975
666
107
84
347
769
611
506
490
311
815
515
464
795
355
896
942
402
991
915
905
215
987
489
17
965
145
926
76
857
403
403
875
863
839
574
632
802
81
474
113
248
989
929
43
344
825
985
98
816
253
3
383
240
492
401
205
989
679
633
198
83
388
74
946
227
0
930
29
81
404
494
329
393
423
724
89
601
62
187
769
315
542
153
907
387
906
465
376
585
450
575
20
839
1
966
418
1
248
800
83
652
294
764
397
70
841
838
671
255
377
440
570
920
945
829
307
203
294
683
789
97
258
809
288
259
128
706
261
376
506
696
381
153
812
130
223
653
969
246
908
346
38
830
266
984
12
573
187
658
609
328
755
867
490
43
479
618
102
740
346
608
788
727
113
600
210
688
606
179
934
866
877
325
697
144
661
709
69
200
367
678
529
475
898
19
518
377
989
620
469
687
581
257
767
46
209
977
735
815
156
21
682
33
346
731
529
7
792
951
208
511
629
89
986
527
460
857
256
801
829
725
488
762
334
255
809
896
232
544
711
740
565
745
126
264
828
655
271
620
606
831
484
588
272
470
467
732
327
76
533
509
801
22
271
488
629
80
384
862
624
447
954
542
545
80
806
373
88
429
346
694
613
830
634
885
652
454
618
980
530
503
489
683
877
760
171
507
841
555
721
817
3
675
359
548
756
517
921
844
947
619
890
560
449
877
445
102
331
415
434
861
919
275
544
796
387
716
655
580
623
376
398
626
52
109
174
160
979
448
4
278
419
246
838
221
123
635
675
454
403
109
667
322
736
564
470
123
632
126
704
255
502
454
234
906
915
760
66
894
560
422
172
980
669
362
201
792
350
876
599
753
337
618
427
73
182
897
196
166
375
252
422
230
58
8
136
974
768
203
220
329
977
393
309
646
107
862
791
457
738
390
562
75
360
989
148
543
887
696
61
614
301
483
844
359
843
981
333
612
536
906
941
513
651
602
160
758
464
303
568
554
693
130
629
53
120
129
948
359
177
10
973
478
845
170
838
689
151
523
653
39
429
946
552
432
548
64
191
364
367
111
918
412
241
899
818
713
380
118
72
557
128
398
36
326
568
226
367
71
749
20
110
531
966
14
963
866
79
506
582
798
617
500
563
859
751
381
572
131
499
997
688
980
747
724
306
315
302
25
738
52
45
848
935
363
862
250
581
293
757
163
92
726
15
655
937
766
388
862
897
239
859
585
219
606
662
877
273
964
902
11
368
299
211
655
662
73
906
595
719
15
758
163
93
773
170
31
539
558
893
788
797
104
374
369
62
388
246
335
704
501
698
425
800
909
432
815
982
690
410
53
705
521
216
151
294
386
182
186
296
427
974
94
531
700
815
593
88
61
280
145
914
978
570
67
887
2
882
221
45
644
275
750
165
491
253
812
230
787
998
526
214
972
972
97
25
787
42
113
201
322
610
115
652
532
182
539
887
416
113
932
413
388
34
930
231
288
742
461
75
92
340
290
417
312
739
442
452
782
907
653
456
518
120
109
50
655
0
289
423
113
221
836
501
256
119
85
544
213
546
971
658
238
613
75
551
353
869
3
135
776
8
591
646
128
52
49
135
53
338
559
166
560
747
20
168
218
105
712
432
3
683
90
242
297
517
145
2
386
148
489
514
508
80
513
988
485
562
124
538
252
35
56
164
134
76
332
353
181
396
785
537
432
227
779
81
744
924
83
130
424
572
996
932
4
509
272
489
423
396
379
28
783
436
192
918
512
877
623
46
273
408
935
57
987
714
138
731
990
221
213
766
145
561
50
502
71
322
991
846
71
723
874
854
159
419
124
23
296
747
421
569
507
356
627
494
422
117
577
764
691
790
882
836
704
932
338
775
607
682
973
30
757
848
236
268
267
361
643
563
460
65
484
968
773
463
814
548
933
392
664
624
534
547
812
238
831
503
365
790
537
339
820
294
539
57
562
806
770
205
721
230
622
557
550
748
373
717
296
306
109
312
282
995
859
94
586
43
597
303
833
486
642
6
780
181
63
694
339
185
900
412
415
874
970
318
622
695
35
270
1
496
583
283
843
794
729
429
189
679
733
23
165
727
29
946
261
444
992
952
629
892
365
396
119
687
66
93
382
101
364
735
949
299
370
145
445
451
574
635
130
659
658
296
739
39
594
0
835
586
952
464
831
669
212
302
356
279
395
90
732
759
177
34
410
899
179
856
351
105
491
481
117
501
129
856
540
75
208
727
14
160
543
197
830
755
499
538
386
894
981
471
6
158
505
416
410
36
272
761
141
115
594
258
616
724
466
508
151
674
235
165
835
778
362
17
886
861
907
272
108
240
743
114
751
600
530
161
636
155
922
130
270
516
740
239
592
207
747
744
881
335
261
68
465
976
437
351
189
697
624
297
937
719
763
688
672
646
849
308
801
123
790
423
640
531
662
584
90
762
680
323
449
942
392
914
270
181
266
459
878
242
109
168
961
872
208
985
518
410
294
671
533
436
447
525
319
461
110
409
223
142
733
672
436
125
587
706
658
205
518
889
447
627
409
760
851
617
746
722
27
392
393
913
828
840
438
148
302
900
557
877
395
642
902
831
119
841
890
778
46
408
19
845
387
428
605
238
397
703
960
777
95
706
690
276
898
480
776
552
733
685
430
128
328
684
311
447
525
201
577
923
609
596
768
348
376
725
587
774
429
899
551
876
957
241
504
856
73
280
408
806
966
190
286
646
874
598
93
751
799
23
26
761
619
794
109
996
872
48
770
653
948
673
881
905
914
386
113
987
666
522
146
984
64
432
630
939
382
724
42
534
747
69
295
718
215
756
66
439
805
188
92
105
861
974
362
775
360
476
115
378
350
613
363
414
397
993
705
132
69
100
666
168
169
313
887
736
69
305
176
226
494
620
683
355
946
46
483
306
874
950
37
576
563
400
990
312
745
48
444
815
500
110
335
21
423
222
757
845
528
285
71
374
906
755
729
852
153
564
511
27
514
900
603
429
652
945
94
397
345
538
564
845
1
900
218
776
474
328
621
354
613
45
728
871
152
810
76
305
374
587
684
241
839
639
22
491
936
116
888
282
7
453
479
8
353
698
136
827
26
758
182
991
155
262
863
307
72
939
964
799
878
648
392
717
639
414
208
575
883
448
857
242
901
689
602
606
739
738
786
117
848
320
108
3
582
323
662
7
614
626
806
844
626
550
561
265
964
121
193
199
570
402
441
823
91
43
782
830
782
568
299
982
240
760
986
822
83
648
181
50
627
987
894
605
537
808
223
854
929
416
405
851
818
199
27
910
242
809
92
376
729
744
359
969
504
697
143
587
697
325
989
324
664
884
930
554
692
153
760
973
921
165
177
739
364
556
1
959
365
446
687
446
190
398
767
694
95
910
633
793
587
623
469
252
859
751
158
903
256
918
876
177
435
405
269
152
961
270
111
678
716
150
124
258
549
891
304
644
154
938
789
741
913
259
345
124
362
855
27
619
125
903
148
561
661
417
713
622
688
176
301
756
326
777
15
875
21
671
872
175
609
661
268
874
272
966
998
987
821
25
606
299
281
106
860
294
524
925
916
564
453
569
672
131
699
39
359
720
711
231
247
320
244
867
547
869
833
897
856
7
275
814
306
908
920
518
202
444
795
470
360
248
40
33
379
739
72
90
811
783
321
410
456
918
277
3
787
463
252
995
470
527
809
128
435
729
646
637
526
441
108
238
41
500
271
772
591
696
863
754
479
536
164
287
454
441
642
593
904
895
588
374
422
397
854
210
479
852
199
357
645
659
595
686
159
867
811
102
563
674
856
394
562
20
682
17
462
324
610
366
219
199
93
994
596
299
556
427
152
755
784
797
415
380
484
926
599
647
29
514
321
885
908
235
906
942
252
720
267
215
86
838
414
531
184
362
831
740
790
335
848
574
132
263
306
968
189
905
615
218
419
288
456
680
524
362
622
128
434
241
343
520
432
757
404
968
472
587
709
614
922
557
188
54
172
847
375
713
752
990
284
524
631
740
204
507
454
178
635
888
772
979
760
204
88
516
172
560
103
233
174
377
142
715
784
666
562
159
380
666
501
664
190
484
756
746
991
210
925
627
450
49
958
210
605
398
727
777
311
182
363
837
560
857
552
344
524
466
855
904
485
708
920
27
193
676
774
184
886
51
163
336
100
473
898
705
872
977
834
183
160
549
20
72
407
925
768
931
743
975
187
580
683
107
608
876
783
382
413
21
433
928
709
885
754
959
942
626
937
776
161
449
326
533
521
85
458
641
368
554
616
555
134
299
14
742
528
149
476
293
170
261
573
231
146
327
190
88
953
127
217
466
928
895
0
801
980
810
442
348
716
58
255
851
710
269
945
590
418
422
235
940
35
808
171
182
136
361
622
441
841
191
908
769
86
260
571
66
70
365
766
787
776
21
990
486
642
935
428
60
709
663
0
745
471
523
279
959
885
253
401
78
445
661
847
531
921
770
950
991
136
68
130
912
442
120
750
84
56
178
145
117
193
497
214
16
21
493
976
258
747
729
336
544
390
535
427
311
306
729
302
442
798
433
706
240
905
456
676
313
986
173
431
531
671
645
547
44
491
523
654
238
252
990
134
994
525
561
305
183
291
960
977
441
745
683
33
650
491
709
964
477
883
747
8
906
392
908
302
883
783
956
473
388
298
959
382
175
873
688
359
516
648
336
957
745
372
990
395
863
51
711
693
286
458
53
192
203
961
494
438
745
802
264
133
100
223
867
276
96
555
987
612
555
675
921
300
47
263
48
263
315
111
308
601
922
361
146
477
675
992
915
772
795
531
257
895
107
124
523
203
680
510
168
587
186
441
240
585
705
640
848
372
751
156
325
25
870
823
502
545
816
418
669
963
301
926
858
408
50
734
964
730
244
132
670
782
925
910
368
630
902
568
354
653
725
680
31
947
503
533
844
671
303
513
634
605
439
845
13
489
579
977
572
175
461
594
958
387
856
326
369
758
246
724
763
971
756
794
270
611
328
114
283
983
979
917
588
770
114
954
612
693
283
184
221
97
130
179
484
986
857
205
744
103
281
859
427
37
654
49
649
334
516
284
317
495
553
258
266
668
564
230
713
847
766
934
944
896
465
780
882
322
338
978
778
619
837
557
657
843
606
658
529
474
942
847
970
495
457
588
163
21
818
229
220
584
163
517
832
629
649
714
303
987
44
433
607
233
990
616
77
949
274
606
423
568
805
745
415
614
333
931
987
503
160
560
439
323
77
271
952
78
337
608
66
733
41
25
967
32
641
396
333
267
354
756
187
512
502
602
126
187
533
466
43
693
26
482
17
455
106
321
885
443
929
303
177
971
328
496
355
321
892
688
940
246
796
127
110
298
730
589
838
615
55
881
309
433
715
678
240
821
351
125
617
281
429
146
604
109
642
959
431
886
999
723
484
795
851
595
446
933
184
284
548
591
517
857
24
584
887
616
758
239
741
375
520
522
873
476
984
867
787
767
753
786
490
237
581
341
832
379
626
368
15
175
959
884
32
335
469
920
951
227
511
45
954
31
919
827
859
903
694
646
670
799
432
161
36
365
854
221
745
481
589
112
8
901
997
40
236
466
312
188
45
175
233
351
206
152
178
65
408
224
63
78
23
495
591
411
213
798
984
310
279
574
422
287
827
771
679
63
237
344
251
634
519
836
985
78
341
515
495
749
91
559
827
466
406
771
878
619
569
214
281
848
788
704
487
967
827
518
31
417
214
634
51
86
471
389
516
164
256
11
913
348
922
92
814
681
863
44
652
432
259
934
632
399
990
471
367
817
990
750
234
556
384
638
642
207
27
510
371
283
522
284
983
796
377
150
477
240
194
130
25
805
416
657
557
406
129
276
575
471
378
810
379
762
448
374
970
827
884
693
462
758
978
446
555
707
596
384
299
142
866
324
300
282
334
209
40
463
485
616
286
215
426
665
977
226
391
299
405
276
993
867
34
323
313
941
30
909
326
329
52
192
6
704
827
340
913
867
155
750
483
441
965
261
458
294
839
850
594
244
478
939
112
512
262
777
806
644
39
484
325
443
28
331
147
855
671
60
723
178
810
558
971
127
820
430
421
11
632
367
256
110
306
720
974
920
849
132
916
888
616
242
331
645
573
478
852
597
890
575
127
52
486
99
179
658
881
953
669
513
320
277
975
979
349
301
251
199
786
168
439
402
410
771
399
335
601
252
284
844
179
412
896
665
511
428
323
392
381
345
257
701
622
584
32
972
237
284
523
23
452
962
426
214
85
825
901
39
429
186
883
609
598
131
274
461
559
950
205
940
295
814
994
269
398
26
593
635
310
116
659
114
79
437
328
516
614
230
555
44
768
790
653
718
922
279
179
481
581
736
774
876
550
768
498
948
794
91
935
457
208
946
571
639
383
252
155
350
834
63
394
954
853
399
672
775
30
203
609
612
939
383
840
489
503
338
789
297
430
76
106
990
23
30
629
758
282
136
108
468
551
854
422
757
605
446
884
636
649
493
600
940
228
440
781
731
779
922
381
561
998
487
551
373
517
532
132
151
20
592
971
924
799
745
681
404
191
565
392
192
59
992
132
287
785
265
371
916
187
752
477
186
591
380
559
109
264
43
612
636
988
584
560
787
681
241
543
873
807
288
417
218
632
550
857
417
815
228
333
355
332
162
541
924
894
452
33
158
848
997
147
836
933
707
975
615
949
870
840
108
158
257
326
791
159
183
208
327
764
894
682
96
408
575
20
303
379
405
813
227
403
960
415
688
668
390
655
969
261
495
77
771
105
755
562
616
938
123
295
54
369
329
151
777
256
523
432
636
929
246
215
684
206
631
372
226
373
380
195
986
875
624
758
332
379
672
301
670
147
596
724
516
278
875
646
534
751
78
170
680
324
738
364
883
721
88
109
94
468
657
433
696
281
191
380
661
215
681
331
363
630
407
231
908
635
229
794
386
660
317
66
984
55
782
219
776
222
329
222
43
986
655
739
619
198
471
280
414
505
963
129
135
371
712
395
6
942
189
392
602
858
810
938
913
944
158
41
166
839
264
209
177
919
300
796
118
772
429
884
277
392
13
764
115
725
159
473
19
700
217
973
559
27
264
824
971
422
866
490
613
130
699
142
401
0
290
871
124
719
755
401
464
768
165
931
846
676
405
217
728
622
543
287
2
807
464
325
581
330
815
194
812
515
688
213
867
978
85
991
698
840
392
514
961
909
445
159
585
850
728
665
825
271
953
827
430
417
152
11
99
968
557
911
835
245
124
702
224
561
45
274
754
437
788
715
698
585
226
635
788
306
300
613
578
605
440
8
374
944
372
473
264
929
384
99
527
861
153
103
774
198
377
528
987
517
595
685
454
821
320
242
128
973
855
58
578
647
418
953
944
790
426
208
72
163
660
951
376
813
54
150
12
783
679
351
652
274
37
106
448
709
349
928
682
556
986
613
204
756
566
148
899
344
708
971
507
368
274
235
182
680
386
546
463
417
897
467
43
286
573
491
348
274
419
382
831
757
995
387
514
913
887
413
258
595
736
117
964
362
353
498
42
91
44
505
508
293
324
903
932
897
395
280
524
166
662
707
924
10
94
790
923
981
555
181
928
291
299
892
653
4
742
47
95
786
552
955
432
228
858
364
125
605
644
1
124
658
708
400
20
802
190
944
135
745
477
64
388
128
308
393
132
51
792
579
189
696
886
621
924
97
337
49
702
981
403
178
992
111
578
12
266
120
308
401
217
786
817
957
914
478
350
399
881
142
978
70
838
865
44
114
962
381
164
16
715
919
547
59
30
125
423
296
246
732
50
815
518
867
773
432
345
123
183
578
618
162
649
808
379
45
923
693
778
439
61
845
358
608
904
740
86
328
389
332
412
439
147
930
306
920
714
4
396
898
582
366
412
583
526
791
980
801
484
111
592
545
956
302
506
213
43
592
893
432
276
305
223
775
235
881
48
301
885
796
199
820
162
611
755
40
754
88
194
238
199
786
136
507
441
642
720
484
586
613
268
862
918
491
637
505
372
685
807
610
481
358
782
995
970
889
36
76
977
582
315
528
368
803
36
809
797
756
645
383
722
265
245
640
108
882
498
833
920
305
795
401
663
929
397
985
818
785
62
148
719
729
676
87
532
712
249
329
821
246
712
543
864
957
535
324
191
33
157
111
690
304
865
354
233
614
691
52
399
105
552
470
834
228
909
718
293
158
399
466
757
111
361
973
420
896
297
964
282
807
427
972
111
292
678
345
906
722
749
657
827
301
127
14
881
37
732
174
547
132
992
304
595
353
277
368
602
927
684
884
734
111
208
845
404
239
542
310
961
643
968
140
944
95
154
178
484
239
704
32
723
697
688
670
50
966
390
4
245
74
888
979
186
449
176
942
40
71
252
1
714
572
493
11
20
0
189
504
591
893
536
314
942
225
336
345
543
727
349
140
153
590
471
339
39
647
633
79
70
238
432
785
810
277
148
182
277
337
39
868
582
927
534
877
152
871
222
47
598
571
539
751
513
10
443
552
658
76
983
80
666
767
865
477
45
365
11
322
702
50
543
637
978
77
866
482
948
88
882
898
11
421
2
525
432
445
429
442
873
765
522
540
532
740
369
577
105
732
252
160
783
795
149
113
872
15
595
173
455
477
71
466
251
73
343
35
870
125
477
96
890
351
988
422
91
709
352
549
441
604
709
576
399
210
689
623
225
637
796
680
466
868
498
717
293
194
752
164
319
581
612
561
933
600
335
376
309
687
925
750
291
986
679
42
196
368
666
773
5
814
805
824
34
304
541
328
850
646
844
521
227
456
82
512
56
769
889
365
457
166
467
100
153
498
143
701
867
161
475
224
327
280
48
362
936
942
690
138
588
534
659
167
342
93
680
398
863
921
115
672
87
934
772
592
433
267
646
652
780
473
228
108
105
629
470
42
571
512
532
511
398
192
678
740
637
710
138
852
983
605
524
423
891
297
15
324
916
13
328
697
486
557
805
592
186
627
986
109
139
518
620
537
62
650
277
700
713
767
552
696
724
429
119
615
726
487
292
642
500
620
691
339
529
496
931
715
123
269
176
614
787
796
151
850
799
780
902
512
547
806
208
623
235
680
239
313
167
531
956
19
151
999
358
681
496
641
748
971
910
925
586
698
73
89
900
872
870
154
736
769
960
297
393
196
977
632
509
144
515
817
515
18
817
874
51
665
515
800
988
426
77
926
476
150
16
728
375
238
882
111
7
842
408
752
390
385
736
252
881
251
69
397
622
238
623
673
255
490
825
596
916
902
522
744
405
890
472
780
128
706
243
488
549
652
240
939
389
329
543
623
932
965
372
554
203
995
228
811
485
405
407
754
308
929
850
713
172
675
493
300
381
736
788
930
740
381
222
482
62
765
105
994
730
477
901
286
824
481
449
309
886
208
415
194
137
266
259
309
941
104
962
322
193
102
605
933
835
827
415
897
944
872
892
27
349
145
665
525
626
114
835
512
322
602
59
811
868
318
473
809
423
787
484
616
889
89
901
725
268
669
622
564
541
866
943
243
11
608
768
989
74
603
854
396
206
913
560
426
583
385
588
358
172
72
974
61
513
228
138
133
897
761
697
438
979
641
681
343
601
450
332
676
405
186
424
963
451
984
390
35
721
978
393
893
402
720
307
267
300
445
400
197
558
449
635
538
90
669
233
44
471
565
720
876
104
144
192
907
481
582
942
202
912
688
448
666
760
755
933
60
552
685
257
111
134
244
1
577
265
586
621
736
503
341
965
607
837
157
515
318
91
809
873
355
497
321
21
609
428
306
669
332
343
278
795
477
875
148
54
140
734
27
229
238
720
194
197
558
703
712
228
146
874
101
501
723
774
874
333
554
532
354
887
875
633
682
704
508
831
111
0
917
138
229
155
859
775
353
769
478
417
997
976
291
451
477
15
577
703
700
132
587
54
371
462
39
405
167
899
588
278
900
506
768
129
13
627
257
366
748
87
136
746
64
779
549
893
146
126
949
846
610
536
253
333
351
292
739
518
192
679
148
444
185
916
925
551
896
182
269
996
270
405
742
686
185
643
931
683
122
880
530
732
417
135
418
768
779
509
638
323
188
138
767
726
54
693
277
302
227
546
299
849
304
393
535
841
37
467
524
511
347
406
595
116
893
13
236
673
522
874
996
63
12
764
789
419
809
418
73
36
316
724
886
620
118
773
813
507
240
690
370
940
448
965
408
342
979
645
367
853
871
363
916
236
479
57
7
640
475
80
677
792
157
563
764
275
688
930
134
929
620
504
221
420
821
981
114
800
626
481
6
850
197
922
86
28
332
93
669
807
525
346
951
682
261
716
309
949
998
795
230
970
651
451
390
473
433
505
625
411
338
983
261
535
258
699
564
590
144
233
397
22
931
349
56
192
417
366
493
767
513
724
737
165
527
127
990
312
984
967
76
323
951
689
858
209
741
774
151
885
359
548
259
290
249
316
834
18
34
680
785
547
756
522
64
283
2
406
948
986
726
24
309
677
65
520
238
806
646
389
44
6
289
303
648
891
619
835
909
653
515
695
553
271
569
617
906
571
376
206
558
102
582
219
779
648
91
369
454
738
110
498
96
751
154
96
642
773
931
552
779
798
599
332
421
168
301
680
740
677
238
650
779
821
221
910
469
313
631
275
403
741
126
851
845
632
947
487
405
231
39
536
381
990
220
155
159
522
835
251
551
425
253
331
246
474
593
67
787
225
695
542
318
173
393
515
805
693
3
562
924
394
99
657
385
671
812
896
193
999
147
97
425
400
780
671
874
373
91
14
950
786
908
621
959
302
136
116
995
139
678
271
886
129
928
271
801
741
167
346
740
314
443
165
66
223
189
292
597
280
658
899
418
567
872
729
221
9
845
216
500
523
487
386
5
415
657
806
508
176
152
249
842
948
766
908
171
307
553
120
939
563
20
357
130
892
86
351
253
283
919
106
159
758
492
164
174
502
322
34
678
826
283
521
774
402
781
946
709
686
418
649
250
438
358
380
683
797
84
288
80
3
394
239
762
887
403
288
741
725
322
419
552
958
292
678
712
426
624
773
112
43
774
362
833
133
95
868
930
531
157
10
534
903
602
648
142
5
288
883
83
963
655
987
273
947
665
337
725
290
110
838
685
885
552
870
370
647
739
652
530
248
14
65
503
616
65
646
622
706
529
57
21
536
44
294
484
709
631
561
351
93
399
388
330
952
259
700
951
350
704
482
950
719
899
453
335
316
99
309
374
981
718
395
517
762
689
353
824
672
915
175
766
666
916
448
970
175
501
922
877
205
756
827
276
7
280
612
323
732
273
698
713
992
93
582
106
135
936
930
159
203
458
925
869
374
726
840
901
227
114
778
432
222
957
709
229
589
673
904
321
298
954
386
642
400
969
749
535
257
679
46
812
489
324
681
863
50
873
116
277
339
894
709
561
851
770
790
441
443
47
114
94
1
501
736
401
822
485
288
79
517
335
891
6
659
924
222
709
150
338
986
489
585
47
51
788
818
193
581
613
592
696
707
594
549
796
347
371
281
636
802
150
323
693
509
334
969
731
395
119
421
733
961
6
780
364
795
950
909
728
916
502
424
975
96
973
771
795
696
405
783
498
555
106
543
64
792
513
147
187
984
569
920
297
927
53
661
722
355
571
803
623
425
227
599
521
553
722
668
601
127
452
100
35
558
643
99
351
508
599
890
845
168
163
494
95
216
156
170
923
79
973
547
504
552
498
377
457
572
45
59
700
497
511
87
408
506
538
111
367
137
1
212
305
164
706
753
732
214
275
656
645
248
555
149
152
405
878
962
977
276
21
29
125
884
116
533
390
655
996
757
144
998
321
802
514
380
555
599
594
830
607
240
430
514
741
934
919
972
896
896
248
269
278
373
153
394
259
896
401
255
653
546
605
327
348
472
707
255
71
301
437
678
893
219
544
987
153
463
311
402
711
559
23
989
284
529
384
895
425
137
503
430
683
108
757
383
932
464
638
3
118
75
33
363
294
577
702
800
392
13
202
104
572
577
93
209
106
829
104
531
967
607
314
2
68
71
386
0
888
24
356
6
452
389
721
98
319
424
898
711
437
452
815
362
30
261
923
136
90
379
20
409
339
334
764
407
757
150
759
645
526
115
3
330
857
77
429
528
501
327
239
290
132
407
4
162
20
927
650
462
307
22
224
646
708
988
405
466
138
164
463
16
632
819
347
489
896
776
369
749
455
960
39
939
719
44
453
739
323
456
554
630
478
778
628
187
766
33
5
904
550
468
272
182
287
619
23
535
747
392
284
555
352
676
494
424
72
948
163
395
404
717
26
882
495
654
421
613
40
426
517
590
247
142
124
886
761
147
422
509
891
58
64
595
734
910
19
806
858
535
202
614
604
580
849
100
586
270
713
626
49
583
568
296
725
692
534
838
191
956
699
434
367
763
30
101
674
401
908
884
288
462
499
893
42
348
993
980
970
58
607
19
993
527
667
70
572
202
909
763
510
608
550
877
724
932
331
750
333
591
634
622
53
485
515
447
185
860
779
156
270
738
527
264
266
547
334
838
101
595
953
611
204
503
841
928
435
524
678
121
115
664
95
520
150
962
319
335
822
98
843
444
837
371
708
455
270
395
293
371
990
598
334
194
102
527
474
889
51
152
362
518
169
457
38
319
419
709
6
593
160
202
