944
261
60
27
303
798
941
974
875
567
668
182
942
976
322
23
446
920
936
151
264
538
258
804
526
274
181
724
982
980
28
278
594
440
306
249
591
247
223
818
167
243
353
461
219
675
837
18
595
773
521
212
663
131
16
541
405
197
266
740
529
646
18
123
86
676
724
29
924
299
848
91
543
201
904
114
228
741
132
824
515
6
36
530
137
404
72
895
953
338
635
482
336
5
958
774
682
682
804
958
982
4
49
877
557
305
991
785
47
476
609
914
482
997
444
971
401
868
866
354
558
501
189
894
859
147
669
541
181
825
499
163
829
900
40
386
205
384
523
604
212
133
518
46
130
315
17
884
535
884
590
94
737
779
340
596
278
361
489
460
538
340
975
367
592
368
105
798
752
629
754
316
114
273
362
596
940
379
832
475
263
423
921
1
202
262
949
833
975
791
293
514
131
268
233
724
988
691
874
92
672
628
408
786
253
770
734
545
150
567
21
765
990
294
118
544
908
68
377
884
859
22
750
342
643
983
66
631
674
940
724
346
921
132
484
174
903
219
720
405
138
93
170
480
739
641
376
648
709
106
884
920
128
634
614
771
617
681
403
292
973
479
990
894
611
827
421
866
46
493
271
536
938
794
368
677
435
744
325
496
850
209
768
331
843
382
102
813
63
857
457
389
336
447
283
300
274
56
166
672
549
790
560
487
936
928
517
371
25
842
219
875
404
987
206
599
721
661
412
137
870
869
526
559
669
161
859
295
218
377
320
119
167
232
959
455
161
476
178
186
318
397
413
74
736
972
674
458
633
86
947
855
308
473
414
329
634
273
624
204
651
296
324
170
529
283
978
690
759
156
228
429
554
641
504
642
613
178
452
598
616
399
454
276
872
868
605
859
494
230
415
497
878
739
19
407
374
997
449
485
154
677
915
60
671
771
702
284
301
507
235
917
906
689
194
779
909
151
990
403
381
405
900
612
497
920
19
871
269
469
357
423
146
624
835
817
395
538
454
48
45
689
965
303
730
511
82
639
15
424
395
748
830
647
360
327
567
380
550
837
849
907
612
347
883
448
517
630
338
323
678
735
364
996
38
94
859
473
85
874
897
832
623
79
480
983
758
399
715
309
588
916
568
201
264
452
1
133
434
691
808
113
426
172
461
816
618
320
289
55
547
539
888
522
618
720
505
729
119
221
38
708
489
606
261
105
410
614
238
845
305
46
310
83
570
771
899
188
443
541
244
342
80
484
864
50
204
370
779
675
943
169
735
784
776
996
890
186
962
128
383
267
527
693
702
97
816
602
638
612
143
234
954
575
718
819
977
274
541
757
949
836
926
685
620
54
33
510
593
996
991
976
615
518
22
318
967
838
272
605
802
767
191
757
342
909
576
319
535
469
428
485
305
707
522
925
761
555
436
354
903
427
683
871
297
705
541
616
895
813
222
698
580
765
807
274
27
383
593
562
204
374
47
509
81
921
786
842
477
222
549
732
1
232
603
650
937
144
267
184
309
841
234
241
606
41
515
633
776
461
196
980
835
595
489
916
869
276
110
698
850
659
430
204
891
34
206
180
530
473
365
192
666
599
433
273
993
301
258
769
762
806
750
949
754
591
217
623
219
327
321
70
987
103
626
230
489
832
411
20
658
128
212
324
79
997
949
72
298
560
842
412
366
944
361
472
535
578
447
755
258
120
177
597
224
803
827
713
987
590
733
645
70
297
322
150
647
271
222
945
831
416
710
550
360
71
22
896
2
822
3
612
942
180
209
166
335
388
880
322
331
965
320
401
615
642
903
262
913
478
559
97
894
621
647
255
45
21
503
399
843
506
11
786
38
572
304
373
312
536
47
643
502
367
397
469
9
300
83
923
778
994
372
25
616
19
632
661
392
135
60
236
993
423
374
383
995
678
756
307
215
155
303
69
523
700
538
532
0
973
807
131
967
179
508
583
550
140
596
943
627
8
531
620
431
257
355
426
935
463
86
502
618
389
923
141
89
813
26
441
786
185
924
754
717
432
689
267
572
286
562
199
646
93
171
78
350
526
856
638
989
942
492
608
331
768
101
772
581
479
214
368
17
490
474
734
923
163
353
495
801
916
47
448
361
570
878
64
97
734
54
438
677
898
398
360
666
500
133
248
331
699
968
348
189
442
82
464
957
788
312
111
704
359
911
417
929
789
833
378
875
239
817
904
138
215
265
804
67
750
404
751
801
372
99
990
166
534
807
476
322
119
587
26
478
850
795
759
991
981
490
866
220
659
771
358
874
388
515
294
138
919
45
291
644
496
633
810
30
440
286
352
559
225
730
389
75
526
149
66
507
991
285
79
650
56
438
876
796
305
170
934
224
567
577
868
64
210
31
94
651
317
447
210
895
177
600
970
55
101
389
914
92
674
994
742
82
784
618
878
89
141
164
665
708
741
534
124
951
565
219
602
234
18
165
129
547
765
452
603
866
841
869
310
867
215
52
949
351
22
827
440
163
343
106
224
84
992
348
387
909
567
342
495
937
507
977
485
272
429
440
490
622
309
152
489
877
204
790
228
578
969
21
742
312
479
966
748
471
666
135
732
234
477
227
523
984
556
8
608
985
448
450
607
110
602
448
987
158
238
215
737
559
588
479
871
67
797
971
890
463
107
622
49
936
202
573
921
758
933
881
96
382
332
55
844
286
504
831
445
94
398
182
6
339
13
877
406
810
201
297
625
308
919
27
596
473
600
869
584
885
751
680
267
435
735
463
721
591
646
166
38
397
700
44
736
713
273
142
875
474
439
853
134
711
880
731
184
832
600
120
717
703
800
337
138
888
800
212
831
447
730
869
196
431
913
932
496
187
74
372
13
866
577
148
577
457
879
113
289
831
234
358
535
386
695
25
626
496
237
458
295
968
327
491
751
241
775
247
780
849
971
793
715
548
941
644
357
172
110
646
4
696
5
891
82
52
916
61
548
506
519
195
826
846
38
577
439
813
176
219
15
500
365
82
400
658
727
758
831
189
756
187
885
761
430
319
166
346
380
66
204
899
262
30
746
652
959
537
466
488
109
481
988
474
563
388
484
642
498
667
831
255
854
716
16
636
388
182
335
768
249
539
668
863
570
766
515
881
655
333
369
764
814
709
238
730
450
75
372
948
742
204
203
949
272
572
585
12
106
920
781
707
460
801
570
382
919
438
615
574
771
985
339
586
46
929
668
496
4
40
445
747
596
648
48
221
220
633
233
327
906
14
34
718
167
957
452
86
395
67
661
166
404
352
104
451
281
772
947
638
165
392
737
761
393
785
334
613
770
568
940
676
934
327
746
454
284
198
540
679
266
553
197
670
905
302
473
539
426
421
529
943
165
618
57
558
403
391
524
525
311
464
554
246
791
300
700
427
499
592
106
117
498
304
787
755
958
261
646
736
34
175
680
551
793
737
110
548
128
634
426
440
450
980
38
594
632
90
21
131
34
128
248
532
784
388
288
94
1
934
830
387
462
862
938
607
599
48
508
80
34
934
872
837
266
262
431
898
704
452
382
738
932
630
623
68
370
263
162
371
197
345
758
11
207
697
619
159
97
479
591
484
413
463
321
679
77
752
929
781
556
311
519
841
942
494
909
664
757
424
36
307
769
146
318
328
195
289
487
645
768
78
129
533
893
450
564
970
554
494
751
110
805
623
303
99
117
213
764
227
989
152
534
758
298
852
438
846
494
926
491
614
356
620
148
250
422
712
572
976
558
676
438
364
651
742
463
120
307
227
347
296
379
881
406
30
86
844
876
580
122
367
194
831
987
694
433
761
759
5
737
317
681
175
681
684
269
497
805
576
724
152
224
456
34
630
486
120
827
362
52
301
81
598
132
420
645
565
181
404
571
918
721
604
445
755
289
67
252
446
643
328
598
220
784
984
202
622
456
381
336
860
683
417
459
815
189
104
733
370
860
656
640
581
260
86
688
901
153
292
699
148
621
298
720
757
634
923
380
91
304
68
303
987
486
762
155
675
218
888
398
78
544
38
12
156
476
700
410
629
345
109
130
318
759
850
75
394
773
807
837
430
228
140
769
66
255
924
741
473
812
491
552
708
530
564
865
6
616
275
988
961
736
470
631
496
320
707
890
446
866
79
228
94
219
997
160
474
922
254
300
86
745
852
147
627
768
12
986
384
639
326
698
375
796
681
223
468
740
113
266
607
544
846
53
764
844
566
590
118
820
890
556
917
94
703
897
862
67
883
599
706
561
649
434
709
330
657
177
71
123
796
30
667
642
83
783
838
649
726
956
821
968
513
91
63
216
988
925
284
223
876
342
784
877
776
493
208
786
22
631
261
170
661
928
165
96
64
3
98
790
960
919
758
825
10
821
41
998
99
677
573
327
372
709
205
500
554
765
286
929
396
547
99
409
828
616
505
892
620
603
34
932
875
792
757
885
966
150
236
417
180
161
744
552
871
301
52
425
66
339
354
814
238
806
575
66
422
81
310
394
36
344
326
263
489
83
501
455
586
89
224
766
250
968
318
121
622
370
899
40
61
605
855
300
411
430
718
186
863
29
580
252
725
907
515
214
342
16
669
280
457
893
46
708
214
364
181
188
87
80
228
148
38
435
800
801
866
519
987
81
900
920
685
625
179
201
840
521
569
861
154
27
107
200
87
321
917
268
861
4
701
89
504
739
525
305
540
743
176
880
824
76
800
510
701
979
63
541
852
984
403
6
363
862
207
450
183
476
71
44
480
772
485
336
511
10
641
403
105
817
283
930
893
83
792
947
414
207
840
267
543
595
625
907
457
184
709
640
660
780
36
492
904
874
829
767
884
470
171
990
640
454
272
885
890
416
832
304
975
673
923
518
268
549
777
726
733
839
718
394
971
107
886
876
981
715
643
217
538
166
559
530
621
183
415
863
951
248
519
926
273
443
797
541
344
926
619
77
765
690
823
737
797
62
965
130
129
608
347
19
775
259
549
748
442
965
611
394
565
130
672
838
925
821
731
269
748
351
699
865
41
874
602
190
936
567
320
418
528
19
437
655
278
987
403
73
952
366
819
517
848
843
707
774
665
438
395
765
789
94
630
182
969
585
372
257
504
44
675
384
64
113
39
694
100
794
119
404
160
938
273
9
134
980
135
151
418
882
916
560
329
898
742
650
483
467
907
340
511
583
724
927
48
116
974
500
910
93
256
71
384
529
432
870
509
919
21
279
801
937
839
130
835
934
780
671
401
40
363
264
975
87
192
23
203
518
875
114
963
131
537
347
660
321
569
521
240
590
800
393
527
992
524
715
926
656
738
327
696
101
591
671
540
135
46
744
653
921
210
617
52
99
316
64
420
238
585
12
828
386
405
708
730
929
423
656
938
161
335
986
614
926
10
154
414
56
250
419
978
812
388
382
911
705
447
683
295
32
695
123
770
101
831
500
382
606
508
320
119
843
659
733
122
669
888
536
725
138
955
55
951
344
790
214
401
237
898
696
621
945
819
744
46
3
596
781
609
105
101
729
948
760
814
70
781
702
958
507
193
914
914
496
610
704
62
11
293
960
59
915
258
230
11
304
233
607
85
195
712
539
276
13
651
90
435
433
145
394
292
338
308
558
186
918
263
248
281
556
561
692
823
819
922
834
475
508
794
913
55
506
804
331
519
807
421
955
592
918
701
884
608
9
443
794
279
58
395
912
966
308
956
142
127
878
328
954
738
122
219
793
629
23
476
500
831
250
807
423
168
508
660
777
869
455
923
500
513
318
764
831
626
720
973
105
599
302
60
689
424
631
835
405
655
311
258
838
561
417
613
730
926
273
859
147
728
782
648
593
101
764
777
79
485
750
185
436
404
597
125
181
228
960
586
235
624
196
73
185
614
39
267
892
312
126
391
393
261
391
338
362
156
115
793
641
866
978
77
622
927
554
803
156
515
742
743
491
938
169
676
904
208
296
148
520
774
540
265
35
931
604
749
87
71
543
728
289
521
805
912
449
360
67
957
227
809
52
718
100
221
746
356
429
394
505
302
169
45
919
204
976
523
954
64
595
497
792
236
370
950
148
171
662
216
480
241
377
533
959
477
106
57
834
536
452
339
190
973
384
109
177
712
985
483
776
932
332
921
168
703
223
317
226
885
885
707
126
262
592
437
92
698
846
926
586
650
617
128
623
353
238
153
65
575
988
842
507
321
115
27
376
338
696
602
575
581
661
53
196
253
490
288
304
688
214
890
339
183
19
314
536
609
819
953
184
808
147
43
481
262
70
857
952
767
811
527
700
473
580
896
78
422
184
382
111
750
625
802
933
644
468
821
253
288
775
789
448
922
832
929
537
902
138
489
21
301
17
722
126
949
618
205
372
803
939
835
553
564
637
839
560
105
660
813
745
787
954
193
710
786
122
247
41
612
736
62
914
105
784
40
407
755
245
779
558
537
966
463
101
955
654
662
412
667
827
158
454
782
703
164
920
826
763
961
790
852
376
704
309
160
745
716
267
342
847
825
879
813
641
333
120
295
347
533
962
174
43
769
308
746
933
229
924
49
542
715
901
918
419
562
431
516
279
50
859
478
228
90
292
869
423
764
516
770
297
831
297
692
600
605
439
885
186
363
286
81
78
539
351
850
102
134
366
381
185
225
859
413
668
503
634
91
268
150
214
917
333
511
610
285
468
401
523
655
116
809
88
195
349
439
397
451
574
763
184
759
341
395
524
9
251
158
452
871
308
666
788
994
177
750
279
646
503
802
653
620
612
741
167
313
532
564
764
106
679
948
217
20
695
741
381
946
899
834
817
560
852
606
906
30
708
185
28
212
340
33
832
304
774
351
617
306
915
381
765
594
681
334
967
376
76
348
323
327
534
140
239
387
98
145
769
159
683
797
723
375
830
907
679
956
258
296
614
173
29
379
119
62
714
86
438
142
435
113
821
321
606
413
708
704
558
477
215
593
626
938
968
808
845
999
764
103
647
379
628
676
110
748
738
176
186
529
670
973
994
492
295
600
257
3
657
167
481
872
761
459
163
81
268
360
81
32
464
80
763
444
757
226
192
847
754
731
728
425
704
723
269
999
675
526
3
684
45
836
909
806
295
72
240
915
432
673
300
248
753
63
693
862
641
237
62
396
968
790
173
673
865
794
672
893
672
27
577
717
215
486
876
511
910
116
778
695
141
78
943
894
494
988
757
135
578
819
883
546
961
408
571
179
554
596
72
226
623
1
296
839
488
172
702
750
640
832
445
781
911
741
675
405
729
784
892
307
955
776
206
917
536
129
96
91
725
520
669
701
521
965
540
361
489
594
112
129
426
909
910
689
2
938
94
84
722
987
743
30
115
949
947
3
79
395
446
156
915
116
857
788
433
749
150
923
695
614
404
474
875
667
163
878
605
258
962
679
597
705
709
712
7
8
67
438
403
514
594
670
630
804
459
415
553
961
338
601
575
95
75
450
762
238
680
719
496
642
750
445
700
460
509
707
820
577
497
224
91
443
246
73
247
57
488
153
18
179
754
593
626
181
396
388
419
76
107
268
71
857
713
771
669
223
830
490
152
327
66
595
122
664
668
722
722
508
227
740
39
333
686
665
514
82
53
933
158
512
553
581
722
267
352
743
842
182
585
346
861
3
941
336
668
961
58
742
469
285
482
861
970
168
526
484
602
932
417
113
796
971
694
870
590
47
614
784
581
551
130
795
555
71
483
575
384
541
317
853
178
151
714
148
320
593
984
274
525
401
387
673
724
82
544
666
481
158
450
414
709
932
209
616
355
692
191
739
585
508
945
115
660
11
615
332
604
599
606
481
353
346
155
77
428
699
96
261
209
898
675
270
831
885
887
186
929
78
278
867
939
223
982
951
234
598
283
191
549
241
672
902
939
179
332
367
230
428
980
439
326
656
62
157
893
949
696
174
379
974
41
670
197
24
621
783
974
256
974
523
850
999
426
789
178
758
509
409
538
489
200
864
145
262
374
390
563
70
565
943
396
606
613
945
982
587
728
956
843
55
832
693
54
258
483
584
368
992
345
258
833
546
122
979
160
496
369
724
918
286
19
666
893
632
611
875
219
340
184
415
747
16
108
153
626
943
737
346
287
83
604
121
981
726
452
141
575
821
865
845
108
884
512
353
869
123
580
440
815
764
855
914
780
316
67
758
259
805
104
547
888
708
20
221
787
472
362
714
645
580
559
105
816
423
458
685
899
39
126
714
803
333
629
936
649
696
694
261
853
799
160
93
859
180
314
646
652
677
360
649
609
272
755
425
695
213
111
594
604
589
661
760
274
642
696
924
690
742
537
544
541
697
989
753
877
304
399
881
333
112
530
942
736
637
367
431
203
830
378
807
771
391
919
46
385
615
970
75
710
859
971
603
556
961
356
785
617
756
18
950
220
548
244
956
538
963
739
741
794
469
900
565
860
820
963
245
435
285
673
497
144
644
101
700
957
457
485
574
565
503
876
785
404
120
93
294
84
833
35
230
302
935
147
515
755
111
760
543
396
433
40
541
430
141
593
387
951
431
314
516
286
190
654
42
663
747
336
99
932
723
329
587
659
828
102
766
939
214
309
688
0
702
581
430
195
526
169
146
957
483
15
244
26
21
638
689
120
975
788
53
50
469
992
709
649
94
828
589
308
489
629
660
191
562
90
739
88
612
237
46
447
604
642
473
625
632
514
746
959
654
151
10
475
143
71
125
589
899
66
897
389
695
910
932
609
0
671
697
964
261
95
412
865
89
237
491
722
104
589
33
758
92
43
234
235
115
711
824
366
777
73
755
824
983
40
433
336
63
482
652
324
578
64
190
667
654
33
741
758
622
775
868
714
170
454
301
285
165
477
652
942
550
759
118
886
151
551
574
215
34
226
539
964
643
81
983
297
114
725
407
88
852
275
154
22
730
807
660
247
284
664
542
187
775
660
425
927
564
999
142
950
225
33
914
868
115
897
517
581
974
924
22
178
552
528
201
282
336
213
529
972
877
423
511
652
84
936
579
648
935
73
598
513
107
864
381
574
113
899
155
440
175
529
618
727
58
171
361
746
384
891
718
261
314
230
266
750
518
845
750
454
919
700
967
378
564
700
952
30
951
459
470
127
989
440
854
399
964
216
145
348
459
215
962
125
797
228
228
316
425
978
122
696
679
441
74
243
493
378
625
445
838
447
924
179
888
778
930
852
346
427
552
157
994
514
635
792
742
863
460
520
841
934
216
520
727
291
116
220
669
741
17
859
189
941
38
77
72
320
281
418
747
833
928
742
700
563
886
442
426
698
962
267
632
179
788
359
822
904
931
491
997
949
351
186
890
741
615
314
62
896
85
161
82
13
903
782
576
789
576
354
487
891
621
471
422
761
182
244
17
114
87
15
415
790
201
657
884
169
972
298
417
57
459
499
422
715
633
998
856
210
352
344
101
325
167
875
87
350
471
104
816
558
119
231
701
673
888
585
842
212
883
259
269
342
111
691
57
744
41
914
954
745
610
407
71
129
634
510
831
105
614
647
664
86
230
717
111
471
302
305
683
537
916
305
879
27
996
289
772
390
555
78
135
517
838
558
998
472
68
830
578
35
829
594
473
60
311
584
531
965
889
214
502
805
519
733
185
868
374
957
610
929
387
745
798
577
656
797
50
724
979
980
111
808
926
584
868
589
520
399
554
409
966
56
567
837
789
752
57
164
61
667
445
448
413
244
26
421
393
428
497
372
760
609
180
686
193
401
275
714
152
829
475
118
237
394
308
26
146
365
542
559
33
988
8
798
584
386
219
329
166
716
53
926
325
585
964
871
986
239
937
139
420
764
609
657
159
917
35
657
283
578
217
316
918
577
114
854
315
685
183
481
401
236
759
79
173
723
302
160
962
239
299
734
355
908
391
514
826
426
524
461
356
741
777
274
670
243
480
985
928
663
818
681
251
577
760
425
652
62
937
614
653
588
700
9
496
91
875
674
869
399
135
226
492
264
852
162
507
333
147
787
348
965
469
952
894
581
729
546
996
666
512
649
254
212
10
102
655
886
129
525
637
616
103
130
881
307
292
740
992
792
880
693
109
701
645
356
282
726
902
278
744
767
280
350
979
290
452
987
528
933
864
166
550
967
648
783
626
292
875
619
84
107
312
546
808
309
902
443
35
156
73
779
923
353
481
255
996
285
242
524
219
106
42
121
425
690
256
51
983
483
22
419
591
334
965
751
643
219
546
30
376
620
161
651
325
642
906
673
928
500
550
499
958
592
620
383
635
228
787
970
711
809
389
654
144
707
758
139
926
304
522
654
276
35
306
954
678
564
979
958
65
529
809
375
474
429
759
461
9
546
431
720
355
820
727
851
527
485
343
806
141
865
460
418
900
118
724
930
683
703
240
100
233
49
475
59
830
586
520
839
484
951
912
192
123
639
43
3
476
738
809
617
603
621
35
856
740
111
138
775
815
379
227
48
428
54
107
611
641
979
450
477
930
714
669
53
705
65
56
181
803
217
151
759
839
538
615
931
650
105
706
465
484
285
513
265
339
972
876
332
303
678
810
233
745
479
638
450
896
47
984
700
264
135
459
455
673
426
386
323
883
444
788
368
729
653
985
69
977
213
401
280
891
563
865
988
43
504
439
939
551
423
991
167
558
802
623
231
580
361
907
464
806
695
184
887
349
169
956
326
734
710
607
977
273
472
966
668
328
405
960
231
180
951
751
90
106
726
673
686
87
580
502
245
276
686
133
977
207
89
303
941
151
262
919
425
87
237
93
767
642
405
351
174
357
102
264
815
828
937
501
915
870
356
161
146
42
646
123
602
735
778
895
239
393
166
664
832
403
109
599
397
867
950
571
224
52
187
391
232
477
892
500
347
600
13
493
995
659
968
597
746
98
844
985
843
11
1
675
414
111
627
164
978
577
735
554
982
275
945
566
752
189
66
99
142
79
944
137
738
264
86
485
714
930
822
558
941
824
233
708
287
860
872
617
790
959
523
124
586
820
690
338
361
757
789
503
836
85
640
927
349
726
764
416
657
586
974
950
410
207
10
49
420
234
666
210
546
189
334
132
9
24
823
371
133
612
874
970
50
867
249
751
593
13
167
602
951
141
905
362
701
267
763
121
502
430
331
48
619
17
532
981
393
355
352
527
320
578
497
722
445
98
473
391
111
641
345
414
782
250
128
483
870
892
956
372
322
287
772
293
656
656
274
50
364
626
577
36
557
426
758
2
524
231
745
987
224
91
401
7
693
882
842
563
774
799
287
96
438
59
389
447
68
16
497
432
994
426
468
551
852
226
554
728
809
651
715
34
742
468
393
788
350
587
351
476
386
991
572
177
50
314
624
118
682
473
902
676
899
370
228
751
948
134
831
758
785
546
792
528
366
537
668
69
124
19
545
863
362
470
40
413
136
16
883
818
841
138
494
740
508
74
843
457
208
674
215
994
572
359
874
290
896
542
711
20
913
257
883
276
79
275
41
567
643
276
385
484
414
231
576
275
306
771
84
866
797
651
860
721
10
86
364
258
980
75
630
246
684
866
874
763
493
267
330
137
895
67
973
662
299
902
937
957
25
21
823
823
672
36
896
34
474
260
644
807
336
274
53
20
492
279
136
986
546
466
475
793
534
800
455
185
54
744
494
80
765
317
255
789
705
151
175
180
764
819
987
100
446
392
472
290
671
608
276
569
75
751
362
961
904
170
498
958
914
992
38
32
661
293
173
367
797
349
899
561
520
238
13
318
982
485
609
5
94
237
574
521
341
288
834
245
810
332
203
725
676
594
757
337
239
930
56
36
631
955
949
152
545
962
822
527
800
431
532
894
669
458
767
10
99
953
607
909
637
810
634
313
404
743
2
996
674
59
32
305
366
334
809
264
296
632
791
96
415
324
342
436
134
461
798
233
414
405
143
403
216
129
716
972
873
71
968
899
482
353
556
848
687
718
112
335
702
256
784
117
932
478
906
66
940
704
652
706
110
795
462
326
276
530
650
149
601
619
48
83
324
957
284
11
675
748
698
377
356
482
494
288
313
400
355
605
457
359
311
567
154
773
245
782
304
895
932
257
866
332
693
190
289
977
553
316
77
252
693
434
86
540
722
399
940
429
4
397
788
668
316
294
793
561
77
449
457
361
59
675
45
752
218
687
81
771
3
158
375
697
592
814
237
667
565
529
448
570
279
589
590
595
883
735
509
312
185
318
25
596
993
423
348
563
110
429
335
113
587
62
162
532
876
751
551
794
281
999
716
912
588
306
859
824
393
368
488
578
686
866
174
32
289
874
595
751
303
282
864
243
697
379
775
925
130
326
719
763
677
435
27
618
741
887
794
135
255
282
65
294
500
592
678
789
818
625
540
122
908
757
365
605
488
492
530
618
170
602
734
847
37
761
817
131
648
611
266
256
246
683
902
746
627
932
536
446
557
428
920
817
537
285
774
25
777
657
996
299
259
82
146
296
843
964
427
844
927
45
452
173
81
706
920
708
638
808
506
195
588
426
365
126
711
139
503
840
796
499
491
407
933
638
704
777
954
483
973
233
529
425
407
610
483
327
670
121
487
177
668
75
603
33
553
667
525
57
859
673
556
351
81
842
341
137
619
647
620
944
880
149
721
287
111
204
966
782
325
805
959
345
881
914
379
434
581
256
491
793
929
400
144
362
242
485
499
213
484
120
509
364
621
230
4
733
434
322
515
111
128
826
456
361
740
187
147
674
443
991
467
725
391
963
87
985
448
587
550
284
707
59
648
680
289
4
413
75
327
280
186
807
458
642
168
551
830
315
225
625
306
44
350
49
7
438
386
807
25
288
91
84
347
739
764
988
96
530
63
423
162
601
230
621
244
750
172
426
417
749
403
724
793
754
125
800
544
512
607
921
800
698
5
500
789
121
840
885
3
904
660
166
857
242
139
453
992
663
879
410
412
635
486
205
389
963
5
285
827
964
206
980
662
563
480
803
36
320
689
40
576
349
558
786
944
49
239
288
712
471
50
124
106
536
329
495
852
686
780
679
650
338
659
312
901
139
115
937
812
156
329
740
858
887
526
802
936
766
90
648
589
141
124
695
29
453
542
881
139
674
913
141
12
572
805
913
64
273
850
228
429
532
968
639
419
847
441
708
965
884
356
554
377
481
249
758
286
143
992
778
817
905
919
829
477
725
94
541
350
296
769
779
828
90
419
248
289
212
956
254
448
664
160
825
497
761
936
136
904
928
266
721
185
185
902
662
262
996
556
612
292
677
744
121
119
515
721
408
727
29
14
528
45
174
705
895
935
641
31
191
921
297
912
106
834
814
121
449
810
29
413
455
706
509
576
826
24
649
586
104
678
601
632
723
775
689
618
63
331
1
254
604
650
519
711
837
333
184
638
496
213
403
951
271
913
879
449
289
528
36
393
206
989
377
281
116
67
252
179
750
605
786
354
256
305
417
445
990
601
83
486
166
486
789
438
751
668
239
41
548
275
434
754
616
164
388
733
231
640
912
981
245
50
687
853
355
105
298
698
58
733
536
577
572
326
15
323
346
606
364
895
234
151
1
850
315
389
583
546
381
848
879
979
898
566
832
606
23
483
304
434
216
840
11
788
518
378
112
865
984
828
112
218
979
465
69
294
207
4
192
588
852
423
567
751
342
752
709
365
235
13
151
803
205
162
944
76
540
408
941
877
236
405
95
216
870
516
862
77
521
55
18
373
478
937
476
820
689
185
538
276
550
689
432
756
852
376
832
744
784
125
621
372
882
69
940
104
585
803
182
106
210
200
832
688
489
308
861
179
494
751
807
44
440
591
152
644
967
336
741
103
813
362
828
47
783
768
152
369
571
334
475
781
886
659
822
375
968
683
906
814
786
66
858
226
657
363
223
977
51
964
80
865
678
260
912
462
29
64
183
600
750
10
734
988
670
908
716
638
591
622
452
729
688
662
955
698
25
530
675
429
846
107
294
525
368
558
339
397
975
522
349
725
532
83
714
554
991
430
192
934
404
996
663
445
659
971
143
36
853
818
465
700
925
111
577
293
670
916
42
645
790
392
722
674
827
788
229
171
570
773
457
327
770
473
772
781
796
267
169
649
85
987
349
362
450
926
8
472
194
50
469
984
794
192
11
622
332
592
145
903
365
602
230
487
427
354
620
223
621
142
873
58
129
222
420
579
501
428
404
695
831
873
32
625
417
43
599
750
635
744
5
352
699
587
840
126
941
460
350
562
602
575
620
83
797
392
15
650
173
419
346
4
292
730
981
62
773
933
812
760
29
817
112
728
404
952
207
697
765
909
259
719
484
231
155
633
623
170
284
796
941
982
152
585
712
486
647
837
419
459
597
448
628
709
529
384
14
88
81
131
997
340
202
833
571
357
466
547
879
102
695
820
436
848
406
148
686
53
985
105
865
934
905
845
996
786
230
10
874
311
493
871
652
695
704
575
53
523
474
932
977
170
105
414
370
511
914
56
916
252
513
133
186
770
979
182
557
561
544
431
872
389
655
876
85
711
804
490
586
278
774
564
800
879
330
522
742
244
578
11
496
443
496
35
214
827
217
123
388
114
906
261
503
913
489
588
625
293
430
563
572
557
479
724
788
809
247
883
406
177
894
902
973
742
937
539
922
507
662
310
621
568
923
476
834
413
417
459
706
847
374
630
404
854
355
545
15
954
428
421
131
674
676
104
416
965
643
338
472
657
1
445
226
924
922
412
337
339
871
396
538
597
26
295
451
733
840
467
687
268
240
171
942
916
275
710
882
271
401
706
928
402
504
506
678
426
918
368
117
141
764
7
739
142
654
542
228
494
9
267
114
602
438
408
518
714
471
752
985
872
459
913
626
963
420
304
741
690
672
210
832
788
569
571
283
224
113
511
70
475
778
185
77
217
945
595
283
416
348
620
640
159
885
266
474
657
571
567
348
595
777
180
384
698
751
667
922
864
530
993
691
308
530
768
877
475
716
512
892
416
132
884
575
18
151
49
675
74
968
375
669
745
555
405
443
658
424
718
523
306
711
566
615
241
335
844
716
51
357
960
467
841
845
394
859
348
795
887
422
763
614
443
860
170
201
655
828
625
373
703
932
84
270
899
677
957
95
746
360
452
706
827
294
903
573
505
251
368
744
25
131
359
469
343
881
670
998
61
647
372
765
579
456
387
830
486
344
926
232
704
730
938
883
376
194
808
234
797
176
330
823
659
689
292
2
922
314
0
984
961
724
101
893
533
488
75
19
184
1
251
240
84
541
475
460
735
283
46
533
811
377
356
470
66
0
824
341
314
176
325
627
901
426
872
434
266
948
453
450
301
56
42
737
597
517
198
333
152
596
866
963
973
574
785
392
926
961
733
592
137
410
219
390
836
444
176
454
392
629
256
45
685
298
783
635
167
333
968
319
929
186
634
255
760
419
647
686
732
380
278
869
142
849
260
330
293
436
784
37
418
40
435
455
690
570
90
209
255
410
880
184
596
514
791
708
285
438
746
17
170
376
238
312
578
850
642
223
639
426
613
57
818
48
864
860
618
307
69
873
69
949
409
666
815
553
726
100
991
825
469
514
201
708
826
779
558
821
3
197
599
968
606
418
16
823
630
986
482
700
211
551
649
972
569
817
525
296
917
869
121
387
383
674
447
209
806
5
30
161
555
630
129
513
400
145
336
30
483
818
82
694
370
84
18
291
901
544
587
818
413
60
557
796
735
4
357
893
362
740
54
917
722
183
430
474
680
119
504
163
937
587
209
659
23
227
951
924
771
890
742
536
951
652
684
38
656
394
931
370
134
337
287
208
520
70
682
552
189
538
715
478
477
924
138
500
503
441
424
627
331
167
163
634
171
200
24
827
594
307
550
80
644
837
288
164
259
970
716
448
508
783
279
986
59
769
486
563
210
911
190
893
430
705
880
601
905
904
780
851
212
330
931
856
520
219
373
779
189
441
580
50
577
859
36
636
628
874
551
190
785
93
435
567
799
315
520
56
220
301
260
784
983
191
992
503
411
365
635
952
159
567
354
736
778
390
724
758
617
276
948
754
369
383
322
520
51
842
929
271
495
189
55
479
380
47
334
143
765
321
448
276
888
802
12
18
545
88
776
162
364
76
916
86
812
590
958
863
785
887
486
280
76
541
759
809
940
446
952
57
767
752
333
8
555
697
26
452
786
155
966
502
231
234
940
395
825
899
258
610
786
744
890
215
637
2
24
930
448
328
987
567
81
673
575
988
370
954
440
508
109
406
363
692
640
303
440
817
554
698
779
341
795
670
908
784
24
284
714
824
612
54
391
45
727
319
33
449
625
825
310
734
583
673
778
576
328
218
393
883
269
173
576
64
195
484
848
219
768
915
395
380
969
786
778
48
457
811
497
82
989
159
168
572
832
947
148
513
517
894
396
786
67
972
202
614
456
403
833
576
318
580
308
639
366
86
687
824
250
536
906
239
696
75
811
528
374
312
41
243
206
789
382
625
761
936
239
569
339
424
145
9
4
454
648
722
892
687
898
142
224
157
733
920
584
897
800
958
209
194
553
767
983
935
744
97
872
983
666
563
759
164
573
115
970
573
837
862
261
88
357
837
245
90
757
829
987
557
139
196
103
692
315
87
628
59
184
500
394
202
63
153
366
988
620
336
914
810
551
527
898
908
364
143
350
473
972
338
382
111
886
486
803
554
573
783
613
109
283
8
311
699
513
30
39
134
718
953
296
269
480
194
529
844
337
880
317
661
570
700
124
808
538
279
362
463
63
976
572
698
336
235
749
201
265
789
687
984
742
983
253
575
177
135
771
866
367
89
527
937
141
3
97
31
283
460
494
346
788
66
396
476
301
146
677
567
935
717
551
29
700
156
604
230
291
728
96
10
169
976
947
310
979
397
693
614
857
187
312
997
253
709
473
906
855
502
825
142
219
376
523
920
885
480
150
528
208
598
539
377
574
838
39
906
235
732
520
444
919
833
441
524
894
266
782
101
769
608
595
988
336
118
260
221
950
762
102
158
361
641
887
287
831
278
545
419
10
418
863
281
603
657
157
497
923
940
598
692
548
193
33
884
663
293
458
614
56
560
124
769
553
12
408
384
290
954
155
653
372
19
286
975
676
444
824
599
736
422
644
284
967
677
520
630
970
330
244
378
890
369
499
795
733
908
532
375
214
687
380
938
58
667
265
734
463
89
686
199
863
330
835
830
359
707
812
681
38
57
60
928
778
911
76
863
171
608
590
737
295
971
675
354
990
292
440
805
733
126
4
596
808
191
778
167
898
591
849
936
0
261
217
130
524
293
345
696
901
287
433
196
258
461
902
600
753
343
405
839
821
761
787
982
304
566
149
203
509
350
139
861
963
356
343
488
649
688
184
902
975
969
451
586
430
353
538
536
48
296
727
222
57
514
204
362
80
705
917
941
408
56
802
371
765
497
859
766
537
395
21
513
365
472
451
147
177
341
35
578
637
762
152
47
277
356
761
709
413
678
651
821
86
805
545
203
303
404
322
840
800
343
705
517
815
508
16
344
850
404
922
839
166
74
886
795
782
999
505
548
677
508
721
116
665
266
319
320
23
641
161
175
336
218
692
503
79
60
848
281
464
122
472
631
549
359
778
683
710
283
583
388
143
305
856
809
923
175
129
946
169
642
121
857
213
165
361
644
578
561
925
42
35
397
25
936
108
804
620
819
439
555
559
935
860
415
744
136
942
225
82
463
868
556
321
433
73
34
77
3
947
354
46
982
751
423
919
212
579
891
383
19
446
294
306
659
709
402
795
3
627
229
819
847
137
140
280
563
526
709
566
473
63
964
455
167
388
726
379
967
617
114
338
64
408
644
75
469
46
870
472
26
451
291
873
589
783
506
504
309
215
70
134
279
35
590
446
423
316
177
742
286
291
81
702
699
77
777
168
476
647
992
502
450
636
727
39
771
233
543
433
449
966
567
80
1
509
526
776
826
703
518
464
346
951
166
397
381
943
565
857
942
909
711
392
897
438
784
669
24
327
102
825
645
669
905
646
179
783
774
357
838
645
173
184
596
339
581
977
282
498
186
224
759
249
616
657
40
400
678
64
80
780
241
725
801
498
724
332
281
498
41
471
143
214
7
92
905
940
421
187
790
960
763
549
209
732
558
249
484
588
665
916
720
258
994
874
756
718
206
37
568
600
860
64
166
867
508
72
807
929
611
949
241
375
851
451
459
761
52
943
350
70
860
70
328
854
944
85
924
503
474
844
455
335
260
621
554
768
45
714
50
657
663
291
384
514
94
843
628
147
138
978
569
998
400
897
204
345
334
480
200
809
677
7
496
937
628
402
58
26
116
108
35
132
399
419
998
846
614
626
345
752
604
914
103
5
163
659
702
498
140
254
659
169
261
507
458
241
909
516
267
26
624
302
510
376
73
508
574
687
135
919
440
91
833
543
448
996
554
502
846
46
756
857
215
369
364
674
611
274
190
230
652
167
885
162
895
958
670
469
646
157
388
438
249
573
333
697
921
887
552
768
934
308
977
149
30
342
175
641
968
718
223
620
885
108
134
132
67
804
601
65
314
341
503
563
914
188
612
835
75
164
955
9
825
933
511
855
627
38
848
595
756
71
215
993
180
349
125
599
505
726
664
819
419
519
734
333
707
699
521
134
215
828
144
40
761
7
247
388
45
447
983
154
519
550
147
51
251
273
2
757
351
666
928
771
537
663
104
596
362
977
730
929
806
226
322
567
233
569
308
631
369
643
785
240
546
932
643
797
557
645
554
909
663
835
680
200
498
136
796
212
114
878
493
272
105
815
191
690
737
499
321
106
495
458
346
41
743
989
190
300
634
97
561
649
932
241
849
782
730
997
346
196
875
839
468
980
655
659
671
392
511
344
498
6
155
196
399
250
537
589
902
171
38
464
172
970
57
21
752
787
370
98
335
245
290
803
578
945
815
601
337
326
297
187
684
804
735
435
54
272
376
957
795
415
773
967
385
830
988
490
970
710
940
305
955
230
461
885
175
276
838
864
954
136
403
638
940
138
73
995
410
449
304
205
216
77
172
954
259
512
444
229
222
736
887
530
319
348
767
846
976
606
711
930
742
466
920
34
605
993
29
15
794
685
573
363
114
97
317
374
610
761
955
184
849
842
66
168
542
834
15
518
440
78
800
534
544
720
568
501
65
950
869
212
987
442
575
102
891
892
476
501
5
431
38
854
626
456
375
168
290
742
39
82
820
839
968
716
912
889
218
977
839
439
189
826
881
764
280
772
656
756
626
13
540
16
220
166
472
595
334
115
337
725
549
509
565
518
225
477
407
795
806
598
234
996
776
467
112
57
592
121
165
570
134
705
586
354
223
410
949
910
525
638
635
75
147
552
945
725
29
352
520
836
950
107
184
726
926
296
135
518
417
301
88
904
358
26
258
582
437
560
844
314
198
479
741
698
32
686
423
413
390
295
601
340
754
785
419
681
434
906
199
203
207
640
107
918
18
366
500
807
278
344
122
828
175
215
526
559
902
301
973
292
949
574
985
703
712
756
384
146
662
936
349
870
928
809
140
946
527
640
106
805
336
228
633
863
795
512
423
697
813
396
342
762
322
679
818
34
435
554
532
97
842
234
319
770
43
459
69
922
451
175
727
139
755
712
3
550
224
426
600
390
174
294
504
848
973
674
235
408
229
767
857
71
353
177
194
748
988
615
670
440
790
749
931
897
462
934
447
38
712
399
780
238
693
637
87
18
311
322
778
892
441
636
316
147
165
510
247
153
125
918
945
267
667
877
164
481
163
963
872
228
715
652
818
408
641
905
779
953
579
557
197
373
545
513
872
710
23
119
216
500
389
513
119
57
742
635
890
258
599
762
486
666
767
656
426
760
562
205
713
493
763
263
218
308
776
442
371
152
562
939
4
951
452
124
360
547
759
251
805
710
365
643
376
484
299
803
245
213
360
310
707
475
573
277
784
702
720
507
854
282
446
858
585
250
982
946
797
94
549
602
156
266
245
533
751
545
688
348
758
48
10
817
524
936
447
660
638
167
519
492
801
317
702
738
567
37
684
365
131
585
319
639
852
917
172
955
462
212
655
572
613
665
742
137
601
189
149
239
708
668
83
861
985
138
599
904
175
636
621
658
573
941
297
425
858
822
732
672
34
387
596
647
53
690
136
6
231
637
598
939
657
681
152
642
819
104
899
346
92
520
4
665
813
654
443
671
828
175
695
862
563
644
862
968
334
350
974
566
988
572
857
997
606
10
992
777
466
891
124
558
411
480
575
225
486
18
248
314
194
296
529
109
940
743
429
274
93
403
192
433
328
50
431
934
412
423
711
230
666
187
788
77
20
715
654
506
734
903
821
280
551
350
741
491
93
170
117
538
573
310
324
901
712
755
187
124
530
899
706
196
438
494
625
458
209
280
965
295
535
138
575
86
840
316
577
285
486
46
823
412
356
147
665
68
254
853
544
136
104
250
332
542
96
958
1
658
590
318
305
125
456
881
563
648
549
492
933
388
538
108
152
895
608
817
315
862
670
212
351
126
814
683
669
911
993
22
921
935
340
226
60
148
459
975
148
361
467
81
749
6
541
253
253
149
70
568
364
93
780
715
219
595
750
888
858
744
262
131
31
954
357
444
454
169
419
602
530
887
35
631
245
577
884
498
78
954
418
442
399
199
509
619
146
260
859
356
356
122
487
387
428
196
831
883
365
251
837
247
490
873
878
735
802
114
585
880
421
3
675
820
554
184
439
52
796
651
408
504
125
247
892
553
444
75
436
161
678
274
409
168
499
287
255
301
754
192
533
175
196
560
995
750
97
787
155
893
438
563
398
563
163
642
116
607
717
905
768
396
531
177
916
30
817
524
683
571
716
568
98
264
129
93
367
226
232
522
119
670
437
869
585
600
511
54
207
229
959
328
977
490
857
893
872
674
769
555
597
486
475
695
750
604
141
117
830
373
991
302
396
429
171
981
29
683
387
589
264
698
917
241
540
774
486
412
801
608
319
750
94
795
798
196
751
939
666
582
664
657
236
60
86
759
394
116
442
133
705
58
832
974
651
372
100
490
785
253
98
456
4
544
603
802
740
355
93
758
289
109
416
525
522
854
284
268
322
79
401
379
137
233
353
141
606
454
631
743
59
81
551
63
625
155
217
717
510
662
476
799
772
244
324
294
450
960
914
773
39
315
152
529
549
858
22
507
664
5
602
723
86
153
139
711
308
356
780
170
371
608
969
143
204
645
789
655
606
703
780
997
18
284
878
919
142
900
778
158
905
380
882
991
534
21
54
194
729
187
365
100
795
686
595
352
684
736
359
642
439
139
639
810
423
870
81
918
770
860
76
28
592
310
371
478
683
778
673
413
965
390
865
112
428
461
464
112
197
823
754
989
314
746
151
738
968
232
8
738
444
436
766
37
747
490
867
430
268
892
195
233
282
413
345
63
226
162
527
423
337
634
764
652
380
915
742
348
500
750
438
296
186
557
685
285
47
553
68
315
445
615
900
80
28
597
495
254
759
22
30
449
656
146
101
388
62
843
88
914
945
527
562
483
436
248
769
835
153
837
502
598
452
402
30
833
351
525
87
463
548
469
912
204
616
13
593
30
208
681
296
505
560
858
988
996
106
757
183
259
946
685
210
751
439
592
936
791
118
23
254
666
845
166
222
461
531
167
843
91
849
139
596
761
997
584
110
456
694
293
67
992
979
629
95
770
222
31
561
340
407
815
358
252
333
580
65
216
100
908
307
301
47
903
62
44
840
172
852
886
818
920
230
149
549
678
919
123
709
481
463
116
648
173
720
334
754
785
550
206
693
858
507
92
113
569
489
305
94
341
543
912
613
126
413
515
804
332
638
513
165
102
982
166
275
702
500
381
840
402
587
885
612
446
978
726
16
819
383
462
512
279
726
126
405
139
993
209
823
631
74
341
85
56
507
713
111
359
446
303
761
386
540
374
832
870
452
200
689
187
662
202
466
388
680
223
879
673
432
703
304
859
44
742
267
903
455
730
262
901
33
375
287
926
749
472
796
553
672
486
741
335
40
559
75
720
783
955
393
567
10
49
778
54
791
46
309
246
776
571
500
162
946
139
440
48
611
236
953
284
74
46
971
114
606
46
186
741
353
579
660
363
981
439
769
772
485
78
371
613
1
223
127
300
362
567
700
974
804
653
610
878
52
933
345
658
331
531
751
685
463
411
400
444
850
522
568
687
952
939
301
306
514
780
606
877
348
658
203
504
663
165
734
715
98
79
725
429
963
476
466
426
888
219
870
90
93
438
778
45
730
79
351
244
211
309
473
559
967
676
415
983
193
502
698
291
581
424
73
544
252
891
322
140
462
192
231
555
983
361
601
65
440
304
661
3
614
135
915
933
163
330
916
709
832
967
0
766
743
425
662
995
669
985
488
131
529
71
687
864
432
288
929
224
944
943
227
910
430
142
844
593
825
112
654
657
431
7
775
174
432
438
170
101
775
658
585
656
81
272
521
513
912
802
737
856
745
316
767
175
459
963
121
284
427
775
293
859
782
69
33
215
859
555
668
986
565
605
642
646
877
515
159
141
318
248
350
63
565
469
239
376
432
360
660
211
135
305
70
918
726
456
485
585
11
505
923
577
463
566
223
340
81
735
834
751
335
184
815
900
653
54
628
437
766
640
648
253
946
71
523
672
527
360
610
890
866
533
467
329
451
43
21
885
130
207
636
465
743
803
718
748
857
698
537
975
339
186
229
285
609
752
309
488
113
271
378
331
157
198
12
960
593
385
845
723
593
834
540
336
989
610
437
199
309
974
174
648
512
403
285
121
508
594
609
621
218
340
304
375
538
316
335
131
701
533
206
646
719
746
335
708
357
772
907
666
746
82
666
259
837
951
732
345
897
694
318
115
34
622
490
572
938
826
55
992
711
261
990
430
7
325
138
716
449
46
382
548
480
48
159
317
351
891
15
249
585
333
716
971
956
207
895
246
385
950
590
96
211
933
526
219
258
16
287
60
62
670
608
894
70
767
212
422
10
579
23
948
912
739
919
220
298
815
819
683
117
761
131
329
694
9
900
305
26
187
365
440
209
325
335
632
444
899
406
454
478
429
402
390
520
674
963
819
841
134
854
958
895
986
639
590
995
539
247
373
79
612
814
288
289
149
920
733
48
326
187
526
107
942
268
628
968
583
799
809
717
653
119
613
991
759
555
339
650
154
712
729
766
526
370
407
675
642
140
75
969
327
601
428
621
222
56
589
805
207
750
875
861
870
840
204
981
395
543
983
901
256
713
667
134
435
426
810
77
566
885
398
245
839
827
867
61
235
808
218
795
559
93
656
781
933
860
762
680
756
745
581
364
810
600
498
597
26
660
27
944
898
425
190
89
604
409
502
192
217
720
987
776
166
995
909
451
207
671
132
963
769
65
679
931
18
178
881
396
190
908
341
88
685
531
529
642
292
31
834
509
104
173
638
270
520
547
721
727
571
205
43
692
623
722
975
641
252
856
37
795
764
730
235
802
613
765
444
905
796
630
415
900
803
405
522
323
952
244
402
523
801
797
215
424
520
191
417
124
399
807
271
516
537
507
318
503
272
762
408
420
392
175
673
547
580
195
222
885
791
624
408
593
422
976
369
294
519
787
770
918
946
42
434
835
549
104
338
173
866
99
945
610
626
618
157
559
814
731
444
605
708
204
198
130
180
920
776
51
59
898
322
5
292
108
840
193
213
531
366
431
630
312
42
256
930
551
815
96
283
611
702
991
816
252
473
348
172
601
752
231
499
74
588
144
534
429
337
747
960
704
179
942
368
573
550
650
124
718
747
759
329
801
750
145
53
575
846
578
176
598
161
28
24
750
172
558
179
509
306
491
565
837
785
285
762
335
936
238
53
35
998
383
188
100
880
593
676
726
171
204
676
685
232
700
435
756
259
966
618
917
809
183
106
594
821
868
929
109
106
983
144
104
718
684
205
950
277
233
29
801
437
705
486
22
758
921
778
17
239
748
286
48
932
392
642
105
260
571
214
718
906
358
823
624
394
380
927
671
613
956
472
402
661
958
424
419
231
555
788
470
303
74
518
587
466
512
692
78
84
906
797
342
616
972
967
10
704
894
34
669
202
506
71
863
817
848
635
400
755
775
871
58
850
741
998
668
606
690
99
690
949
248
32
917
572
351
928
276
597
962
297
799
820
368
15
637
568
2
38
323
129
261
734
331
354
84
0
960
126
451
2
75
699
387
345
271
90
273
899
40
587
196
191
407
916
206
397
837
560
787
160
690
400
246
21
106
682
373
67
809
824
421
236
875
808
581
498
251
206
749
291
793
945
482
553
214
41
302
51
601
89
563
643
841
810
665
947
844
390
366
653
567
788
242
794
948
175
293
199
382
394
490
527
340
325
80
554
366
734
605
319
175
168
963
16
330
980
964
527
370
330
180
289
470
774
84
419
950
729
970
332
123
813
211
463
138
644
369
856
378
326
175
554
847
490
922
529
470
238
56
193
921
589
482
391
715
566
162
665
295
133
349
771
946
561
586
436
205
956
292
935
634
467
841
833
310
764
363
780
2
771
325
923
360
808
667
76
726
829
93
374
314
795
145
260
356
731
48
913
39
340
848
26
160
690
859
470
806
222
602
160
346
928
84
58
88
103
134
814
284
580
540
599
375
685
211
83
769
260
996
160
952
196
186
112
238
46
934
44
620
537
205
966
465
641
25
553
96
511
719
380
91
260
331
818
297
543
901
66
155
249
227
107
446
765
572
36
811
506
81
432
43
638
398
860
631
775
765
727
287
485
107
730
97
791
549
394
334
802
813
489
52
392
948
850
157
520
886
969
27
967
753
422
957
503
283
588
279
48
667
566
885
127
648
982
918
197
729
252
0
894
93
404
286
41
254
795
914
140
116
941
460
869
715
769
725
998
358
4
399
25
922
284
152
570
619
70
120
348
674
472
242
119
876
880
513
482
675
427
622
792
720
434
13
435
204
738
434
914
94
185
939
368
469
444
291
440
866
763
788
893
235
382
12
463
614
525
945
290
952
919
434
24
706
799
460
910
890
246
824
984
431
115
353
252
911
996
693
130
759
833
23
994
568
387
809
182
913
106
824
217
377
610
242
83
762
54
345
652
652
521
636
435
989
341
687
900
689
732
382
448
918
405
794
838
793
603
372
58
61
197
275
439
159
869
874
921
275
220
573
927
93
562
362
82
255
402
983
945
134
365
393
404
123
540
242
268
495
615
326
557
164
953
348
675
823
222
597
98
794
522
378
888
436
740
970
692
142
305
989
629
23
734
33
146
274
628
414
770
243
92
679
759
45
27
434
220
249
383
671
44
906
49
932
694
141
902
738
284
208
727
265
231
814
650
729
440
278
495
562
873
587
241
632
984
268
419
205
870
802
228
266
60
277
198
755
418
452
493
54
12
573
671
595
739
322
676
179
952
171
94
826
110
335
810
95
956
229
652
178
32
880
444
92
157
994
199
927
798
45
334
811
970
5
758
709
679
435
240
632
606
334
458
717
22
620
164
330
850
816
860
234
696
304
678
205
650
878
484
448
275
170
611
245
176
370
306
855
157
898
839
115
585
649
184
607
270
348
289
472
516
149
706
212
805
384
769
807
614
606
255
889
776
219
486
304
941
792
512
98
691
351
213
276
1
398
235
623
746
876
95
615
25
801
179
182
537
949
989
152
907
596
393
35
815
880
340
108
24
852
206
715
555
772
343
908
170
578
531
268
454
626
883
831
779
63
365
317
364
706
821
271
655
214
658
470
446
998
931
471
202
137
186
110
909
530
18
431
460
550
700
267
528
935
450
308
998
168
977
714
874
798
337
529
364
996
352
811
994
283
282
549
772
468
659
682
350
677
113
163
579
165
782
460
101
232
120
451
400
97
166
627
247
503
508
611
851
212
422
198
847
704
747
620
525
758
654
227
787
767
390
719
285
524
179
386
757
299
189
509
396
355
488
995
211
997
606
62
561
381
612
409
85
359
29
962
469
683
542
257
802
284
976
87
809
507
825
566
806
15
427
554
722
268
549
285
617
507
700
178
888
312
587
326
24
616
288
493
651
830
102
454
115
430
541
924
937
719
842
743
734
621
649
808
889
550
94
506
58
794
685
946
106
272
272
130
241
913
976
892
743
78
698
210
509
592
134
446
311
328
542
45
950
543
205
191
94
299
698
152
93
735
450
200
359
723
682
600
636
658
845
731
89
543
942
598
487
428
396
798
109
938
195
411
834
401
602
928
700
300
432
794
387
882
346
747
957
380
699
945
391
544
677
480
440
971
430
927
751
826
726
860
117
273
623
951
674
226
879
727
878
311
521
266
545
219
365
503
951
64
800
342
609
477
174
401
800
604
680
904
431
406
116
900
32
740
851
706
966
82
433
196
745
306
814
290
877
179
145
829
244
946
523
205
775
698
606
928
654
286
832
437
45
948
337
77
688
540
135
6
622
921
555
367
227
369
10
457
549
507
638
145
453
161
350
581
211
956
509
866
594
341
303
639
641
993
68
330
533
204
688
156
125
595
875
704
965
237
161
866
745
151
11
198
665
713
779
876
669
640
94
615
981
750
255
623
743
675
305
276
879
345
784
356
941
660
413
258
897
926
476
642
78
839
193
743
552
324
971
573
965
66
188
298
816
795
273
559
471
578
187
702
276
972
411
217
632
824
827
881
102
303
876
180
142
69
275
46
745
247
619
62
665
807
361
481
603
634
392
426
565
579
128
841
903
891
410
887
715
237
769
818
892
997
350
386
66
626
432
163
225
51
578
890
858
939
723
813
925
115
239
842
46
720
35
950
611
445
189
679
34
958
849
926
955
551
312
373
529
744
889
754
147
467
996
6
758
719
171
35
834
763
230
233
483
265
535
446
711
724
477
745
35
326
24
342
230
688
68
759
785
309
514
932
776
862
290
886
582
462
921
768
225
151
1
60
417
888
506
480
965
984
577
0
662
953
694
892
642
762
4
427
71
518
359
199
380
650
85
314
464
359
83
689
862
436
101
631
325
607
111
290
943
41
642
958
994
688
202
636
451
206
63
874
76
775
426
809
777
863
123
241
222
558
282
85
995
383
716
672
342
180
962
638
221
956
948
567
644
150
204
447
709
619
674
785
746
100
946
523
963
422
116
538
980
398
975
327
133
43
999
476
575
313
466
796
269
414
716
266
916
920
65
625
891
739
763
638
191
709
513
507
483
630
45
464
380
20
143
514
415
143
342
991
456
808
139
78
574
855
696
490
127
761
116
19
501
231
9
692
292
874
199
776
504
596
592
237
968
735
103
384
878
797
375
687
605
514
117
531
370
813
21
497
574
489
868
75
720
877
120
365
752
671
141
608
268
85
197
236
820
300
972
51
97
347
90
54
862
207
585
584
20
959
81
594
800
950
22
873
179
494
238
283
165
731
892
785
816
89
374
988
742
346
391
839
694
481
246
908
40
183
492
60
142
925
7
295
227
29
168
407
523
406
690
40
489
934
826
657
376
552
997
118
898
389
309
592
222
555
500
263
739
344
675
233
270
682
528
497
711
696
256
586
454
947
979
943
233
157
600
609
709
598
727
607
339
37
552
561
592
404
176
683
749
852
917
19
534
445
868
598
494
125
536
948
72
515
244
305
24
196
915
733
146
994
341
485
31
893
399
976
297
927
659
398
131
576
417
666
374
286
616
220
411
504
520
835
372
764
492
396
313
759
130
459
754
823
297
785
716
48
113
365
975
773
764
459
701
533
477
427
171
93
647
582
949
168
769
321
284
262
718
949
373
200
761
127
23
58
265
91
458
378
456
785
503
572
244
205
106
721
632
277
166
632
212
116
800
333
437
436
947
507
386
321
59
147
448
82
557
65
173
15
796
982
152
299
906
397
504
12
118
489
642
285
121
206
753
273
539
542
61
487
50
799
160
461
946
960
544
855
26
69
222
822
403
375
473
310
772
330
674
242
819
668
879
292
874
632
917
766
175
978
605
577
778
765
38
76
725
934
284
751
4
506
925
407
233
399
69
5
729
744
600
900
412
479
544
639
464
461
405
639
791
10
568
921
775
958
998
500
893
634
604
897
140
529
656
374
280
726
731
361
822
683
613
234
515
157
873
979
970
630
970
762
640
538
683
767
496
33
620
741
667
224
638
160
105
647
886
386
725
969
99
547
653
713
133
520
870
7
499
193
989
469
955
982
359
990
749
207
376
369
949
43
593
939
555
51
938
441
437
663
763
888
210
768
601
344
288
824
703
139
17
44
960
972
26
319
314
776
878
690
145
179
86
91
119
641
142
57
435
931
721
198
819
283
966
421
979
606
597
34
745
614
79
705
938
105
376
252
881
254
295
379
434
381
822
905
22
316
962
457
247
35
7
418
671
325
191
650
931
788
37
676
402
116
733
692
221
109
297
455
716
592
186
150
973
8
55
347
324
369
157
923
757
164
341
428
490
533
430
773
673
467
802
76
935
535
120
509
997
417
316
713
9
502
863
334
862
270
682
186
991
839
461
748
355
802
528
197
687
959
323
361
778
125
789
66
660
909
575
9
679
891
722
688
745
585
375
607
207
57
145
199
248
606
947
603
760
828
153
448
139
476
161
917
601
302
335
613
211
910
623
242
153
345
931
898
283
306
857
490
715
354
41
315
960
341
918
73
169
423
873
308
899
34
577
852
336
913
818
899
175
793
142
681
490
425
579
125
83
789
968
150
143
9
465
456
350
735
529
871
159
402
179
410
788
109
615
124
374
433
375
549
578
869
230
68
294
162
194
729
951
514
879
446
523
344
902
226
80
783
97
591
185
629
1
973
738
968
449
112
753
177
13
331
46
244
752
693
758
298
422
61
812
302
507
687
998
762
913
430
545
363
21
83
992
375
408
82
343
210
546
97
387
559
780
433
155
532
126
913
182
901
326
346
555
834
34
553
948
947
984
845
310
5
928
654
380
337
736
76
547
634
173
286
546
305
719
701
838
198
967
372
451
645
719
6
831
753
559
779
52
543
625
363
901
553
369
633
242
458
709
141
92
234
427
638
540
499
692
730
697
11
102
148
656
821
506
488
926
65
267
979
961
244
694
862
150
63
495
392
873
557
534
966
791
313
956
331
812
0
61
861
363
516
361
20
689
867
860
616
933
479
947
894
724
641
108
874
56
603
618
930
160
504
248
304
818
556
635
630
909
49
492
272
917
853
292
606
721
152
574
6
632
521
252
708
514
360
934
571
963
552
853
476
409
453
780
227
9
767
209
918
168
701
191
85
907
835
692
980
340
618
986
324
140
238
32
6
598
966
577
913
870
782
741
631
235
521
858
245
641
420
515
809
473
58
895
380
894
939
712
234
557
698
558
49
288
590
56
238
908
985
504
130
768
245
762
3
119
972
600
760
392
116
921
866
526
816
598
420
107
311
654
665
361
564
66
2
506
122
240
766
108
744
897
228
342
11
231
813
335
184
573
80
652
846
298
178
663
896
599
122
559
605
787
273
170
206
275
28
328
867
795
788
612
44
16
306
407
600
119
742
784
44
174
788
890
472
966
905
721
917
28
632
523
167
905
45
373
180
425
54
48
220
842
12
616
211
670
23
163
789
118
947
185
292
735
75
765
53
333
838
971
361
470
846
528
376
243
254
908
668
308
308
241
502
672
857
65
342
881
228
483
999
527
668
643
614
744
408
668
77
598
991
790
69
189
670
797
432
924
57
452
584
366
45
439
390
903
856
733
136
437
216
135
964
885
778
931
981
539
951
410
489
942
200
910
483
222
707
915
147
117
719
83
835
765
874
225
668
731
958
156
520
527
643
836
764
773
767
745
312
718
507
154
12
59
64
495
281
124
762
780
241
482
216
76
599
90
653
619
173
964
775
693
491
418
530
607
191
649
352
856
368
211
10
732
270
74
228
551
198
342
684
791
176
900
219
775
990
873
394
516
189
521
561
680
939
91
287
131
93
991
339
461
554
349
545
824
775
125
727
326
468
411
117
644
311
689
772
654
914
166
522
103
40
83
135
979
527
774
462
620
117
801
81
671
502
978
847
278
104
574
956
572
338
73
568
1
114
340
7
28
859
529
131
899
613
618
230
140
392
693
760
509
846
193
532
349
171
379
979
275
306
935
199
644
360
120
997
475
460
5
503
671
534
987
570
147
605
801
639
350
846
399
211
692
944
744
393
116
475
372
743
781
307
295
777
668
415
775
143
227
132
998
899
666
337
821
166
943
974
805
645
820
557
856
865
501
952
258
969
428
631
65
209
290
360
339
958
127
466
453
354
598
804
605
616
141
779
782
436
753
940
81
926
497
290
791
350
242
401
320
22
32
385
584
323
97
923
633
224
389
439
930
987
595
888
603
736
667
738
525
772
678
958
50
527
248
193
877
843
595
549
865
627
286
449
302
383
372
288
959
113
79
242
452
674
130
56
762
149
146
287
273
176
598
324
703
846
517
932
41
112
834
907
92
120
708
746
856
433
386
167
546
465
761
999
491
891
407
254
392
905
893
666
81
491
342
784
690
211
68
731
324
902
990
768
375
699
866
583
132
253
102
30
70
864
29
914
107
788
168
852
693
413
518
774
905
212
910
947
423
979
678
99
233
669
867
960
368
86
895
852
691
998
882
761
214
264
675
321
52
195
173
98
609
43
872
866
255
135
813
31
466
843
130
699
512
350
12
232
436
907
84
127
257
319
240
471
583
268
145
987
815
318
85
776
714
958
642
321
445
807
352
911
651
483
962
515
833
974
100
621
234
184
100
843
855
340
315
438
960
812
426
776
130
511
552
196
821
547
518
618
354
870
529
357
705
492
873
890
818
973
863
404
509
963
248
365
656
915
155
616
727
933
744
857
797
297
406
970
196
924
589
550
146
470
260
204
962
133
446
133
458
310
537
319
273
785
684
929
700
192
898
779
125
642
989
274
291
395
245
839
671
186
742
169
656
2
373
619
487
820
104
945
130
993
264
755
779
301
37
831
845
935
611
322
929
600
597
573
347
842
764
18
28
506
187
36
508
913
7
995
733
111
292
215
105
557
322
236
210
359
419
55
646
382
377
928
334
326
853
681
168
617
51
548
124
239
937
984
152
944
980
237
56
624
804
513
533
126
749
743
838
520
150
836
903
880
764
589
206
969
271
727
587
322
627
63
913
564
47
417
509
379
6
917
356
162
430
889
641
531
985
479
51
135
667
306
15
432
896
574
753
519
301
340
193
928
755
107
845
155
876
354
534
883
271
242
45
53
132
38
584
117
517
987
604
185
646
620
969
542
546
74
413
847
767
606
127
522
713
972
677
942
326
564
177
949
806
574
354
290
613
938
407
482
278
12
667
924
984
988
818
530
63
231
729
830
837
856
704
903
829
734
845
507
298
374
457
456
948
811
747
561
102
506
44
732
870
63
8
854
404
178
736
467
409
465
649
598
674
705
853
503
439
50
362
737
424
819
546
373
983
293
286
437
151
330
169
22
394
529
876
798
707
965
617
468
782
618
66
456
323
272
311
763
322
674
852
99
845
398
824
180
43
110
617
195
441
138
217
187
667
445
985
374
762
954
842
545
924
261
353
247
885
17
362
559
43
215
658
888
965
482
421
9
593
38
204
386
177
773
573
196
218
910
571
981
216
765
878
140
378
583
387
263
600
750
175
995
317
833
236
282
668
657
291
613
695
847
999
224
620
924
421
191
834
344
524
50
461
754
190
840
337
929
455
290
31
982
285
348
816
521
983
836
178
626
449
226
474
800
450
446
724
223
989
558
567
865
960
381
619
502
573
957
783
380
247
815
363
884
515
531
406
850
367
936
477
816
162
303
616
965
101
692
188
443
602
108
308
562
489
928
416
62
237
199
442
484
366
157
720
234
688
126
436
55
63
913
223
225
568
839
542
670
883
731
113
485
191
421
47
32
701
815
94
938
367
888
774
85
398
495
671
86
621
108
142
36
21
365
614
942
557
156
612
440
239
77
926
430
498
325
462
552
493
908
490
212
149
617
297
547
112
969
633
85
429
127
474
802
845
88
744
754
244
356
194
484
433
472
266
284
150
729
188
995
989
678
207
138
647
856
685
759
177
671
197
606
150
671
409
995
111
153
749
707
862
296
191
647
120
810
931
622
539
471
617
880
502
176
19
149
33
56
261
210
79
458
817
230
481
226
577
592
731
327
299
593
975
843
241
95
653
524
70
544
996
687
424
498
216
795
999
249
852
260
459
283
718
628
513
551
854
91
495
938
770
795
531
97
990
124
192
995
1
614
539
997
654
315
847
870
463
846
119
667
459
578
950
529
207
816
81
413
259
576
703
29
723
587
126
713
711
670
708
712
285
599
61
291
267
260
161
730
459
280
397
918
210
347
447
769
515
880
535
774
457
238
803
532
825
281
246
889
304
306
601
941
906
15
232
525
627
393
255
86
25
4
356
235
703
156
5
219
36
540
993
845
130
149
378
956
782
976
845
86
282
798
379
540
165
611
65
793
356
672
231
381
676
940
969
732
96
974
951
484
866
296
330
348
445
60
304
228
36
501
666
318
652
398
859
169
361
276
314
718
949
898
451
977
838
420
709
286
746
660
770
612
309
452
313
754
512
969
334
548
471
353
219
475
751
430
996
464
706
311
182
7
209
986
337
47
406
46
685
153
59
807
117
368
260
782
474
124
752
809
25
575
514
244
50
617
674
46
81
732
709
616
92
918
602
429
317
360
827
2
513
886
162
983
606
422
117
81
546
869
242
571
444
756
167
846
373
193
245
806
926
954
422
370
225
24
799
542
385
626
897
250
865
59
585
471
833
703
552
379
572
794
303
369
902
470
215
627
664
460
434
942
767
856
312
992
233
463
534
618
441
783
220
306
194
158
778
27
861
682
759
785
477
414
154
731
236
722
359
252
182
145
194
949
1
858
941
586
673
828
556
115
963
777
421
510
935
199
889
148
882
648
285
711
414
440
794
651
514
153
255
696
298
450
998
652
660
291
238
686
471
147
801
787
276
222
297
211
774
186
711
8
187
996
71
601
788
865
604
302
371
860
351
21
662
701
673
674
344
264
360
816
411
161
955
687
736
252
250
862
790
313
222
977
661
645
931
802
510
887
456
233
747
807
255
761
860
928
436
205
544
148
373
307
310
328
346
398
932
596
612
722
261
834
700
923
479
983
725
341
870
181
575
618
341
830
731
553
110
167
110
7
316
483
314
978
163
661
728
95
609
340
818
871
526
870
146
357
853
223
50
723
756
977
693
449
159
425
3
270
944
113
277
260
949
943
590
112
604
318
560
214
10
378
437
888
600
935
597
453
158
648
528
914
625
222
364
785
647
719
407
591
184
36
204
133
979
146
598
936
817
158
502
179
888
939
68
488
226
665
293
384
665
821
650
291
43
366
428
42
85
187
986
622
223
542
755
554
688
705
490
857
863
992
37
103
283
105
591
509
122
884
893
788
58
544
431
101
262
211
496
700
398
834
322
621
376
77
175
416
783
18
274
998
10
311
102
294
768
45
803
242
282
49
30
340
945
461
793
207
672
641
907
422
475
229
395
203
659
923
972
442
941
246
792
951
909
246
245
29
644
401
271
926
450
654
618
395
467
411
602
492
53
510
914
528
91
310
84
750
233
56
544
174
654
337
477
563
935
75
944
579
476
567
857
278
221
475
673
689
887
627
181
292
489
95
172
581
757
256
331
990
312
876
516
966
565
346
881
852
773
177
432
601
745
641
879
966
117
904
7
4
531
188
296
373
636
468
954
393
77
637
736
389
865
604
708
782
302
941
635
75
119
419
676
864
60
907
182
177
811
190
533
695
730
181
420
366
650
374
112
79
363
848
820
229
804
528
11
107
822
998
534
941
417
211
157
478
470
691
655
634
233
541
329
964
722
749
330
724
475
794
803
190
642
624
419
799
504
783
258
326
781
792
619
199
355
128
29
826
820
36
460
53
577
141
17
300
242
700
24
69
494
828
259
489
804
31
288
308
814
898
635
947
690
606
146
46
735
527
224
555
564
36
960
141
529
