381
71
505
257
870
495
830
395
600
607
300
181
813
5
595
9
27
601
450
30
70
924
275
996
381
974
938
366
671
487
752
53
558
610
662
780
457
492
175
58
99
476
591
264
833
186
626
213
139
76
243
210
353
519
206
734
845
144
101
516
983
205
569
542
815
231
674
273
75
850
683
174
678
274
791
511
461
417
724
600
845
968
810
198
839
16
285
684
513
738
552
496
943
474
390
111
57
65
736
133
267
419
659
945
45
450
808
506
219
533
459
65
853
269
263
44
638
548
80
503
638
632
999
582
106
742
45
516
807
133
649
426
904
308
723
949
111
531
808
330
416
267
395
269
536
11
313
526
911
745
29
550
378
381
484
836
123
881
352
282
14
1
708
918
662
431
219
773
962
27
103
731
294
851
0
183
862
666
709
773
411
739
675
141
120
159
978
595
40
682
877
406
684
937
676
698
368
896
471
682
275
926
413
570
777
766
753
991
784
814
117
547
905
792
689
25
304
19
620
696
701
849
103
385
786
131
83
154
27
906
189
655
833
954
225
962
72
330
954
856
496
71
404
402
215
445
779
519
464
400
216
165
601
671
903
388
802
338
894
182
245
83
837
430
390
414
392
462
96
698
319
592
121
75
346
689
520
126
560
984
878
128
501
479
799
404
867
954
743
762
136
340
197
325
122
939
91
866
402
187
565
73
131
38
148
478
727
20
604
288
356
834
416
857
313
568
262
181
522
357
295
10
49
844
687
171
784
778
37
538
965
954
611
448
993
111
278
72
131
234
712
839
68
481
696
382
49
310
915
923
19
210
285
68
54
972
239
190
750
277
728
67
583
691
867
576
802
146
649
285
380
361
124
449
842
173
831
243
483
746
518
503
308
803
923
714
127
515
905
229
144
633
296
727
325
164
304
479
310
305
765
42
666
241
491
861
414
322
456
250
420
975
105
728
130
28
443
258
543
348
487
687
333
136
415
10
652
71
490
314
376
607
356
394
848
848
607
615
170
64
865
943
391
322
671
521
350
114
779
246
814
267
285
500
755
52
510
407
475
0
721
851
959
77
598
160
277
205
775
800
621
992
743
12
314
414
534
16
881
313
614
47
932
252
547
39
304
58
446
132
410
519
983
370
597
933
882
874
491
657
674
112
1
769
125
315
184
11
683
417
676
650
464
961
902
12
0
558
422
799
690
832
318
26
554
267
959
436
494
450
445
168
915
446
290
40
113
474
403
149
243
79
799
707
40
53
71
41
611
493
840
302
678
510
680
584
778
639
373
272
442
818
792
357
617
82
749
730
908
152
231
151
231
30
211
624
83
634
17
47
480
209
701
158
719
381
94
497
372
467
769
814
638
914
523
255
996
272
337
905
424
569
408
8
951
619
632
35
254
1
434
734
210
135
244
929
516
338
779
240
158
548
55
796
462
930
403
811
203
740
716
979
661
124
339
613
96
971
0
702
324
434
436
534
921
32
816
789
722
595
29
880
495
436
28
958
367
783
121
570
876
189
901
537
665
241
502
761
564
854
463
889
640
251
423
561
635
239
350
358
834
732
590
330
168
971
640
535
754
113
457
982
302
359
872
967
600
374
81
516
581
544
405
221
148
181
135
783
420
837
493
607
569
84
289
738
407
281
625
161
394
83
496
48
794
368
15
746
742
96
262
675
993
668
897
141
849
384
276
621
221
770
580
791
206
221
881
613
502
506
126
248
589
622
296
735
990
664
481
85
760
744
112
105
764
361
246
965
745
875
938
967
997
519
110
555
740
343
168
595
849
646
195
791
621
492
526
611
156
360
48
268
104
161
374
220
874
972
185
620
199
123
939
196
994
401
751
87
744
271
34
593
918
229
736
539
721
263
502
229
623
903
498
79
416
224
651
290
196
836
262
396
311
201
944
658
602
696
745
698
967
779
292
237
8
380
128
82
643
631
663
618
886
161
49
302
737
700
944
934
888
207
682
200
408
626
858
363
674
955
61
994
734
705
583
94
86
712
528
81
695
192
52
581
705
101
235
443
154
179
729
42
386
763
242
147
389
452
862
416
759
275
762
493
981
345
940
419
57
468
500
752
660
904
333
366
6
920
161
512
100
890
554
838
653
149
985
394
953
199
162
713
475
924
558
456
270
498
227
327
319
79
432
979
984
117
697
342
38
858
854
490
100
408
328
105
909
666
500
863
865
662
576
340
939
134
148
209
633
375
888
304
807
672
283
791
790
333
485
180
543
339
670
996
99
998
101
9
664
953
872
882
968
800
222
907
934
723
468
919
98
356
223
905
381
859
48
171
544
533
351
87
872
21
83
324
371
537
333
36
490
557
918
458
709
492
717
995
215
185
915
666
894
490
923
275
701
972
446
245
857
149
685
82
522
120
406
893
657
91
281
148
0
199
958
709
44
676
704
259
861
971
277
107
462
201
382
163
525
180
409
382
329
446
464
851
566
870
745
224
313
26
724
313
578
682
22
974
710
79
585
924
50
863
31
864
64
414
380
941
594
789
323
276
235
788
127
153
10
224
377
324
603
101
637
181
136
12
507
846
91
92
122
493
955
154
358
371
568
738
312
514
879
988
790
466
776
918
619
786
494
349
110
97
802
100
630
938
464
137
137
907
582
259
400
889
765
110
261
333
200
925
848
431
913
638
249
41
908
221
180
403
570
642
500
724
742
483
663
558
620
152
465
202
763
866
92
529
328
705
214
529
982
414
312
248
53
914
641
313
135
821
68
57
464
921
781
558
404
796
117
376
948
582
931
64
800
23
945
129
80
159
10
414
574
674
662
979
588
656
292
723
477
713
132
293
634
914
204
38
710
321
414
11
255
345
427
408
720
372
889
152
531
251
567
457
925
581
436
866
589
81
589
67
794
74
712
428
988
916
818
698
589
584
61
197
282
488
605
354
860
494
507
744
745
426
201
22
359
990
888
949
423
830
368
217
904
80
997
244
997
815
942
938
751
356
135
33
844
740
388
57
586
247
801
683
673
354
58
384
344
946
333
119
128
701
336
32
134
685
276
483
852
571
421
604
279
557
637
123
649
377
180
588
624
333
623
297
40
681
34
384
980
367
856
108
421
192
493
907
230
121
390
82
44
163
38
323
72
676
447
722
405
979
662
30
665
637
679
705
319
713
441
299
81
297
759
854
842
252
761
72
726
503
506
770
666
545
94
739
573
893
813
978
224
827
8
889
464
40
946
783
753
388
434
186
37
194
392
879
798
153
303
524
8
810
295
675
355
741
414
928
634
579
258
210
406
619
100
870
659
398
654
412
138
440
599
176
986
991
407
785
497
711
661
857
521
308
532
228
49
298
508
35
877
766
246
635
737
698
506
396
96
512
809
587
952
760
763
939
103
170
76
952
233
737
810
754
46
694
334
447
993
194
835
222
313
81
858
50
131
716
447
579
228
608
166
180
368
929
471
823
452
547
128
685
637
290
792
683
984
478
482
329
673
317
904
986
750
114
36
881
830
483
813
58
91
979
590
811
261
414
987
65
961
115
750
598
405
894
633
741
373
468
71
46
785
975
32
888
441
420
121
271
904
934
681
347
266
271
511
879
685
498
944
999
965
46
949
370
941
583
111
666
51
534
712
188
861
96
76
302
868
198
573
124
484
254
472
750
878
335
629
915
833
925
266
798
972
216
520
265
151
983
931
554
518
995
742
379
443
171
34
311
721
607
436
205
214
260
308
444
595
937
711
780
863
978
578
187
194
450
452
345
433
383
251
303
730
993
35
173
516
69
836
237
28
624
795
594
884
103
38
831
40
750
611
255
80
541
442
274
991
246
971
777
629
222
80
711
567
115
884
84
536
721
673
565
697
468
159
582
571
550
765
964
652
377
219
732
270
14
6
262
260
329
391
242
903
471
953
470
939
190
906
475
263
932
392
960
400
552
542
324
454
308
288
106
37
859
190
307
873
196
921
486
877
664
728
780
488
33
602
427
223
509
254
486
441
647
447
193
551
341
517
357
1
805
463
390
17
653
698
890
201
971
728
430
988
808
210
476
842
164
903
65
673
509
552
466
508
351
660
411
692
529
768
46
687
583
436
704
588
486
946
141
458
675
571
446
483
133
274
325
298
529
743
323
38
647
142
547
998
802
958
42
683
79
88
370
662
877
74
251
363
21
392
173
48
964
971
531
449
245
209
747
774
952
423
165
951
565
64
301
719
22
343
402
101
784
125
116
13
199
367
376
572
759
550
620
75
873
152
877
119
713
976
245
17
399
410
968
316
474
269
35
849
964
790
302
100
915
418
113
466
137
490
39
249
392
659
324
265
163
553
736
876
530
982
893
929
392
213
598
219
482
985
68
447
775
722
899
42
141
13
861
278
855
900
879
247
911
204
864
427
109
601
655
639
583
549
921
327
762
519
898
597
504
966
396
280
41
295
674
182
308
535
812
163
787
692
762
51
248
627
478
357
228
133
349
163
34
270
842
149
789
741
746
293
59
494
925
100
789
600
634
450
487
799
613
627
843
376
678
443
355
508
152
583
993
501
98
28
771
940
529
560
681
627
854
93
121
131
193
910
83
828
360
571
979
326
550
822
54
580
265
409
88
417
344
433
919
442
461
42
382
342
603
416
969
809
509
90
940
54
353
24
234
713
947
213
39
497
387
445
429
652
854
869
422
198
302
693
992
116
735
727
458
690
143
428
499
4
870
792
410
223
816
645
937
115
210
328
964
598
774
393
602
980
262
376
531
564
421
523
680
157
250
491
199
745
919
699
101
789
491
864
13
659
509
302
774
71
982
90
21
108
483
976
89
97
352
972
13
774
847
694
283
450
185
482
547
456
533
649
597
376
513
962
35
374
616
161
797
599
251
819
707
86
795
148
535
499
472
549
625
320
595
260
770
132
743
317
940
276
318
537
5
183
500
40
909
116
554
707
67
157
878
127
596
25
627
131
524
100
680
502
420
627
762
190
759
857
859
699
486
178
589
491
361
441
531
271
909
437
330
977
595
208
456
191
233
83
322
109
183
355
611
955
334
374
497
446
231
357
497
717
887
86
208
248
879
92
871
789
529
201
118
124
761
574
315
994
657
990
104
193
697
715
500
31
441
998
829
673
707
327
742
594
413
303
194
293
395
418
434
924
619
552
401
733
478
68
727
487
58
183
680
107
251
181
491
692
531
320
717
238
647
812
184
413
115
378
58
510
796
492
786
768
396
187
501
874
256
580
361
666
764
394
126
15
575
617
59
458
937
129
696
937
941
880
350
56
610
760
566
759
252
704
527
0
892
380
874
500
312
587
518
428
981
644
795
908
613
855
366
551
984
414
840
925
646
542
333
609
302
899
368
906
955
247
258
847
979
132
699
291
71
218
720
53
862
515
313
476
722
32
379
58
446
571
335
445
113
668
54
767
919
774
25
875
21
283
74
352
415
774
643
838
992
715
891
206
583
557
34
305
589
765
716
387
336
51
832
449
720
238
568
991
12
593
866
385
876
293
737
643
67
733
482
411
448
725
617
383
282
4
41
871
769
757
259
106
808
443
907
880
34
476
224
398
69
442
136
298
735
225
941
802
958
423
565
759
149
535
142
431
539
183
655
308
940
266
766
101
61
674
333
95
502
557
846
571
0
982
221
87
207
163
242
518
586
807
277
87
342
771
871
233
955
526
542
247
144
308
700
205
334
34
653
836
943
499
760
295
833
981
383
40
144
625
558
83
784
187
170
479
959
41
712
914
919
254
513
63
915
214
621
601
600
274
438
895
125
198
543
958
179
926
998
676
903
909
759
39
96
281
518
55
675
231
321
946
837
187
362
104
753
983
706
353
609
144
600
734
694
143
692
225
421
42
901
676
951
12
716
400
294
586
807
321
817
481
267
7
668
629
111
421
964
169
126
573
665
726
307
359
222
351
937
643
394
190
672
697
203
388
97
849
326
257
522
144
738
789
503
758
771
614
179
735
136
657
661
801
735
320
513
957
672
450
601
418
640
273
115
843
13
565
44
339
822
566
835
912
708
338
670
479
305
201
566
441
858
227
242
593
548
755
903
572
557
856
990
198
481
457
393
494
22
438
185
196
356
373
460
64
711
130
543
368
683
462
161
893
689
756
839
589
863
742
513
421
598
503
619
79
313
364
925
335
802
110
884
159
835
344
575
547
827
471
267
862
933
429
756
974
185
595
564
48
689
429
469
287
285
440
718
598
805
995
285
959
457
521
470
293
866
46
840
45
517
459
907
450
888
15
776
73
962
692
474
651
122
295
290
407
736
360
5
893
355
642
852
813
164
323
106
382
721
298
427
238
757
686
40
646
702
816
71
664
509
897
668
983
193
958
390
281
319
747
174
26
389
26
839
553
701
945
935
422
595
714
12
353
401
52
351
455
221
774
471
730
672
139
65
865
450
455
146
121
554
672
147
943
698
987
849
752
284
136
174
880
203
187
585
956
591
936
411
812
710
234
894
382
374
959
599
176
766
97
297
320
769
796
264
820
135
465
572
772
601
98
652
156
285
237
112
229
525
523
41
235
110
936
970
484
247
921
12
14
371
661
334
140
457
950
312
593
415
236
365
369
335
369
525
972
958
638
201
483
513
243
70
623
531
392
459
778
666
471
792
37
484
479
529
942
429
194
887
197
430
604
918
765
325
443
738
283
433
939
118
299
182
540
274
65
285
734
844
951
557
988
340
42
819
221
336
249
415
223
798
846
179
716
611
504
511
701
139
945
641
257
596
175
797
870
241
82
604
437
385
514
777
725
908
597
299
244
198
714
819
996
560
998
64
524
854
575
225
993
520
218
602
116
394
399
339
987
834
943
424
571
809
553
649
717
502
948
313
700
14
132
48
575
482
112
451
688
688
28
681
560
247
635
29
993
387
368
980
573
663
756
144
825
661
145
542
164
93
208
864
108
692
265
35
527
377
838
215
417
866
249
330
465
884
711
458
271
79
438
844
94
546
341
919
208
486
814
372
932
22
588
392
66
853
427
593
231
617
809
0
483
410
330
949
294
41
407
918
472
198
762
919
96
455
190
304
942
356
28
874
730
617
266
797
470
45
390
53
662
551
54
497
961
736
798
256
130
558
174
602
756
288
873
204
96
64
509
38
772
537
264
503
506
882
652
977
279
42
30
293
594
436
790
907
173
941
163
303
499
689
257
607
330
131
811
426
547
672
816
671
562
432
174
68
666
178
45
945
221
428
238
167
216
380
74
389
321
590
44
172
631
302
779
961
785
591
739
684
615
907
707
177
339
882
246
5
60
643
302
633
423
540
152
640
273
227
381
946
169
426
119
800
80
250
114
217
193
853
253
809
761
960
986
452
194
584
810
607
228
112
592
3
653
745
643
278
324
25
224
493
803
695
645
235
946
759
804
139
965
57
948
78
369
287
530
564
871
340
523
451
453
115
455
458
212
98
88
536
475
664
381
630
360
27
865
658
786
21
149
751
78
98
181
448
737
712
364
608
404
887
60
209
354
867
19
567
965
107
103
793
772
485
775
484
864
993
494
650
14
643
754
93
93
287
893
830
999
609
791
756
496
851
965
202
70
985
769
387
444
225
180
216
710
308
52
926
301
546
928
315
190
34
760
283
322
5
466
321
614
257
429
462
460
395
665
530
732
434
917
176
11
450
745
721
758
797
999
59
344
928
726
886
962
487
169
284
844
635
958
459
244
387
921
704
134
938
234
866
725
504
395
736
954
140
810
712
937
809
123
633
737
849
519
700
688
41
984
533
28
942
992
273
682
265
329
816
204
916
35
929
420
430
665
374
922
827
438
211
637
561
845
374
762
716
74
451
109
411
336
138
705
680
763
387
945
92
556
501
8
943
782
780
725
800
506
647
627
944
858
264
857
55
639
620
772
65
423
881
828
759
371
534
439
486
273
736
579
181
238
939
124
20
72
849
820
578
848
448
523
707
64
732
114
55
704
238
121
127
472
301
238
843
835
29
682
461
766
261
642
356
552
119
728
976
968
901
555
169
701
430
228
765
162
342
821
867
581
294
346
405
595
937
600
783
318
282
244
436
895
238
792
800
357
873
776
678
774
331
847
475
761
75
592
276
769
413
495
702
59
193
107
655
130
708
790
449
990
34
885
886
272
30
686
630
903
462
660
29
146
507
856
259
934
448
535
703
214
382
406
273
576
513
280
58
221
70
859
564
104
97
802
729
127
840
711
382
302
371
411
800
230
619
60
164
67
947
867
281
330
273
907
258
787
187
668
360
258
528
276
714
625
78
795
104
918
506
838
573
229
601
373
459
220
785
623
287
85
843
921
415
116
828
25
255
367
693
968
625
573
244
692
550
675
839
654
593
698
844
518
927
445
244
739
665
29
714
305
466
557
578
881
26
406
258
281
773
304
249
751
877
846
795
428
521
634
82
466
332
279
337
612
724
581
703
742
962
417
399
429
327
977
662
353
735
921
634
508
225
236
611
454
434
758
882
307
393
317
125
77
596
462
41
320
395
744
414
358
514
813
139
841
142
801
546
877
74
532
738
651
120
701
106
554
460
340
213
205
657
339
282
253
153
676
926
549
420
340
259
286
506
750
479
0
903
25
230
978
558
968
981
30
21
439
937
481
780
150
686
789
841
321
43
347
997
969
896
769
661
507
56
519
257
887
872
160
913
102
490
823
422
824
853
443
263
142
277
395
293
315
185
486
636
580
833
633
901
81
755
914
588
811
786
197
698
658
710
963
112
200
138
534
376
992
329
992
486
958
387
779
274
924
618
262
504
451
248
405
885
3
320
825
814
458
23
864
116
85
180
228
285
318
114
14
662
795
6
149
106
745
280
732
670
898
994
526
702
242
284
587
245
956
412
411
414
787
628
530
872
808
110
510
126
576
524
141
371
882
290
829
627
570
561
297
821
556
176
523
150
460
110
396
416
874
159
830
662
787
360
886
947
822
396
426
398
272
567
121
154
857
951
782
779
512
431
600
420
607
123
571
67
585
319
835
460
478
665
474
618
377
360
565
199
109
343
597
733
910
71
888
119
374
22
899
238
805
851
659
413
975
582
832
912
901
668
372
379
685
846
349
63
559
267
262
20
610
212
753
521
635
641
640
9
15
891
247
821
743
258
586
70
840
770
982
741
790
355
473
476
553
822
539
464
89
801
484
52
365
238
573
0
231
565
9
247
457
609
420
552
867
6
622
708
776
604
801
567
311
274
395
217
449
934
33
890
87
518
942
805
108
867
805
691
433
167
290
242
776
710
146
643
716
768
703
845
724
505
764
388
131
159
957
580
445
990
823
884
860
765
689
320
985
495
364
418
14
654
12
790
365
158
785
433
278
841
630
354
698
394
94
829
905
51
762
702
394
585
587
606
702
276
279
687
123
643
457
137
297
469
279
662
979
417
448
609
258
78
964
956
825
58
137
82
462
899
785
208
484
372
814
539
0
93
226
476
736
684
965
386
505
245
400
837
14
848
446
272
927
762
580
752
173
717
834
987
969
971
195
453
695
361
344
696
455
571
172
543
607
489
929
464
734
330
301
748
530
100
372
457
862
304
561
387
22
748
374
991
719
569
796
767
931
141
463
738
64
987
281
23
476
563
487
563
245
789
663
127
241
36
937
103
340
498
491
714
598
865
57
670
787
206
437
718
699
252
456
763
239
89
786
67
4
625
982
601
766
646
729
7
682
666
111
374
516
954
441
467
171
498
137
958
56
926
28
755
178
484
870
769
926
8
836
282
634
819
236
400
465
317
408
499
983
871
225
851
177
18
318
348
517
807
659
925
733
687
681
911
524
551
680
802
560
869
84
546
40
320
946
857
637
354
708
972
577
933
176
754
952
846
103
821
6
762
746
739
801
779
3
325
683
35
127
595
256
564
141
296
884
87
153
874
794
861
198
371
147
374
478
451
573
933
624
579
47
722
318
848
502
673
526
185
61
653
132
317
569
273
614
454
712
119
680
506
333
878
230
480
605
60
283
178
993
907
757
40
629
427
240
483
453
766
20
514
772
152
831
341
425
797
795
138
917
827
996
250
58
578
82
663
638
365
193
631
624
302
671
253
729
912
89
182
678
109
696
450
614
880
792
39
677
939
529
594
119
878
196
177
456
278
192
95
995
385
726
619
39
750
225
768
14
666
303
44
127
351
847
741
231
991
133
909
282
662
855
401
540
52
930
349
682
122
444
30
859
522
649
898
272
226
19
286
244
322
331
372
25
178
113
257
169
246
166
803
261
21
205
153
425
135
502
108
610
298
138
821
821
139
720
93
718
91
732
962
765
415
686
790
593
800
47
114
398
565
917
659
587
474
165
364
962
667
472
572
318
962
393
139
454
465
232
172
556
316
486
321
731
173
112
676
973
511
142
723
77
60
383
16
886
900
380
848
567
205
772
237
519
166
376
973
983
961
145
892
277
984
565
9
157
677
685
482
541
828
205
618
240
940
986
478
840
366
327
760
923
99
997
443
617
374
416
953
687
914
845
964
898
410
973
407
440
11
889
981
191
446
951
783
739
937
261
579
303
588
691
579
40
41
22
9
767
438
962
454
704
807
418
602
218
744
9
658
107
250
991
298
49
942
81
788
879
342
719
534
283
763
113
323
804
135
684
571
926
647
25
630
454
795
585
24
539
594
34
646
197
25
296
598
967
377
738
846
72
809
381
355
572
494
30
728
982
714
299
908
713
676
538
520
472
123
544
363
70
579
362
619
604
658
217
572
388
307
770
460
116
151
167
689
998
197
417
980
263
69
888
977
745
778
497
569
254
393
285
676
972
999
295
929
657
864
853
45
171
623
857
287
127
24
328
125
573
98
105
837
167
345
166
264
475
15
186
729
408
471
405
381
470
52
662
479
916
515
877
439
138
86
79
265
111
407
742
684
857
199
873
24
544
39
641
372
54
827
453
815
650
859
196
472
263
858
951
180
725
180
971
863
267
50
481
730
810
223
766
19
423
640
44
319
31
685
691
438
864
497
253
514
356
801
986
619
11
289
151
736
822
475
599
441
877
432
171
39
656
937
59
431
929
103
750
961
140
794
751
356
291
4
870
999
805
208
970
816
849
474
552
671
949
503
464
826
936
635
866
944
925
277
375
206
732
477
519
872
623
270
228
266
274
450
617
431
10
940
599
859
414
503
883
715
7
347
541
295
983
759
591
260
388
318
466
120
147
986
344
771
256
572
389
883
374
359
666
384
299
266
244
713
769
479
780
128
826
673
423
161
785
366
421
173
684
240
294
832
578
638
955
186
563
344
421
937
55
88
674
354
354
270
419
475
749
199
604
575
873
379
89
658
746
862
831
430
102
477
262
680
116
217
219
31
914
640
968
969
728
994
676
434
264
95
262
13
647
866
941
872
597
30
882
343
892
65
126
347
543
740
27
11
310
598
42
576
239
362
545
319
357
573
754
621
21
16
987
668
234
928
540
831
958
774
527
850
839
5
197
382
745
577
393
55
175
435
631
766
150
529
86
507
454
192
128
475
560
115
495
146
395
387
977
353
161
856
556
1
861
105
383
959
34
129
366
562
916
350
328
66
231
766
925
685
958
406
513
870
873
8
16
269
396
346
622
909
202
530
910
416
636
646
727
22
127
93
584
43
443
265
462
674
31
387
712
342
793
225
212
19
585
229
288
981
575
262
243
129
793
153
897
781
151
624
155
278
70
740
674
513
5
488
540
388
227
604
730
373
181
295
392
766
876
680
100
803
294
343
932
439
848
182
220
0
158
728
630
228
468
656
94
825
496
986
565
724
590
648
97
771
943
841
889
819
521
989
622
167
332
906
607
181
440
179
533
599
907
515
179
375
524
273
552
20
611
118
744
201
766
193
324
61
34
214
232
907
555
854
75
888
112
34
421
905
213
306
504
121
173
683
848
697
309
753
718
920
871
814
474
989
360
150
402
746
716
634
6
272
840
433
512
952
467
285
857
680
591
713
801
764
749
2
462
58
755
532
330
978
698
156
319
410
307
721
157
375
355
163
647
195
948
159
499
415
444
709
95
387
422
249
152
171
603
966
581
358
850
264
336
900
420
655
311
727
728
468
103
83
983
102
630
931
614
129
346
410
838
793
798
261
394
302
784
997
620
718
707
822
982
395
722
402
402
33
482
130
853
937
565
836
39
195
119
5
325
817
416
163
963
214
776
357
868
913
707
488
631
766
662
965
162
384
367
564
770
201
47
623
138
612
812
530
808
931
887
133
101
303
648
64
869
777
773
89
690
480
929
673
247
591
638
761
976
357
677
746
911
724
721
401
337
533
283
497
817
171
982
918
474
630
334
696
759
107
785
801
940
715
474
539
306
464
300
282
174
977
380
85
54
454
486
743
987
770
240
156
941
222
426
767
204
760
463
316
868
249
117
808
964
944
347
622
408
647
257
582
976
989
19
382
443
506
125
431
628
717
939
569
291
366
688
496
126
152
164
994
753
281
802
69
225
501
691
634
148
300
568
477
290
588
859
733
446
337
164
74
54
456
995
346
822
683
194
948
187
358
943
292
991
97
361
217
599
405
203
99
705
123
576
995
63
788
729
509
125
245
935
531
701
282
877
523
318
423
824
857
133
119
150
125
216
511
694
167
268
897
267
974
20
195
321
84
335
402
945
812
648
233
344
701
867
573
577
185
997
401
43
482
520
545
607
88
408
301
256
677
550
875
3
923
70
324
359
758
79
304
570
727
889
914
780
757
488
357
294
837
110
689
671
982
234
631
71
643
932
327
672
835
554
27
758
976
703
117
734
782
773
305
861
663
571
642
772
59
351
66
248
462
756
920
444
342
903
867
337
187
194
9
22
100
36
132
77
740
249
811
522
375
116
384
390
40
378
162
451
729
580
700
543
688
972
340
31
875
207
368
62
754
730
437
854
766
569
283
858
171
95
733
546
563
469
936
603
847
98
55
928
678
107
824
719
431
516
750
658
75
470
72
181
200
509
388
319
79
671
177
250
766
262
796
682
731
84
285
930
182
692
859
212
799
35
931
582
903
33
240
978
504
313
160
704
822
548
23
253
571
553
855
338
815
3
372
547
87
657
477
269
702
688
834
853
75
117
436
978
503
676
309
7
989
469
63
164
369
87
769
940
992
625
630
807
628
2
706
716
12
536
337
714
576
523
567
652
641
3
982
144
32
291
503
373
760
566
889
481
5
659
422
997
284
404
157
912
407
863
980
419
751
318
485
328
841
52
980
834
408
962
330
440
606
833
165
366
752
55
200
757
714
622
107
350
26
616
614
785
831
595
556
583
265
41
911
458
94
243
645
854
557
975
646
163
161
811
882
265
218
82
374
284
56
481
634
434
449
601
220
281
548
776
864
165
818
775
623
264
370
268
470
927
596
116
91
109
279
973
726
498
55
100
782
463
934
769
897
383
370
117
664
270
246
528
435
416
655
58
680
25
679
150
305
627
618
396
88
897
721
814
395
128
914
530
591
200
299
488
584
21
606
600
291
204
481
78
620
136
136
652
514
167
154
819
146
772
567
234
669
288
400
417
416
667
299
7
867
950
847
803
323
805
404
966
9
885
44
629
373
180
281
887
700
435
58
846
559
625
433
581
913
833
998
681
500
649
40
720
599
888
523
922
693
279
888
703
164
932
684
890
464
318
129
516
753
188
363
313
813
148
894
79
981
244
112
834
893
153
906
844
393
429
118
86
61
358
141
225
290
178
467
106
496
597
623
601
785
338
914
950
486
160
381
819
756
494
5
1
999
911
197
392
341
315
478
402
673
972
979
315
150
447
422
646
396
397
247
181
87
514
483
573
26
865
744
135
711
750
136
710
661
334
102
354
1
932
108
675
904
88
990
406
887
764
404
283
513
652
816
600
518
651
525
896
516
270
31
579
20
520
289
681
206
743
388
207
676
496
882
932
584
225
339
823
989
743
458
855
747
626
455
617
278
981
514
794
251
897
726
623
417
15
656
623
111
44
831
787
541
65
71
477
290
410
301
632
506
111
487
605
738
294
575
16
275
441
162
878
338
888
501
108
256
158
731
367
202
914
506
95
980
577
573
622
340
226
606
198
337
445
803
427
740
730
443
15
171
606
894
510
846
747
618
102
905
701
821
460
616
327
555
948
905
128
922
597
706
529
795
396
974
950
823
714
681
619
82
852
577
328
362
423
75
332
878
981
34
51
793
2
379
348
950
636
829
872
233
535
753
380
283
728
330
107
794
11
78
876
864
655
556
578
78
632
263
308
965
297
360
758
651
91
106
601
727
287
825
312
175
579
692
458
659
374
917
453
386
995
682
602
650
238
532
81
222
795
389
187
444
101
945
95
192
52
48
919
339
226
583
514
157
627
325
816
2
242
621
740
590
655
694
240
246
578
321
468
726
63
656
522
164
601
618
709
5
18
980
697
596
564
563
753
543
888
921
897
483
895
637
73
550
683
313
796
614
987
265
340
402
921
862
918
874
832
627
880
203
608
577
799
524
140
905
67
381
826
965
864
721
954
937
624
990
602
772
604
941
37
296
695
310
158
614
537
343
593
417
546
201
346
697
77
838
602
145
219
781
462
435
854
768
724
830
110
327
603
714
620
640
362
316
303
521
930
840
216
523
609
762
77
955
811
154
145
766
651
365
547
465
152
753
586
877
584
696
204
187
411
176
179
773
492
482
646
774
674
862
298
283
976
727
590
788
233
736
906
237
101
453
702
605
558
288
482
142
985
38
681
748
215
861
873
59
695
872
834
370
86
484
5
63
211
596
203
796
332
109
33
785
914
736
390
472
376
873
967
713
263
648
813
478
509
687
538
557
559
372
927
645
208
932
60
419
880
615
215
212
76
249
997
990
337
740
815
65
965
782
131
228
430
944
59
292
631
949
849
542
673
128
540
881
412
952
652
293
568
867
505
996
468
855
987
157
947
802
575
912
936
706
492
366
650
903
10
634
852
859
528
525
339
68
758
752
373
410
45
293
630
550
289
450
757
276
960
704
430
535
968
366
593
461
85
243
364
447
229
569
307
758
446
646
178
205
750
551
967
795
844
597
698
486
48
455
114
360
512
545
895
832
263
840
645
700
435
362
148
665
931
807
775
377
805
953
934
556
857
902
703
53
851
401
539
251
209
654
611
73
551
858
905
166
698
551
867
134
265
367
799
196
174
574
925
331
879
212
887
88
114
591
142
317
344
33
569
553
687
532
626
590
391
884
757
89
435
624
575
700
991
726
248
517
652
525
848
532
737
88
620
203
679
114
521
23
148
442
929
187
974
555
778
365
791
535
807
578
511
382
278
854
109
878
723
761
404
571
645
493
659
618
697
690
84
570
66
232
12
995
772
986
902
550
704
694
437
863
272
300
597
903
506
706
133
229
820
537
800
817
383
812
787
80
502
872
2
568
104
14
563
876
352
818
778
408
512
567
271
136
219
869
39
725
927
173
954
99
62
755
269
445
567
56
877
421
928
879
990
385
245
905
613
598
723
744
6
587
311
630
724
531
851
115
608
778
288
563
878
703
670
147
500
589
555
378
10
484
609
352
869
855
258
834
805
333
578
163
273
890
793
997
773
644
112
381
775
753
944
5
456
966
504
956
555
59
686
566
895
296
270
764
503
880
599
308
214
529
823
839
419
617
836
544
613
300
926
388
53
222
745
861
189
249
170
96
309
208
662
204
856
285
321
359
165
272
19
731
801
843
570
573
812
758
117
425
59
395
166
464
618
911
678
159
513
848
255
174
408
270
730
265
555
51
976
72
675
996
804
829
191
726
402
3
485
871
780
544
619
298
360
589
562
38
748
427
238
355
601
647
977
331
264
532
735
240
957
410
588
761
591
131
487
345
486
324
217
267
868
836
917
581
425
831
619
525
258
210
232
859
857
210
191
473
742
278
713
51
688
654
812
632
785
652
977
272
976
194
891
197
382
160
778
159
992
749
36
250
959
269
462
168
479
5
641
573
283
707
625
323
713
789
955
498
793
933
122
122
479
365
319
214
526
449
373
870
550
762
472
510
31
934
30
862
939
672
787
574
731
412
898
444
554
853
294
347
786
417
469
266
134
140
832
12
589
557
882
492
319
355
2
702
641
384
564
581
56
352
507
139
116
405
583
670
259
878
370
45
647
839
663
781
332
495
794
273
53
28
765
724
383
119
427
25
504
343
958
912
695
465
52
164
223
635
834
482
865
556
879
512
396
895
646
728
390
792
1
795
820
119
872
204
238
299
581
742
642
891
655
690
708
59
206
931
694
392
413
560
949
645
424
697
540
70
425
282
862
778
430
683
897
302
239
488
601
172
230
595
415
237
637
123
296
843
407
343
236
172
903
185
817
679
882
357
750
659
640
964
789
70
999
39
724
238
527
677
762
109
272
177
347
262
301
995
105
60
338
693
232
593
230
402
273
464
759
23
475
751
339
617
173
339
656
897
929
183
574
692
644
199
869
991
813
522
987
270
582
677
964
815
271
546
217
544
363
328
919
838
432
258
455
957
949
463
207
879
998
133
571
643
684
440
986
497
963
325
768
545
3
84
712
274
630
281
818
993
962
89
184
746
347
991
703
297
455
910
176
453
396
99
96
80
539
435
930
854
760
698
752
763
782
816
37
764
98
207
110
412
296
294
158
996
637
861
645
92
124
173
546
872
272
994
952
163
429
882
370
190
932
122
305
66
290
695
831
740
254
941
152
551
587
310
899
224
524
544
669
0
717
215
872
341
561
176
504
343
411
226
885
343
700
190
410
991
885
593
731
492
886
884
43
473
546
294
49
422
838
718
422
907
285
646
600
847
823
456
542
586
683
427
281
383
617
43
374
855
636
106
347
522
342
742
347
240
388
397
663
578
467
85
485
753
732
437
952
907
893
494
493
576
921
774
960
890
170
686
97
806
144
796
681
838
890
380
79
278
777
742
856
597
179
693
350
263
130
654
170
24
148
15
952
421
142
264
663
312
951
113
470
447
909
151
286
152
532
365
782
661
459
991
258
638
684
960
254
167
614
424
543
114
792
495
887
934
112
551
246
415
16
716
862
277
220
500
429
752
217
212
765
676
555
376
667
239
688
921
758
655
697
301
769
489
149
9
423
613
912
21
28
928
738
242
205
958
743
987
62
960
551
179
989
106
555
8
345
244
929
456
899
978
757
20
468
258
29
243
871
941
265
899
869
355
494
427
665
237
414
79
549
965
258
890
71
814
898
768
410
179
224
309
158
334
681
978
592
711
221
464
4
838
715
226
193
561
653
858
798
67
937
700
32
548
590
103
362
841
871
772
20
448
433
530
782
114
508
374
177
82
190
182
920
258
408
466
819
61
676
970
128
614
22
512
514
964
967
876
805
190
0
178
638
785
708
420
899
569
147
77
651
337
611
923
947
19
389
767
432
66
89
560
32
111
424
546
427
391
774
233
581
774
411
220
911
471
992
810
40
139
239
43
829
202
967
776
221
708
895
653
774
984
565
158
447
989
704
875
732
830
460
314
956
223
886
867
694
878
30
87
370
621
130
199
824
449
975
45
510
871
51
284
207
616
795
655
958
851
882
690
682
342
356
638
917
594
506
611
473
888
50
195
509
533
394
333
982
369
731
492
592
782
129
800
750
924
807
60
127
689
103
809
383
459
448
300
54
306
263
879
546
666
74
55
199
820
389
533
189
472
378
782
254
507
934
4
783
741
417
910
782
520
72
517
979
872
169
385
530
432
616
76
450
42
131
649
862
872
183
404
344
561
538
950
420
472
955
555
213
724
817
347
244
889
864
223
761
33
961
643
817
577
719
268
972
851
269
834
75
452
590
420
365
128
370
785
952
677
340
165
401
510
864
645
399
728
221
513
113
534
156
931
463
228
551
435
431
820
622
506
625
212
278
990
693
1
776
645
30
468
163
784
978
27
781
730
108
2
595
221
888
103
504
352
331
55
787
762
228
761
269
853
326
899
843
19
900
971
16
931
440
179
715
770
559
496
852
667
851
447
240
91
903
745
443
234
152
583
997
732
344
618
585
670
869
781
41
770
752
410
53
544
589
120
667
500
968
519
519
171
319
760
263
222
857
706
808
361
289
157
94
986
775
31
8
645
812
402
767
565
812
820
109
401
940
128
254
260
648
773
432
319
885
695
541
742
401
701
456
43
859
550
29
634
581
37
631
746
439
750
311
603
570
772
5
862
901
611
123
901
384
907
220
270
602
113
364
3
814
820
398
673
370
427
660
304
817
291
50
608
42
713
212
964
837
569
179
738
180
654
991
916
561
211
186
163
324
551
518
491
723
269
164
94
696
824
750
865
468
152
826
862
217
38
826
54
959
357
145
139
11
136
407
924
348
594
439
24
497
310
515
220
579
680
666
627
856
768
845
324
920
671
538
137
61
717
544
20
74
689
511
438
825
918
714
525
864
154
550
361
816
417
934
395
449
600
374
306
721
219
982
993
890
521
483
303
238
27
323
664
716
186
454
541
105
169
419
969
323
969
683
491
386
617
886
188
569
260
494
642
832
828
636
74
349
119
378
939
146
53
956
862
240
410
755
345
579
174
666
254
495
349
745
234
318
983
422
240
596
268
882
428
96
518
854
798
637
232
89
783
286
45
997
878
456
105
223
387
631
241
642
479
591
739
713
261
723
487
501
671
755
384
99
203
902
305
353
540
538
443
675
176
488
25
54
296
130
629
684
761
870
678
240
813
769
305
75
844
144
576
515
899
312
966
455
215
272
808
107
162
251
782
690
92
159
96
740
289
725
776
403
947
806
995
113
576
301
540
420
445
468
288
697
781
254
504
348
878
312
455
40
916
589
730
360
749
826
100
390
903
877
793
203
35
141
668
611
442
560
384
239
28
672
288
161
278
144
509
509
809
316
549
725
258
632
437
359
810
889
749
66
118
895
621
154
36
641
765
830
201
501
421
581
525
62
743
156
206
604
665
15
273
214
92
531
198
529
242
361
771
343
427
889
590
400
43
978
41
161
808
594
14
582
175
540
644
918
696
850
875
361
218
148
927
310
31
478
840
625
839
963
968
618
852
559
18
248
537
411
409
698
5
423
632
180
315
276
451
11
478
678
724
696
178
652
7
209
130
199
186
321
162
154
939
366
65
309
614
955
720
23
5
77
799
637
609
114
913
412
478
743
90
202
440
268
854
799
829
336
998
15
657
512
522
948
878
587
257
493
894
977
868
899
54
19
536
16
486
449
428
964
545
519
518
985
139
373
784
969
61
134
336
71
998
858
19
876
798
277
721
44
606
942
944
13
961
480
29
447
282
457
763
827
976
282
164
116
7
300
437
420
434
773
491
432
984
511
660
134
140
734
178
746
676
474
759
637
955
788
437
589
246
552
768
574
186
932
42
193
232
479
966
18
605
457
802
941
320
814
427
460
548
605
207
224
80
318
214
387
107
3
328
705
555
96
631
94
380
674
639
612
505
605
982
462
63
784
755
383
598
182
844
499
140
403
723
572
721
289
959
180
292
639
237
200
735
869
294
115
895
933
79
400
539
413
215
954
197
970
337
147
153
533
646
293
288
722
217
362
11
176
542
656
167
780
856
254
1
150
721
896
435
800
648
326
213
863
280
762
186
970
261
339
855
260
984
144
334
201
858
345
729
400
1
896
532
209
150
885
711
871
781
147
23
782
473
588
645
106
702
183
76
315
522
931
927
858
427
261
411
285
959
140
38
312
388
922
522
890
808
233
113
941
732
488
723
206
428
721
664
482
904
740
798
779
23
725
637
803
987
401
440
946
541
830
258
282
753
132
524
561
366
638
502
98
478
578
656
907
299
320
389
203
412
539
982
788
265
972
591
604
373
383
902
266
214
512
900
967
645
425
880
363
415
734
813
893
312
822
152
611
494
894
167
907
433
501
695
50
825
638
654
198
21
908
817
235
773
69
554
770
494
434
133
261
169
298
155
481
120
659
445
615
553
612
874
987
465
921
389
291
559
396
841
580
304
658
168
77
728
722
847
574
157
332
836
678
631
343
511
103
354
956
70
908
920
296
247
386
217
636
29
776
32
870
709
689
881
229
766
961
951
966
535
460
298
723
490
281
418
2
737
773
310
807
33
583
456
280
321
673
268
350
802
653
220
863
342
453
92
460
414
395
778
302
208
429
377
698
710
796
52
799
921
715
959
954
298
415
586
971
88
854
321
242
859
893
105
201
347
549
14
113
945
792
415
505
221
793
203
284
941
608
83
862
323
42
816
973
809
402
944
898
256
265
140
468
158
598
669
857
147
35
971
444
828
738
949
401
531
153
37
472
761
121
334
436
515
150
409
325
904
353
575
513
618
67
981
128
665
2
338
165
38
661
609
218
399
559
619
931
64
657
755
177
130
90
613
997
592
22
674
849
727
249
362
697
669
343
825
334
345
515
499
383
176
461
953
576
20
573
859
84
582
614
261
64
56
874
61
1
248
88
850
975
337
564
672
6
907
849
693
604
717
544
988
893
5
293
821
25
866
32
461
800
647
722
216
55
948
278
408
548
366
610
875
55
174
899
414
81
749
459
686
818
3
26
63
9
319
885
386
538
917
848
690
916
922
907
324
223
185
732
771
903
343
647
310
517
546
724
951
647
183
989
465
539
15
529
900
686
766
638
224
35
838
267
304
761
174
628
984
711
712
107
614
407
754
276
925
653
353
228
300
888
217
118
427
584
999
327
270
117
318
847
152
156
114
808
917
288
788
253
999
501
713
965
908
467
241
185
472
946
765
773
835
982
243
262
566
242
942
189
359
260
36
863
416
502
672
686
790
460
291
141
313
4
458
574
824
51
759
648
998
525
773
833
859
16
447
778
610
741
967
321
1
355
537
770
857
209
808
999
21
451
492
687
808
950
261
984
353
372
632
351
249
406
536
109
422
984
887
385
725
206
706
79
561
243
201
770
804
361
121
178
812
965
865
972
915
478
956
620
850
589
972
100
995
860
561
769
844
800
154
922
6
213
353
919
456
906
41
261
619
514
791
783
479
656
756
394
486
712
366
336
653
338
788
0
551
701
122
395
501
628
669
859
841
374
130
298
632
171
911
251
685
702
35
164
710
143
910
196
207
629
884
861
967
673
213
518
726
335
266
228
316
287
439
157
14
570
807
998
93
70
250
131
124
637
647
186
780
910
382
339
539
619
552
858
644
766
377
370
453
995
950
769
634
390
279
0
960
438
999
405
509
601
536
985
590
184
172
722
94
906
61
633
525
614
491
169
732
220
892
537
567
842
659
554
232
938
554
544
376
905
950
237
858
486
223
448
670
747
522
116
653
936
749
179
550
593
700
634
813
592
171
381
787
830
287
19
120
841
916
849
99
866
438
957
352
13
758
375
760
632
491
414
568
593
945
470
186
645
104
351
590
628
84
377
810
371
748
283
565
664
132
664
530
922
973
235
936
83
962
696
716
805
110
284
398
55
755
936
53
211
288
643
839
372
372
2
96
120
285
661
785
769
325
667
691
650
254
627
734
216
324
450
374
786
86
124
842
193
61
247
405
701
890
596
425
262
950
521
734
235
182
871
4
859
539
696
510
145
675
244
362
999
46
88
138
132
212
980
326
273
579
83
326
821
31
752
435
982
273
169
569
808
41
574
667
932
622
177
77
297
421
791
649
467
879
787
952
444
119
278
717
698
713
44
519
96
796
954
78
421
123
648
229
516
574
897
800
548
426
230
845
848
21
494
667
253
281
971
697
752
249
766
450
314
162
969
411
310
275
841
732
751
841
313
267
415
562
420
963
989
650
161
189
23
