378
471
647
375
407
407
206
998
210
512
263
84
952
926
127
276
838
430
626
653
125
756
816
37
489
17
483
243
557
32
949
288
503
948
663
262
355
222
261
565
734
524
2
39
803
129
315
993
911
294
646
36
50
814
425
891
831
909
486
388
293
435
28
148
735
692
410
90
914
23
8
0
900
10
39
55
491
707
48
402
1
46
790
403
860
567
647
691
828
133
431
473
921
460
621
8
504
384
99
418
407
107
418
659
117
810
714
960
517
762
362
870
808
504
625
20
71
272
63
252
758
495
725
31
307
347
39
811
83
490
581
842
597
999
502
66
161
216
26
678
331
740
900
491
596
526
512
20
150
575
272
260
422
997
643
81
696
35
892
779
525
473
622
475
825
476
893
986
692
272
17
23
12
269
867
961
795
379
981
298
954
253
910
729
250
554
810
299
589
55
78
466
880
52
941
705
528
187
44
573
459
61
948
823
330
815
784
478
194
765
128
501
370
38
230
973
592
392
272
533
447
350
352
328
755
293
385
283
832
429
208
291
490
157
115
173
324
251
651
871
369
779
372
739
169
954
712
114
346
984
647
146
687
999
826
442
645
211
77
477
641
638
121
483
147
236
656
471
839
659
342
208
790
66
948
312
20
12
426
719
997
73
217
36
425
43
830
422
254
259
899
895
897
20
731
396
608
739
868
448
751
562
656
893
629
956
205
649
969
631
720
318
57
937
706
482
980
536
256
235
147
507
482
397
528
565
793
488
305
661
288
408
224
297
301
853
253
507
854
574
138
927
892
547
864
950
381
197
486
637
784
986
145
618
383
25
184
176
865
841
838
154
249
414
451
550
619
704
409
825
631
900
752
523
447
969
474
829
166
312
818
950
298
963
568
681
340
104
858
206
945
48
712
546
814
163
449
433
219
858
610
850
110
363
726
558
332
552
739
498
864
909
800
515
225
720
548
565
825
758
123
122
158
835
21
972
998
470
757
570
680
368
420
791
731
498
701
415
50
792
265
267
53
65
134
278
137
682
844
314
441
319
789
951
155
810
924
505
632
33
75
664
401
848
807
484
346
860
251
749
652
516
16
706
933
150
336
423
184
180
737
977
852
526
929
7
688
205
864
672
238
940
337
992
140
144
476
838
357
80
587
9
596
955
67
882
457
404
305
642
936
394
619
140
921
900
147
961
105
364
634
696
304
323
688
796
819
516
634
176
596
222
538
545
177
957
427
635
713
84
629
2
478
600
142
751
501
642
713
958
6
699
654
662
22
342
458
193
859
92
370
807
666
260
352
196
569
779
831
283
863
460
285
694
412
779
445
913
421
158
224
779
857
878
441
231
573
251
777
784
696
499
591
714
759
944
910
328
75
741
963
291
553
600
985
318
380
430
231
153
941
807
933
150
38
726
382
611
330
159
747
378
658
690
92
769
986
3
449
62
96
413
705
2
13
690
320
745
472
903
899
413
711
184
564
749
262
298
712
592
809
459
970
819
149
63
588
136
418
37
550
514
802
255
516
168
297
836
913
121
740
164
535
803
348
451
552
611
749
616
555
910
75
526
729
576
941
317
64
359
706
614
225
861
221
742
29
870
578
294
992
670
459
879
473
807
330
377
770
431
993
326
341
420
204
422
349
497
739
413
208
797
380
433
10
601
175
39
824
106
334
816
128
793
47
954
952
729
331
723
160
677
49
853
97
605
275
446
102
366
212
310
515
592
95
526
545
271
917
369
729
603
537
857
748
584
163
701
313
495
424
825
524
825
30
973
782
657
420
884
375
632
546
891
576
641
769
121
264
38
491
345
642
28
555
390
965
718
443
278
565
867
456
89
44
486
63
826
496
835
62
871
819
960
114
395
954
883
516
218
274
359
564
916
740
471
658
705
189
102
335
755
321
791
196
366
630
259
544
126
94
959
997
913
271
112
660
225
347
177
796
621
888
360
889
628
183
548
333
372
2
669
479
323
460
676
41
90
287
938
216
734
897
566
647
168
30
660
394
377
189
190
351
77
902
592
706
437
140
391
809
494
60
641
818
873
317
859
315
604
797
884
338
46
450
338
567
480
350
313
209
539
855
912
616
109
505
674
546
997
66
707
492
478
348
310
351
665
521
667
622
671
903
312
717
353
2
284
185
352
597
746
891
804
659
860
913
164
534
459
161
952
167
653
431
515
315
782
533
837
801
507
508
704
171
577
409
174
862
946
878
811
693
122
616
352
982
529
516
868
341
29
173
508
35
604
375
350
738
260
539
892
767
47
948
939
625
358
465
839
656
343
2
349
465
970
53
799
852
569
20
193
951
193
53
986
797
780
336
887
41
876
779
160
275
728
451
252
438
916
443
94
612
446
796
77
416
849
229
620
771
249
813
722
442
218
708
591
999
396
478
392
624
610
552
252
338
4
504
128
920
948
574
884
394
370
962
162
220
543
783
991
792
948
65
586
167
125
177
518
521
7
910
498
617
462
750
307
818
254
435
91
554
362
975
300
732
289
815
304
832
598
295
624
898
360
210
65
837
739
935
359
747
845
209
364
660
959
24
478
565
811
569
472
173
897
772
906
186
587
210
19
537
858
643
436
570
206
853
408
945
141
119
692
986
328
409
646
639
785
477
556
596
398
380
770
295
153
28
482
92
238
501
982
448
496
770
19
702
975
779
0
116
898
44
103
578
805
101
569
590
930
477
187
329
858
309
976
11
337
458
455
927
311
437
376
808
207
747
862
183
878
862
651
776
907
754
706
712
208
275
303
490
104
842
819
962
151
796
325
840
606
781
119
918
570
847
78
778
594
940
313
472
155
964
600
62
71
658
126
631
285
781
121
390
623
293
352
126
441
678
318
47
459
438
317
381
285
395
159
232
688
824
56
843
141
9
257
564
667
383
547
953
517
668
343
140
313
47
619
754
725
937
154
536
727
471
918
13
219
429
597
907
606
653
102
99
662
359
663
682
94
562
987
611
582
682
104
896
729
723
2
807
12
156
695
740
980
965
105
199
395
702
458
353
707
560
452
722
919
467
404
13
29
391
977
963
425
81
859
154
804
862
961
168
370
657
908
350
622
365
901
369
67
359
74
775
919
878
849
838
697
253
204
78
996
533
42
421
614
901
927
770
115
889
938
486
898
199
188
872
564
90
594
984
449
20
111
369
899
960
559
596
565
115
675
561
648
717
334
262
970
261
384
86
502
323
924
752
874
464
977
438
906
923
774
356
943
885
77
842
845
988
791
762
104
466
323
104
535
9
719
505
271
103
943
125
778
219
878
652
36
207
443
942
130
569
298
73
455
727
268
652
716
59
415
172
525
90
276
412
100
995
917
723
451
213
848
229
784
78
234
820
637
29
763
767
598
413
193
53
141
461
58
857
520
473
29
397
563
657
809
15
653
78
90
456
643
939
685
428
369
271
248
359
300
11
126
899
425
319
952
566
780
362
775
652
835
156
49
751
165
210
118
170
289
209
626
932
500
312
712
221
935
961
580
236
972
707
135
749
378
439
667
511
802
442
515
989
950
565
740
116
127
211
286
768
420
913
53
920
577
765
141
512
726
722
748
51
781
235
800
511
675
820
374
829
614
890
818
565
807
911
33
934
122
319
703
894
584
756
814
513
873
307
26
600
29
126
3
162
714
155
674
741
975
400
570
590
290
740
507
97
3
540
32
477
211
87
371
148
195
185
661
68
493
39
20
874
518
23
389
232
531
415
973
506
815
895
448
106
635
955
203
639
847
587
468
59
26
840
207
221
25
220
642
870
260
662
97
130
38
486
362
569
901
687
427
716
582
876
174
569
183
378
560
31
317
29
442
696
869
1
917
246
221
911
469
833
574
918
963
612
404
677
533
657
364
960
373
298
836
548
220
20
278
132
403
947
161
845
643
382
846
913
981
67
824
802
253
398
720
216
362
124
246
895
781
962
856
506
613
44
406
833
416
36
965
819
984
479
664
979
213
862
892
194
282
717
348
535
467
68
103
830
544
349
77
325
312
285
184
277
682
942
110
98
979
427
918
963
906
934
294
120
797
187
666
79
904
15
966
723
435
69
905
980
771
983
657
435
620
841
712
302
784
822
753
115
249
23
430
508
957
724
980
106
911
998
537
167
365
503
891
801
925
796
781
696
131
438
131
104
280
843
406
416
17
159
883
618
182
313
478
492
37
458
950
301
457
488
820
822
343
711
975
268
860
756
316
343
195
447
447
827
642
206
595
659
717
478
630
252
143
108
96
532
919
46
833
728
886
654
902
582
717
878
850
929
634
167
625
829
966
72
8
961
630
603
972
348
433
602
600
576
63
696
109
982
94
294
710
981
948
612
563
18
842
765
299
477
284
924
658
603
997
667
564
627
622
536
327
56
139
927
984
202
975
93
536
70
388
246
403
688
210
318
706
53
83
358
882
720
282
540
323
279
559
887
259
534
775
586
942
266
866
926
468
193
20
356
615
760
954
18
448
165
336
507
570
772
865
452
844
147
344
167
779
256
406
390
790
181
328
84
448
546
10
268
740
382
977
355
142
931
726
943
448
414
802
18
538
667
822
382
166
519
901
297
775
659
39
917
193
368
1
993
914
363
261
6
746
590
362
240
522
88
183
970
854
337
341
393
356
163
775
523
682
29
172
809
688
212
78
881
932
431
874
846
795
488
853
893
78
567
133
600
7
669
923
861
6
264
606
363
779
382
238
814
411
762
975
99
974
54
333
906
485
207
105
632
695
310
525
774
877
11
726
236
680
1
449
38
617
56
753
397
790
343
563
553
106
538
652
432
944
337
339
782
545
796
414
240
106
292
366
335
303
93
923
335
94
372
725
712
428
479
461
570
822
376
123
280
914
128
713
211
465
404
345
10
200
759
251
658
403
617
345
58
62
620
745
157
992
471
221
773
302
34
343
476
410
467
757
676
595
470
887
60
226
232
423
426
344
674
436
99
643
133
158
58
753
903
215
97
726
788
222
28
822
918
505
232
385
614
908
332
84
148
744
310
732
167
88
428
193
876
528
189
361
38
247
466
941
814
563
668
602
786
48
776
704
553
360
441
167
620
125
603
120
221
265
853
389
705
281
934
933
161
475
294
199
722
760
493
888
676
513
842
814
561
618
870
467
330
311
986
951
788
942
71
9
559
276
750
617
910
685
550
71
160
197
623
235
957
468
123
985
981
966
799
894
936
669
361
267
332
700
218
120
994
641
130
553
918
880
170
828
917
721
251
430
270
226
665
579
694
140
565
675
458
364
570
395
386
283
14
718
335
232
191
329
225
321
883
143
553
405
323
823
478
927
253
748
153
270
328
848
762
245
875
221
609
797
968
347
81
982
418
768
566
609
98
791
282
333
287
835
738
962
10
569
889
615
317
395
885
997
243
0
242
118
221
204
916
541
551
349
523
969
117
89
930
567
880
212
900
519
400
991
482
410
912
371
26
581
766
263
579
361
263
173
832
836
377
100
377
281
801
900
602
918
989
533
838
222
745
90
741
497
433
223
908
345
947
286
927
65
549
506
427
165
679
611
1
409
711
731
690
512
983
644
782
973
177
620
547
275
63
640
772
496
864
32
842
163
318
121
228
220
979
7
737
658
618
738
419
681
821
461
193
805
106
328
130
635
300
677
910
363
317
35
860
533
419
54
48
90
175
629
310
154
988
47
164
959
137
584
640
311
45
186
116
503
514
246
139
814
275
401
530
944
788
390
830
208
444
878
298
619
507
960
773
848
359
937
807
848
873
799
159
271
985
627
774
851
873
265
18
500
667
548
445
455
938
275
15
734
153
665
353
13
977
478
861
336
767
20
537
641
819
48
912
805
676
38
8
901
304
378
402
323
926
199
130
216
474
498
302
979
163
7
344
141
485
557
829
253
577
718
246
397
767
510
554
795
900
914
696
556
293
450
879
571
649
362
788
475
860
90
455
375
98
799
516
935
709
698
540
286
416
138
35
183
648
941
978
901
856
27
457
501
477
689
72
479
51
212
954
263
655
409
638
753
561
507
40
270
205
933
908
621
71
296
157
72
237
487
973
93
514
782
946
344
471
19
823
874
231
129
489
886
539
128
991
452
987
32
74
192
317
334
165
388
630
674
460
868
162
785
313
28
568
260
372
39
279
547
266
862
677
755
749
568
235
92
372
222
124
446
414
793
780
932
182
411
606
994
631
768
780
944
797
348
204
521
739
835
69
5
698
98
113
799
666
348
891
38
571
368
836
337
161
968
269
343
379
876
338
10
996
470
307
145
818
511
19
909
699
440
267
397
538
380
548
556
728
439
946
651
807
782
989
969
750
610
664
482
838
2
492
835
824
799
332
642
663
351
904
362
791
171
111
329
903
659
237
631
98
183
635
258
965
624
227
68
234
243
550
73
598
394
260
422
546
592
417
209
296
321
923
87
492
386
769
395
397
6
378
847
190
13
105
507
989
684
575
576
928
477
649
526
872
261
300
418
205
717
979
501
38
254
941
882
640
62
629
389
420
360
236
962
373
694
470
715
730
397
291
10
875
292
888
747
553
189
517
758
906
496
612
945
750
905
179
742
967
809
131
387
521
719
350
894
765
172
961
496
921
252
506
796
544
395
895
97
584
412
208
490
908
172
787
10
77
319
752
396
480
235
135
1
307
837
247
72
361
209
568
283
461
75
79
358
822
975
807
406
739
367
248
648
539
388
10
968
707
115
716
539
350
852
540
657
41
787
730
403
348
650
686
810
725
117
520
547
444
327
305
184
695
906
184
586
294
194
555
353
309
623
892
12
827
784
21
869
571
751
624
272
754
662
82
831
131
954
731
576
281
36
112
976
942
296
563
588
842
470
941
504
93
185
516
921
969
537
142
893
641
766
165
395
780
599
226
911
553
957
487
834
346
599
163
640
247
726
229
442
548
522
946
641
708
462
914
29
351
56
922
992
174
87
739
954
38
318
218
591
627
705
778
973
657
941
966
256
19
195
698
567
717
644
560
777
458
475
807
810
883
81
154
410
169
894
716
559
564
934
151
191
992
929
517
1
222
483
609
241
30
308
160
99
304
720
229
763
547
36
925
783
117
79
193
638
325
261
198
889
548
701
433
892
982
302
893
204
137
502
797
167
162
957
618
467
29
847
582
577
883
507
360
353
586
905
343
912
166
541
153
66
594
586
958
576
888
851
132
25
706
929
544
220
238
163
687
268
362
269
197
598
128
557
951
715
814
294
979
332
188
132
399
782
71
357
359
311
561
843
689
619
125
585
839
363
748
527
983
463
148
180
61
629
89
12
344
903
658
675
236
846
807
987
629
230
344
340
542
257
535
583
876
660
168
68
24
269
947
7
732
447
540
793
76
629
157
420
533
815
95
121
662
255
108
643
837
804
335
731
62
870
314
290
531
483
358
907
752
657
266
836
105
806
629
181
436
786
954
321
953
49
442
615
656
902
610
494
706
297
577
120
168
892
411
51
375
121
310
479
779
576
315
884
735
296
417
523
434
371
844
387
773
638
355
781
540
317
627
246
615
205
719
135
97
130
186
824
603
496
655
734
424
322
970
159
618
388
682
52
759
878
791
884
868
146
666
760
464
293
359
431
498
78
566
947
560
752
771
163
600
426
898
24
748
220
536
718
608
570
122
720
801
914
604
669
412
622
430
228
916
141
659
766
219
225
714
779
329
837
942
281
264
192
306
364
413
194
435
373
116
557
93
917
823
50
939
236
672
721
816
940
862
476
707
81
53
773
860
383
610
154
664
226
699
322
943
464
868
378
837
985
935
283
902
759
685
841
347
357
914
163
650
776
991
357
857
45
482
69
780
92
576
796
319
275
471
262
739
339
992
928
676
927
563
579
38
248
772
385
958
687
901
608
815
892
317
673
289
799
94
69
243
670
218
914
297
689
176
388
380
520
317
57
448
232
988
486
481
112
224
439
151
125
47
967
369
716
992
659
515
438
80
758
461
650
673
758
691
201
147
72
722
816
481
522
400
821
360
881
285
584
672
437
61
71
756
783
787
100
794
302
538
874
413
999
877
438
110
568
639
609
992
713
777
473
235
177
646
948
411
932
884
83
369
946
155
477
81
942
577
875
597
467
101
362
819
978
800
281
547
791
890
891
505
19
365
92
196
11
392
607
295
277
691
664
575
198
493
656
140
422
531
89
890
984
451
61
963
251
342
862
43
584
753
900
603
470
344
799
834
737
759
129
366
802
146
941
0
639
597
140
62
480
230
304
464
33
717
779
285
59
993
680
643
99
932
598
569
276
397
755
365
508
885
731
310
31
24
310
22
621
803
436
453
385
740
270
418
457
401
55
868
395
735
863
494
667
461
415
296
211
171
13
719
56
745
382
439
769
44
813
743
199
250
548
584
342
818
355
152
220
762
20
967
498
236
813
517
697
228
165
260
751
179
332
159
276
714
598
397
110
764
492
310
14
41
246
708
211
601
860
431
716
233
750
214
821
563
83
870
144
249
131
895
780
463
55
56
529
5
805
639
121
298
301
487
339
548
196
550
501
408
334
217
993
436
783
814
352
219
685
496
820
168
743
600
983
150
8
512
508
813
503
629
463
157
117
802
705
313
705
558
73
391
128
67
827
911
881
179
482
918
675
302
86
771
254
69
921
262
933
429
428
437
59
243
946
176
46
651
841
103
561
914
494
689
981
321
953
215
501
435
133
528
90
220
299
344
289
573
959
575
2
739
12
413
982
310
941
380
961
782
483
874
49
977
564
382
651
869
597
504
656
731
32
746
303
684
443
944
609
402
519
611
493
883
377
475
193
318
856
506
453
691
381
502
669
297
236
672
518
834
176
174
917
560
273
572
596
716
516
205
118
388
169
611
623
546
438
169
216
294
675
669
338
408
523
7
57
760
31
575
946
207
102
215
119
375
787
716
91
655
273
561
43
442
524
19
340
962
188
557
609
215
578
947
624
454
306
33
214
337
961
512
896
63
727
15
790
514
83
233
521
357
794
917
151
670
936
492
984
124
401
593
339
331
892
315
785
198
349
351
887
310
863
135
725
590
151
867
456
586
100
978
943
246
895
447
268
831
291
252
307
692
846
998
375
90
314
161
289
15
512
528
677
728
664
754
670
167
621
127
105
73
457
401
319
352
848
587
535
139
839
194
183
37
192
910
128
858
71
769
225
936
649
254
664
313
8
686
832
981
813
938
54
270
691
725
974
539
664
861
30
856
55
565
893
600
475
373
810
547
494
388
835
144
642
851
809
3
537
994
336
703
284
391
325
975
468
300
514
133
513
896
341
921
461
234
873
936
960
35
835
454
423
22
950
418
873
760
773
763
754
109
466
38
852
791
13
321
443
879
806
957
127
147
230
588
733
103
876
45
138
712
500
914
734
802
684
960
562
809
723
668
918
189
706
123
332
71
796
776
302
602
85
429
101
315
369
834
770
246
880
260
958
732
526
44
534
210
4
449
371
727
117
642
268
176
765
601
599
561
729
902
515
814
683
616
481
53
802
251
299
34
511
609
766
38
653
653
600
10
102
324
89
571
966
710
747
731
311
347
644
40
601
511
206
284
479
687
689
281
290
988
316
801
949
434
191
955
87
144
965
541
468
406
113
434
116
212
517
427
911
513
819
864
24
25
501
503
64
190
136
354
531
452
508
480
887
51
435
326
195
752
220
15
159
685
801
275
897
318
55
161
183
226
377
207
604
878
62
20
421
199
375
952
3
883
432
242
286
220
569
482
972
141
849
483
826
651
111
75
321
518
236
505
96
614
712
700
844
127
721
265
326
448
217
329
683
2
572
969
574
493
803
898
634
653
382
460
304
845
535
625
363
124
482
459
90
195
512
286
674
585
552
352
385
121
681
68
475
605
389
49
450
193
300
84
198
34
896
502
879
784
479
594
260
962
405
702
509
269
988
183
854
540
535
591
14
568
659
489
526
401
891
976
594
543
413
792
577
309
646
808
445
125
402
705
439
159
407
300
429
748
835
635
640
722
227
654
291
238
496
169
639
387
145
233
282
910
377
859
572
23
667
17
501
421
75
292
580
834
593
9
582
780
997
223
503
224
229
146
462
725
315
454
464
812
39
746
723
417
605
295
792
624
664
645
45
739
290
978
926
235
987
860
15
984
435
518
560
665
664
375
390
331
829
855
144
868
953
867
637
911
514
782
535
178
779
933
270
69
911
548
656
898
408
672
235
844
542
147
861
559
522
603
890
703
810
386
572
764
253
561
675
119
695
210
298
475
143
920
896
54
468
553
305
228
577
892
72
119
391
285
30
914
889
273
969
699
659
893
463
265
455
138
384
150
701
682
977
196
954
874
603
422
427
260
651
4
504
75
475
895
361
858
161
250
131
131
949
790
24
765
55
831
903
792
334
956
826
311
153
781
185
756
203
964
16
206
968
872
282
796
767
995
654
929
597
137
412
546
927
436
663
335
268
919
127
954
875
305
265
380
86
451
488
642
415
856
848
736
728
482
884
496
477
538
777
74
675
189
973
954
977
988
641
597
907
120
551
135
426
817
515
512
620
4
506
35
860
355
123
589
189
7
437
667
897
214
93
924
403
418
231
380
407
872
978
666
345
529
801
771
698
317
635
318
321
142
706
533
849
829
122
38
189
559
57
86
125
503
363
528
921
594
261
680
466
591
347
163
472
500
934
171
817
922
841
490
416
547
376
617
729
850
655
918
410
713
356
535
568
71
416
489
665
29
522
484
620
221
647
92
721
934
615
891
208
457
733
624
356
109
241
85
960
248
355
722
313
64
609
881
135
377
723
153
406
245
637
26
818
636
471
539
570
438
782
778
895
516
754
604
977
347
689
937
948
397
11
261
813
973
495
300
350
218
453
757
815
90
135
633
727
606
524
649
45
307
780
292
823
534
896
800
234
938
90
182
687
453
795
500
426
290
800
777
860
254
534
27
696
21
660
775
980
185
425
377
492
205
669
667
91
918
819
325
856
909
859
543
363
655
395
789
297
195
566
158
801
452
185
850
474
198
625
454
735
402
831
227
959
852
246
51
770
65
728
978
975
940
873
690
595
268
831
892
816
398
402
969
202
940
819
28
138
445
834
873
199
17
452
159
870
698
210
992
115
290
323
90
230
548
132
177
169
964
422
985
714
824
306
916
116
126
297
606
923
131
831
122
149
283
281
371
333
843
715
449
134
38
891
716
939
376
894
108
340
316
445
54
492
751
322
961
877
619
567
152
751
399
275
252
34
908
975
368
752
690
169
238
81
60
954
20
436
200
480
128
868
925
182
361
676
857
674
906
476
241
410
579
640
685
183
675
594
158
395
698
201
564
936
634
976
242
6
765
443
486
893
311
411
428
24
439
285
698
697
113
292
108
45
284
145
580
959
739
739
706
789
292
270
725
926
599
968
284
364
763
770
609
426
533
389
803
972
26
501
670
492
145
130
537
430
275
117
741
15
208
448
804
852
70
882
130
669
202
414
385
965
184
995
391
717
736
194
42
763
48
712
255
545
194
144
975
469
261
717
484
822
165
641
674
235
875
805
257
77
219
642
394
756
989
785
825
726
332
867
489
732
931
96
277
125
240
605
595
853
322
431
675
839
424
702
74
299
507
683
376
78
326
770
834
315
908
12
393
592
879
234
676
811
330
953
288
922
910
883
776
232
667
451
71
91
505
498
391
12
181
119
443
859
242
629
527
502
641
920
94
521
155
122
684
837
427
324
760
338
560
536
570
227
339
994
670
845
492
413
209
25
533
652
237
127
634
764
629
275
684
75
148
191
197
184
29
624
509
789
962
69
677
885
648
368
879
318
213
723
732
775
100
617
427
337
744
413
101
725
689
138
800
837
681
349
22
710
325
883
851
640
952
880
877
952
249
756
270
462
831
2
237
931
619
17
621
715
430
74
440
471
212
592
661
894
941
683
956
619
918
808
259
222
688
488
174
937
596
444
752
427
799
341
710
770
710
683
486
493
758
926
316
970
871
977
216
164
12
173
783
930
333
394
152
373
882
326
663
478
123
767
257
274
460
968
44
171
651
530
16
761
809
332
732
680
310
300
844
322
825
980
253
510
374
757
236
609
436
899
87
911
18
697
185
478
17
229
1
668
760
17
430
921
702
514
601
12
166
797
686
992
777
291
854
504
401
90
113
837
341
552
748
359
249
933
190
266
162
191
287
274
561
69
547
615
935
148
979
101
298
665
445
427
309
300
931
710
390
396
547
732
949
647
443
550
932
633
169
446
177
808
73
90
877
620
705
164
121
684
265
419
701
63
846
10
363
130
720
105
526
619
189
475
618
985
378
550
970
547
997
147
355
70
589
584
690
294
748
811
330
365
582
32
428
429
42
143
559
115
601
85
734
142
913
705
127
643
255
98
542
252
597
249
674
187
833
717
833
933
528
164
650
463
196
431
892
590
926
803
705
527
240
792
22
505
497
149
148
752
599
690
357
549
939
383
736
124
100
569
409
981
85
60
444
281
491
688
224
417
843
929
297
83
73
319
589
570
820
89
675
420
132
384
969
423
767
57
548
220
978
309
553
64
369
997
697
212
37
921
982
880
203
631
963
276
950
904
199
122
994
874
894
126
258
215
549
377
272
449
949
603
759
502
19
480
851
68
45
888
990
27
120
545
658
84
173
960
340
372
82
686
246
329
812
856
544
714
586
169
515
535
772
626
390
143
459
241
211
504
482
553
883
602
98
541
38
272
853
379
644
287
65
243
616
230
451
161
296
37
682
163
925
454
790
315
949
601
908
160
105
390
714
988
345
164
881
383
788
86
114
785
373
532
380
342
762
831
503
410
221
185
573
498
991
715
165
940
316
73
452
773
816
518
113
161
683
346
544
823
432
11
608
158
543
988
500
305
172
355
67
745
892
992
243
883
708
408
175
376
833
979
150
649
498
263
810
533
962
707
356
394
718
317
904
613
657
404
270
829
759
337
574
651
329
169
886
389
577
413
118
411
393
268
60
891
883
223
776
845
282
132
592
352
449
496
965
107
253
587
288
12
924
215
16
605
384
254
347
962
668
465
725
413
85
137
656
968
712
432
166
346
564
758
698
366
606
15
825
859
602
465
224
878
680
240
836
417
846
183
731
866
648
456
631
733
593
287
53
658
71
219
4
636
329
55
354
288
422
531
147
25
996
371
255
29
963
91
798
162
274
529
28
274
985
660
7
930
299
61
588
371
632
945
359
962
0
65
250
422
596
749
799
944
473
55
325
436
498
123
950
773
652
979
47
989
991
407
272
642
820
860
13
452
157
372
766
157
437
368
932
385
118
731
330
591
138
655
379
637
131
330
762
783
661
161
125
4
568
397
646
388
609
12
193
767
384
959
924
174
328
856
559
446
940
241
389
430
249
120
67
380
802
181
515
463
343
640
819
263
37
818
4
647
830
197
414
214
156
690
740
836
