780
860
122
782
223
39
668
464
157
630
271
951
44
9
734
660
445
218
391
580
604
778
574
186
566
455
720
8
961
828
834
93
40
308
227
615
700
248
431
857
878
703
808
274
64
894
287
861
112
678
441
716
808
16
254
727
823
974
735
785
155
569
230
547
878
458
163
578
58
594
787
936
649
947
562
714
841
849
575
305
880
17
373
40
33
627
767
208
953
503
345
460
424
576
8
302
386
523
232
444
117
371
732
767
318
294
481
511
496
408
816
728
425
189
768
810
168
536
19
474
391
364
934
815
292
942
118
30
817
702
474
935
74
558
54
744
853
887
608
701
295
424
429
73
966
549
883
134
85
902
960
476
619
895
292
263
189
762
294
7
816
768
294
242
327
700
987
532
587
595
585
234
371
366
307
689
915
191
176
1
445
136
829
416
31
473
680
573
587
974
580
404
94
226
646
773
926
985
305
513
932
242
747
656
608
55
345
524
598
521
877
43
658
58
460
41
532
492
614
119
466
546
875
560
124
874
334
50
859
991
915
144
234
663
152
194
70
497
718
668
371
947
63
381
6
875
774
890
367
741
9
833
639
237
746
764
111
80
814
970
423
730
466
9
745
618
204
167
468
274
835
191
222
250
572
580
126
698
822
845
439
831
31
79
68
777
843
531
209
657
854
632
739
320
994
484
291
198
651
759
824
838
950
398
441
874
978
919
572
800
