414
784
148
194
210
465
520
164
666
513
88
911
516
605
139
548
355
848
860
166
936
671
100
608
774
8
22
165
426
879
87
841
15
235
387
226
700
907
742
719
772
831
982
640
788
473
189
495
673
401
661
610
424
114
570
198
122
593
715
549
824
802
742
839
390
481
417
90
388
160
161
512
343
144
152
483
617
693
979
291
447
992
253
871
106
823
422
581
768
137
130
944
292
224
136
682
705
905
124
445
65
286
309
760
782
461
244
751
507
575
394
954
567
647
825
674
823
247
255
943
737
737
888
29
313
376
711
370
281
835
815
699
473
476
459
255
937
55
359
444
630
753
750
198
753
576
224
576
175
479
871
912
568
111
293
881
487
4
251
769
192
418
820
665
894
279
273
183
687
632
980
317
737
730
867
490
658
91
66
186
922
290
450
842
401
744
723
889
100
326
10
292
96
830
310
342
461
935
526
148
567
858
818
304
940
37
795
951
129
213
137
403
503
587
246
257
683
321
146
784
0
508
428
96
338
738
791
151
673
669
300
592
527
470
249
467
507
396
418
988
961
907
392
817
847
990
74
530
311
572
666
311
80
95
760
418
185
551
569
859
220
221
803
99
43
52
918
903
800
689
891
762
596
635
579
795
625
653
326
937
225
344
600
657
791
712
75
977
615
996
188
187
570
991
286
965
396
205
868
196
894
112
958
842
747
889
638
373
542
316
662
119
660
614
776
452
327
203
781
294
552
969
482
474
312
768
791
708
973
660
905
219
124
215
62
871
105
700
596
999
16
610
471
28
225
599
832
904
155
613
198
59
934
680
533
247
449
676
307
774
688
564
346
812
780
760
684
237
460
632
588
828
243
59
208
468
659
41
372
814
6
922
873
293
603
758
892
404
434
551
530
123
116
876
935
248
636
971
837
448
604
425
628
199
485
837
667
496
230
391
310
588
313
535
233
268
645
125
672
79
29
555
554
145
431
842
745
420
165
582
868
121
7
849
320
492
686
339
988
268
82
650
856
748
537
442
16
182
567
41
614
948
596
520
93
379
714
190
799
880
772
20
1
780
869
674
624
907
365
965
175
448
967
383
196
857
825
564
39
745
957
5
693
905
526
139
285
240
329
436
472
102
456
826
234
677
852
210
584
217
527
111
665
847
495
213
704
320
778
95
65
87
101
111
993
979
250
278
571
579
714
396
33
523
222
619
552
74
830
137
291
709
248
309
556
95
522
612
416
652
708
833
740
161
944
733
492
546
363
63
478
429
459
511
952
33
131
857
459
313
994
103
22
594
412
931
690
286
543
458
939
251
291
31
764
588
764
256
486
127
320
964
556
131
476
861
517
959
718
976
272
64
79
646
10
843
577
700
130
121
158
69
724
802
100
489
742
216
745
228
695
417
193
603
901
669
816
770
980
534
746
252
950
178
898
961
21
828
13
503
301
524
924
25
326
376
866
420
592
964
648
287
733
841
243
634
862
59
404
842
946
503
446
896
33
697
209
54
525
223
910
826
747
834
203
425
211
422
845
803
386
845
443
119
39
686
106
901
97
510
96
43
365
894
940
398
591
501
805
468
724
715
646
823
549
202
600
760
624
797
916
10
643
711
481
682
749
587
935
846
450
383
890
815
278
182
566
221
683
371
42
760
438
688
583
987
242
536
100
866
333
368
228
328
431
710
362
180
649
298
378
99
681
268
267
311
802
185
533
486
908
927
246
346
615
181
685
210
717
137
76
403
857
305
731
288
367
446
468
368
96
847
468
129
467
87
441
270
624
326
108
532
253
354
878
220
535
915
430
605
53
507
360
910
164
443
199
883
889
19
251
985
218
71
115
38
510
908
660
134
234
768
666
487
122
896
59
9
812
490
966
217
349
326
479
865
770
30
100
659
402
351
997
620
775
112
10
285
20
670
772
606
438
438
445
912
687
504
922
851
346
240
68
695
567
899
912
337
930
12
348
332
716
345
304
491
809
315
128
181
985
900
787
424
691
232
336
378
89
610
229
435
851
649
483
418
900
395
107
830
760
807
514
476
505
819
319
666
134
447
848
119
700
987
895
391
572
232
769
661
194
350
448
45
351
931
815
251
679
274
82
791
434
948
267
939
767
938
605
253
737
805
725
437
793
620
828
365
204
949
378
399
299
826
796
650
110
964
254
141
238
688
932
672
636
551
963
404
489
921
657
226
726
734
664
871
355
844
588
911
794
318
310
93
145
459
96
607
423
350
748
13
390
32
38
26
583
1
782
424
274
792
2
353
526
18
576
881
863
165
145
657
483
455
102
980
266
198
587
689
900
687
55
290
71
93
669
654
446
451
430
721
243
433
74
122
451
650
355
314
167
500
323
3
956
426
983
574
624
923
616
877
962
671
519
34
764
188
40
210
992
471
283
587
256
357
709
59
360
65
374
879
565
49
882
873
475
218
448
452
141
64
329
455
735
200
489
851
741
882
61
733
705
345
320
961
54
382
20
766
447
746
646
364
796
528
238
623
746
686
75
239
102
404
695
189
957
536
40
698
418
101
431
123
798
103
436
853
485
809
619
284
907
617
649
55
146
887
679
244
925
754
484
379
511
531
568
468
67
608
166
486
61
949
961
860
404
398
65
242
559
36
878
466
654
527
522
152
766
201
396
43
955
232
774
466
115
342
286
183
302
804
21
716
105
334
928
862
732
993
104
291
381
982
110
35
862
632
539
980
833
288
376
140
872
150
607
988
493
245
171
147
50
544
863
507
878
791
369
963
136
473
606
518
808
716
905
22
348
445
354
533
733
730
674
605
881
633
593
726
878
116
873
280
12
737
788
891
880
157
206
17
983
812
535
143
881
440
517
229
237
871
763
970
602
789
928
483
422
873
209
652
990
434
933
354
523
73
245
404
230
803
773
565
616
308
60
497
100
577
78
690
449
193
660
403
982
940
238
756
814
799
409
156
233
694
510
757
767
108
513
349
911
286
915
879
946
327
376
398
905
807
88
706
0
101
109
335
41
347
91
855
146
852
11
731
546
874
840
313
982
353
15
893
991
282
773
937
609
501
336
514
660
424
572
13
525
33
700
567
380
791
774
878
996
138
962
542
12
802
208
346
508
223
239
499
505
364
437
466
218
125
333
230
549
905
243
75
939
943
994
671
87
768
902
83
258
864
977
270
18
185
616
526
760
208
378
617
924
167
84
494
292
417
725
841
674
968
268
613
264
262
637
703
383
539
786
641
755
115
264
773
301
232
652
413
792
382
31
717
549
467
563
841
236
288
34
910
609
303
876
225
917
513
928
652
404
714
646
159
829
262
284
482
494
288
248
287
22
631
356
571
98
919
764
334
560
151
596
169
454
472
394
723
337
322
728
741
388
374
252
569
636
889
404
130
177
652
769
552
635
477
123
733
749
240
419
309
391
15
478
197
840
224
920
529
898
648
623
286
374
875
207
10
116
611
493
646
615
614
198
250
92
321
335
841
913
754
502
304
122
980
501
314
556
774
843
454
774
466
92
149
694
299
511
810
263
356
456
878
971
6
481
415
328
816
608
241
923
110
898
397
442
399
711
998
525
906
452
300
725
544
449
771
195
312
933
458
669
390
689
640
748
170
407
76
338
15
670
261
477
568
10
919
319
73
269
845
980
721
145
57
617
946
828
812
610
761
623
279
503
312
271
252
834
678
680
172
45
350
786
522
270
796
793
942
870
62
139
202
783
636
259
752
582
87
917
544
200
892
824
704
204
95
956
390
774
636
562
171
339
700
694
961
849
487
255
71
550
394
273
685
30
884
790
964
971
59
509
171
951
333
227
507
780
183
897
906
172
459
78
863
512
124
176
361
611
432
432
513
826
57
551
209
941
693
173
912
752
34
435
703
367
15
210
500
550
459
406
722
270
484
937
782
608
114
143
572
546
927
437
724
984
340
933
925
385
107
189
137
141
977
192
861
992
754
361
894
213
767
617
484
604
906
618
564
20
762
488
918
41
926
643
378
618
576
303
4
683
845
493
177
174
686
390
518
792
751
412
358
870
381
194
826
288
812
391
308
926
231
227
968
509
870
346
128
798
1
484
834
198
977
11
372
15
401
890
160
504
303
518
726
684
712
553
972
876
296
633
803
527
212
123
37
434
821
517
232
822
1
66
21
330
77
393
346
830
636
858
686
939
376
413
623
440
966
948
316
614
581
471
141
145
594
530
579
415
47
811
590
400
878
611
731
307
356
429
490
992
287
176
283
663
589
259
455
907
207
123
521
140
595
15
285
189
545
864
957
945
27
547
345
257
510
76
917
866
857
407
211
144
935
846
159
525
105
614
784
664
90
658
156
685
673
441
226
570
657
183
515
37
730
213
294
240
289
211
459
499
970
22
643
906
868
803
783
974
769
919
990
859
577
147
896
250
940
123
821
950
306
688
987
389
901
633
981
543
197
440
42
519
462
37
425
331
840
560
657
962
480
647
173
57
146
70
660
87
545
833
37
203
521
376
592
775
9
574
318
558
366
712
78
181
749
855
512
942
416
521
904
248
520
429
305
667
851
317
106
396
150
495
600
24
871
544
799
232
470
469
791
837
181
221
18
282
76
882
224
844
755
480
92
275
910
750
294
761
67
400
510
218
247
462
594
118
6
393
703
477
214
846
666
747
67
36
29
495
918
254
692
673
86
784
300
348
534
947
110
954
347
972
524
595
434
118
65
440
511
120
269
77
966
287
824
385
323
853
881
593
459
573
618
546
709
919
894
596
866
356
550
565
328
426
512
114
544
930
907
407
50
176
484
17
816
308
754
139
161
635
733
973
560
351
519
622
622
765
218
488
474
120
406
802
546
918
269
90
848
176
849
899
704
333
268
520
993
22
12
154
10
745
479
922
448
998
544
71
116
114
911
590
234
317
744
132
588
13
574
788
541
423
39
246
756
659
766
749
682
130
256
44
875
735
966
676
86
863
99
554
977
10
144
564
680
888
48
620
254
623
408
795
46
800
41
155
459
160
256
493
290
512
537
518
600
856
546
38
719
645
592
48
7
88
964
39
976
13
659
582
636
420
378
34
572
771
189
31
283
446
525
926
310
414
796
262
270
342
300
341
339
892
742
346
332
58
386
309
71
397
243
59
817
973
94
741
97
635
773
380
433
650
658
744
416
806
358
39
148
659
732
487
903
474
186
236
533
924
897
956
321
140
368
491
466
462
232
563
449
357
943
235
7
954
979
776
760
337
815
261
348
547
100
252
22
286
840
907
210
737
215
884
229
583
375
695
397
959
258
847
317
554
82
676
508
413
452
620
102
267
881
803
815
982
55
189
268
247
448
831
336
663
715
565
247
442
613
644
401
223
843
718
777
277
747
637
42
199
258
145
467
139
300
634
473
707
823
94
954
623
925
290
286
992
207
885
434
820
530
187
44
725
258
173
355
5
811
397
204
421
894
23
912
194
657
386
901
832
480
855
455
757
497
94
749
705
979
535
877
861
722
273
587
332
447
942
337
610
691
894
31
586
917
295
132
927
681
34
111
513
241
567
270
91
13
371
148
992
258
25
854
333
299
793
665
98
87
3
708
778
897
91
716
166
386
849
93
420
235
205
933
828
124
556
919
137
927
67
129
538
445
335
871
96
480
536
194
567
539
254
698
788
697
766
955
83
615
48
855
202
605
789
31
729
697
302
866
976
722
348
514
519
35
385
615
516
922
161
83
813
767
133
602
464
900
909
899
867
309
755
70
915
896
453
996
593
107
863
569
829
563
84
700
598
469
315
466
743
828
902
909
595
35
863
59
935
772
959
803
81
66
225
348
962
678
345
555
137
560
476
319
123
560
19
73
382
335
540
477
163
442
386
111
829
249
522
765
21
481
920
455
899
145
803
861
175
500
768
664
60
245
983
535
805
3
609
539
690
501
17
853
295
403
316
124
653
839
241
26
672
161
481
572
658
637
785
185
137
554
850
198
799
185
85
956
188
694
496
878
547
865
84
842
268
400
319
273
239
560
300
912
74
133
836
84
770
621
622
260
175
824
810
326
9
895
283
198
942
131
76
489
996
512
684
616
913
3
890
504
915
190
768
341
675
604
426
446
226
400
58
753
224
868
432
233
763
67
783
57
198
212
547
546
724
583
162
989
938
404
494
853
946
262
547
622
219
973
68
797
725
478
902
949
346
334
534
461
401
318
519
599
530
418
497
606
1
12
596
939
416
442
144
363
56
691
985
275
16
405
72
741
883
327
690
581
661
225
42
63
895
913
14
777
331
512
383
332
876
331
623
292
773
768
7
830
811
992
105
828
749
530
569
984
857
612
565
870
189
960
933
84
873
300
213
557
164
596
241
40
928
865
332
53
985
692
883
796
36
341
624
786
223
546
770
80
510
688
302
699
0
236
135
873
888
348
782
52
296
24
92
576
241
776
630
226
468
513
374
505
854
351
643
77
249
765
509
759
453
164
458
453
400
945
679
640
293
461
692
589
837
784
166
78
560
796
656
381
661
383
886
868
86
529
297
335
294
159
94
100
323
904
905
75
849
584
715
142
398
407
83
587
191
601
18
103
397
26
484
411
409
722
279
495
251
576
182
898
87
276
350
410
532
255
485
381
192
200
875
942
959
959
881
150
560
899
606
310
926
90
73
687
813
352
183
416
280
717
666
368
994
368
130
878
976
616
260
168
168
487
462
128
446
343
630
359
243
236
21
521
679
94
208
844
798
743
260
430
461
279
150
807
647
281
685
623
897
945
143
417
785
957
545
231
301
176
942
896
764
315
417
443
761
977
287
911
721
900
342
182
531
492
989
530
125
26
506
374
324
649
792
109
959
337
692
260
865
987
508
630
302
277
425
416
254
713
327
975
965
669
509
496
514
850
26
991
877
532
366
201
182
158
310
493
847
2
753
713
989
613
695
644
890
120
60
144
185
387
472
150
409
981
646
275
832
673
266
709
205
984
262
739
142
572
584
342
926
337
407
268
302
102
912
192
574
324
337
760
63
809
262
824
142
909
99
974
934
718
35
491
702
297
583
197
221
167
539
148
857
946
768
159
400
32
704
326
356
393
438
771
554
701
596
696
962
695
671
248
765
58
739
820
356
674
369
929
194
260
77
51
206
197
562
958
229
266
284
937
659
723
709
213
776
305
262
738
352
285
986
118
343
77
290
51
104
659
981
298
919
410
701
477
608
263
787
189
882
71
127
893
146
836
107
922
493
721
12
845
6
350
315
349
780
605
401
884
616
734
182
887
144
235
364
752
850
503
942
732
927
421
626
73
257
85
348
750
806
712
947
812
63
263
513
843
220
266
79
837
0
613
724
145
848
441
249
698
296
543
783
223
964
761
649
573
198
349
675
356
61
623
520
476
886
33
671
458
300
750
295
300
363
372
797
563
165
47
262
461
590
397
37
555
158
686
480
708
35
156
64
448
779
584
925
17
617
596
475
269
699
123
922
62
847
719
978
364
118
592
825
61
989
214
968
499
900
448
207
287
604
271
736
383
207
13
752
176
961
228
446
660
703
720
75
550
791
53
914
910
645
91
971
986
306
939
485
558
387
44
846
344
315
934
79
874
299
832
50
260
60
496
921
763
568
996
665
360
49
579
622
46
670
593
32
328
884
517
887
623
561
85
967
228
371
47
102
670
231
152
930
291
1
851
406
569
199
71
281
248
2
903
646
672
848
678
1
732
195
240
708
108
325
27
688
48
426
142
718
657
295
648
300
648
852
58
569
51
481
851
652
483
754
298
508
603
977
861
687
524
101
747
985
778
775
673
826
201
168
544
211
463
544
511
463
748
570
32
800
51
235
804
887
342
102
395
297
431
608
984
308
709
732
645
839
859
670
665
60
838
561
623
653
457
