523
411
436
766
135
117
401
564
555
845
519
76
983
553
811
599
762
935
633
695
704
101
918
930
991
103
315
387
345
547
564
868
311
1
635
446
118
388
362
673
585
882
101
568
787
912
519
549
847
152
244
552
605
514
834
596
970
149
983
315
48
900
535
359
901
170
806
19
910
520
44
495
402
497
415
189
409
286
91
609
439
335
513
396
202
347
345
172
496
328
839
544
228
374
904
481
897
62
852
159
582
896
655
337
393
422
878
155
709
969
764
500
657
277
248
859
624
593
383
472
922
222
368
502
948
624
336
845
686
188
5
621
85
12
958
830
786
188
985
847
158
749
347
815
26
596
674
2
189
409
474
463
983
195
318
931
819
654
129
858
842
486
479
279
498
789
110
636
977
447
484
487
197
831
302
575
779
328
578
321
737
404
136
72
599
806
4
419
460
133
277
655
619
108
286
469
249
748
105
578
196
589
66
745
773
368
320
904
49
250
577
138
655
714
211
606
520
215
25
333
700
654
340
671
114
626
140
363
375
597
294
923
539
360
668
312
80
988
568
129
239
146
268
246
212
831
852
732
46
230
65
98
884
405
769
351
384
261
714
111
858
360
34
397
720
702
61
153
42
630
282
633
128
902
879
340
733
84
72
131
314
490
581
198
247
350
901
983
611
616
94
470
976
128
219
49
182
281
202
577
911
836
210
391
91
442
731
824
526
155
308
840
645
889
390
245
592
292
228
203
260
323
25
588
803
245
989
338
526
191
267
789
380
477
180
471
271
263
647
797
418
955
989
416
197
380
661
789
24
241
344
636
916
370
224
720
615
566
410
493
757
677
282
137
506
814
608
778
77
256
927
495
563
917
911
760
649
924
901
25
166
246
661
82
616
237
154
583
803
916
76
913
945
358
402
452
524
11
582
601
619
509
448
534
778
360
647
779
636
548
804
802
146
817
237
762
55
743
697
210
660
773
123
605
483
526
57
7
889
991
608
860
501
57
394
631
769
393
411
405
294
215
560
440
385
797
555
440
540
252
2
552
26
126
158
509
652
567
517
893
559
477
753
412
886
499
43
655
893
806
413
187
374
973
979
759
122
534
551
14
787
553
567
813
679
77
674
683
996
191
576
555
21
681
319
907
533
363
563
778
521
328
317
895
653
296
654
775
831
205
141
970
759
60
783
790
137
809
474
134
353
402
41
374
436
361
281
969
76
196
747
597
876
416
845
529
712
499
304
895
57
798
865
168
858
0
958
348
810
784
834
163
539
227
537
975
588
170
296
16
719
395
966
595
811
163
125
875
662
781
771
71
579
636
239
790
637
550
490
447
686
324
962
225
551
499
552
492
21
200
860
740
595
178
336
758
341
813
634
356
594
757
427
526
393
19
316
382
921
806
181
607
482
143
185
385
994
737
877
16
290
90
756
237
268
444
996
962
257
982
318
852
739
745
730
484
116
46
219
37
204
400
645
38
896
830
423
242
919
653
258
209
743
367
447
363
163
795
325
421
129
643
625
868
741
355
704
857
753
923
247
309
676
244
347
924
74
770
166
345
775
777
907
518
496
706
234
659
501
559
432
630
555
409
850
296
116
906
505
869
830
104
530
858
348
877
134
422
0
300
120
775
429
379
646
925
85
232
585
938
791
369
920
698
779
122
346
895
28
852
117
210
308
647
68
657
877
202
431
229
855
551
356
284
930
354
562
367
586
147
657
378
868
577
428
647
699
775
543
80
979
12
290
287
659
711
944
888
913
376
117
120
279
826
757
562
180
319
929
767
818
587
497
686
516
925
334
568
700
229
648
31
241
938
319
252
1
615
141
915
991
610
387
271
436
144
185
617
463
114
736
281
53
233
968
570
510
654
490
563
883
138
594
124
428
265
376
430
881
869
697
224
480
84
847
916
581
32
885
396
499
621
678
552
206
998
474
717
652
964
280
887
454
226
363
883
492
739
665
725
961
362
949
441
798
149
709
379
181
947
776
680
568
806
585
127
156
411
844
808
376
476
47
182
702
410
65
546
501
730
271
462
444
573
255
243
722
965
974
903
912
750
936
832
908
521
959
64
284
155
224
660
983
271
195
38
33
612
584
535
695
208
349
139
781
605
734
503
922
709
758
186
459
694
370
720
567
682
784
852
189
9
864
173
280
411
211
666
24
795
201
719
3
902
210
136
859
945
991
781
654
750
319
465
796
690
185
716
372
970
920
913
331
136
86
611
548
297
629
572
445
830
643
800
85
853
289
944
150
280
78
804
30
397
270
179
439
807
895
163
129
167
77
460
303
163
72
851
813
53
775
610
884
418
410
969
624
51
265
774
332
343
931
714
741
553
893
180
360
140
344
490
307
421
950
611
936
374
814
749
428
590
359
664
360
122
985
984
525
250
111
857
594
42
572
687
595
817
219
955
310
915
797
617
336
748
580
625
474
747
726
902
337
438
566
49
912
551
386
437
154
497
295
100
891
219
787
486
388
6
793
698
274
591
668
610
691
248
587
165
347
314
68
684
752
986
86
664
890
472
101
44
321
748
496
212
319
283
50
708
641
843
758
915
786
426
878
477
27
465
995
374
131
415
411
883
401
497
899
643
321
353
687
642
453
183
206
773
818
256
833
812
451
591
727
590
18
957
419
45
775
414
771
906
829
182
142
583
679
41
226
352
746
266
994
200
801
552
973
620
808
806
432
612
397
511
202
767
821
621
164
596
388
936
854
217
118
996
152
150
390
379
502
136
645
849
688
446
753
661
418
914
819
202
526
569
714
80
336
887
53
853
483
441
789
337
11
259
686
163
761
428
894
616
916
539
817
605
338
570
618
756
484
438
959
362
359
25
442
47
912
496
900
747
289
41
436
300
653
474
816
414
902
710
382
819
602
199
776
292
122
394
48
606
184
359
321
543
736
763
591
0
611
491
99
253
885
536
905
538
10
721
304
265
784
687
436
386
238
212
678
360
606
78
319
791
790
640
686
526
755
277
879
719
121
978
972
6
866
877
544
229
599
848
494
383
887
930
121
126
494
151
486
100
229
805
243
19
797
930
898
553
559
129
624
680
107
596
38
326
473
934
555
424
135
49
159
22
331
632
500
825
783
987
277
13
144
521
384
294
803
634
847
714
763
471
747
223
419
785
549
244
72
104
21
207
505
180
581
836
165
82
661
948
421
290
313
565
811
50
211
966
684
58
681
800
881
428
375
652
565
924
897
637
380
918
196
237
450
778
73
615
212
86
916
633
376
581
550
540
631
762
858
668
172
539
468
406
319
195
58
237
471
307
226
851
225
423
88
28
553
513
995
765
951
911
750
327
493
300
219
124
414
78
144
939
969
612
345
641
807
403
878
278
63
104
481
288
527
921
668
432
786
664
197
737
575
947
417
420
600
636
897
366
714
41
305
36
6
650
677
813
406
555
444
469
11
277
109
539
551
778
323
337
442
521
75
369
820
492
790
420
128
687
787
195
728
92
231
86
95
260
252
501
815
696
322
826
325
431
717
876
209
41
566
3
914
641
373
734
485
515
507
965
202
646
160
282
90
743
369
537
3
973
38
170
669
712
349
346
144
418
575
705
459
141
709
725
134
434
812
619
949
671
584
503
317
97
785
759
192
506
297
548
479
687
718
500
400
419
199
896
838
126
601
649
267
662
375
753
96
187
372
45
858
308
548
527
757
686
638
302
544
287
850
376
975
920
228
727
340
779
975
530
905
928
179
172
591
554
925
687
93
649
733
303
310
633
182
419
319
821
721
216
108
923
592
435
844
172
514
536
952
489
66
857
418
245
382
9
152
659
48
597
309
133
901
619
767
83
390
438
256
112
6
365
35
950
152
231
123
667
767
75
508
185
284
278
783
666
639
287
326
688
884
987
821
137
958
940
221
348
731
829
460
89
546
848
40
699
79
163
718
199
590
578
384
226
857
519
893
496
806
571
536
691
558
710
828
516
2
401
864
733
583
677
823
129
525
215
180
604
730
898
803
672
829
540
898
686
59
143
534
866
714
71
909
272
781
89
140
783
491
357
869
74
34
44
555
911
259
736
867
989
986
23
661
815
563
911
853
974
55
388
192
769
811
101
394
592
543
886
727
34
595
948
460
981
992
367
892
603
103
760
944
442
783
957
257
698
869
463
672
276
851
217
397
14
318
143
606
861
30
685
247
625
634
59
607
978
779
851
934
234
611
878
676
746
836
286
444
57
749
469
333
952
686
730
966
356
874
924
570
904
961
169
881
595
581
840
926
360
692
860
594
655
738
623
754
926
909
198
983
10
19
316
962
57
399
928
414
273
204
336
529
165
505
762
113
438
603
39
150
647
251
745
654
341
368
408
268
629
959
603
639
978
272
601
36
671
881
802
296
437
490
825
602
995
587
715
786
542
106
936
541
709
33
196
51
753
604
671
382
915
274
373
894
898
974
282
569
207
436
865
644
926
42
599
273
982
314
59
876
773
996
418
482
381
966
885
135
922
556
517
838
183
891
84
81
217
366
651
777
154
868
421
80
263
372
705
245
687
765
121
812
113
891
646
494
857
532
629
780
88
499
970
271
742
54
353
959
772
356
88
926
576
510
358
839
882
63
436
921
180
910
85
293
801
732
140
11
264
121
143
352
620
113
976
362
167
329
674
939
37
762
217
613
624
575
805
859
638
241
132
819
151
218
464
305
950
604
316
214
726
811
918
698
924
894
61
443
575
87
382
964
201
951
930
826
526
735
685
516
328
169
335
480
387
152
137
689
108
805
903
834
616
174
533
892
420
946
335
996
385
69
312
586
20
242
764
546
977
449
62
306
971
750
138
358
902
275
48
10
432
303
197
48
477
82
940
250
380
627
598
117
696
910
703
716
153
468
614
482
269
28
140
240
778
630
951
32
257
999
395
689
654
944
89
132
378
381
382
758
8
980
875
56
242
930
124
747
750
738
230
20
767
722
612
897
353
563
282
610
562
29
300
217
325
741
701
703
123
435
813
131
767
40
188
9
970
312
109
721
403
339
93
522
61
705
771
766
269
53
377
183
434
29
400
759
770
453
462
245
240
627
377
7
667
917
369
638
581
478
711
984
169
804
858
582
509
630
349
778
683
78
962
470
459
714
229
581
520
44
827
760
23
556
120
691
473
489
681
406
319
392
743
488
196
601
422
57
231
771
836
267
201
150
737
660
216
318
594
88
714
421
849
738
977
321
781
802
810
462
560
481
854
303
321
402
905
743
459
488
867
647
107
420
149
844
433
366
515
27
454
581
448
655
671
777
976
452
931
138
914
491
971
768
795
292
170
52
388
982
540
255
629
0
27
779
196
460
145
711
487
951
645
287
959
316
64
287
769
995
426
35
487
397
804
634
42
326
38
430
308
930
37
938
930
64
69
127
525
566
838
12
517
835
300
828
152
716
116
273
64
894
308
903
643
464
537
37
143
927
467
451
857
504
741
788
921
810
915
446
376
105
810
246
941
462
426
445
531
894
718
595
788
378
498
784
843
387
821
986
314
641
789
171
145
883
311
418
693
226
216
422
684
379
20
625
841
446
422
724
341
492
319
481
222
169
617
65
908
439
403
574
80
545
98
577
428
409
996
473
988
564
247
672
943
267
649
137
66
71
861
407
915
533
240
137
54
858
555
963
649
310
537
729
855
635
658
635
397
6
461
385
571
708
409
866
328
58
3
394
481
217
153
396
750
393
885
156
603
440
119
252
751
9
333
958
996
992
946
745
998
407
130
921
115
891
788
443
949
791
189
782
360
342
530
462
88
416
619
691
208
90
944
311
451
277
270
448
621
216
545
620
975
28
893
442
919
681
238
869
825
427
3
185
770
534
648
210
950
619
901
510
709
197
822
161
827
92
961
448
660
858
420
635
886
314
429
806
995
667
27
172
95
30
358
217
564
358
427
866
329
328
377
38
878
199
551
705
643
864
153
655
723
574
290
609
888
719
767
235
739
794
408
834
825
118
403
741
828
830
960
157
510
337
195
388
888
99
93
531
963
599
186
38
173
828
0
413
899
767
0
638
562
408
824
739
878
227
832
706
409
792
863
920
481
411
660
369
862
754
252
177
353
790
216
878
970
568
643
870
335
643
860
249
404
37
340
282
616
173
341
26
317
556
946
799
319
606
520
181
712
773
359
417
563
927
647
534
495
290
756
830
286
968
432
690
357
772
324
974
297
665
0
615
574
298
766
893
256
286
75
969
411
786
738
327
65
386
213
560
28
969
742
314
289
174
4
647
299
681
973
948
698
973
915
272
271
681
166
527
320
593
848
731
379
587
58
796
973
271
356
1
592
450
668
234
977
672
233
276
705
206
224
404
179
140
676
802
173
842
681
493
787
530
577
518
117
635
314
442
259
670
795
203
121
463
789
450
488
22
726
193
580
302
597
759
794
274
913
968
468
595
813
256
477
390
126
946
378
441
388
989
463
535
544
936
351
334
386
839
708
464
384
289
767
982
400
913
608
666
233
428
261
47
36
90
789
163
36
519
956
776
860
419
311
405
708
662
91
94
853
799
559
238
440
678
572
193
591
180
859
177
960
472
576
997
562
365
160
598
237
116
374
97
887
685
854
595
700
297
42
553
449
601
143
889
631
715
82
574
895
293
751
856
765
327
205
327
45
717
925
634
833
299
731
72
337
938
20
37
235
62
942
684
663
86
926
646
801
360
220
49
654
972
257
419
299
462
99
696
179
24
330
364
676
414
788
365
352
808
754
939
870
696
976
885
134
902
531
936
262
752
337
268
76
594
688
727
408
139
424
939
163
754
655
191
520
443
556
872
252
310
164
474
359
140
360
493
42
243
781
656
995
118
925
423
64
965
151
824
104
575
763
619
681
418
811
202
214
719
426
466
382
942
292
741
82
652
586
476
896
368
485
243
486
762
667
903
727
818
727
183
745
843
154
778
261
317
332
827
37
111
293
771
53
586
512
488
590
450
964
838
818
801
82
657
563
101
560
642
271
639
177
368
482
332
146
96
649
479
923
38
942
569
809
995
507
673
483
97
124
800
936
294
953
370
951
517
471
863
159
742
855
689
110
689
21
608
785
22
439
61
413
381
630
222
377
489
248
212
586
724
364
874
370
318
596
674
835
67
889
346
161
744
35
623
434
408
584
571
431
23
984
844
405
966
418
134
455
18
346
394
94
711
620
465
29
217
139
216
636
380
914
798
125
302
773
911
710
357
834
141
381
819
337
138
785
108
272
593
126
618
987
573
681
607
38
62
824
529
630
461
909
545
611
386
847
736
649
557
94
836
51
827
7
740
965
144
848
589
737
327
207
724
900
241
684
290
655
508
171
286
321
432
183
284
819
382
373
820
291
467
656
342
646
15
435
963
160
635
552
897
314
111
622
214
352
658
856
360
518
27
998
192
460
181
476
631
563
849
803
854
668
812
549
666
827
984
629
987
971
181
885
286
645
859
852
349
517
709
709
387
88
707
579
900
240
56
531
803
257
687
10
278
499
559
944
678
895
926
666
866
459
903
504
104
114
357
454
983
418
515
370
506
223
950
407
463
358
290
619
615
329
629
245
180
188
190
859
435
468
877
653
927
780
158
32
246
867
838
229
285
353
599
143
928
549
902
744
907
193
363
875
874
344
472
55
884
14
914
319
482
143
324
410
923
482
794
169
349
632
750
986
337
349
130
266
251
32
362
510
577
77
737
452
421
210
859
305
224
773
976
707
916
300
469
191
135
263
712
836
247
814
823
936
163
953
202
766
337
916
629
915
993
366
719
414
928
578
71
153
703
399
212
971
52
681
514
187
296
578
23
895
392
846
831
907
151
386
674
489
302
303
756
296
21
827
62
950
405
486
455
460
885
667
783
937
700
297
476
996
875
500
891
267
698
722
526
202
460
200
691
763
855
799
59
229
626
473
179
383
959
634
843
197
653
626
486
353
275
963
701
502
815
592
769
865
666
295
67
127
848
110
242
55
909
653
284
887
126
815
270
438
801
465
635
454
443
121
159
718
436
860
220
603
804
341
469
823
989
888
302
189
999
544
596
260
197
881
500
675
48
122
113
850
940
100
656
383
574
816
454
10
28
26
966
833
720
435
656
61
675
310
250
26
854
198
287
403
79
139
78
480
261
544
682
201
644
338
937
218
506
391
581
535
769
547
720
489
334
728
902
9
38
504
36
892
703
675
295
134
814
725
614
427
269
296
981
914
635
918
484
493
661
65
28
782
964
100
624
298
828
526
660
866
31
696
758
734
723
405
868
889
131
835
668
400
131
649
666
118
919
503
964
932
568
992
715
885
445
691
183
273
217
195
140
600
891
250
686
966
656
907
855
139
742
524
891
225
525
558
344
797
413
308
729
333
652
796
218
97
487
754
723
57
949
863
9
193
113
696
159
121
603
367
260
697
243
152
922
120
62
618
917
475
926
647
808
931
795
379
380
635
133
103
44
82
318
53
627
784
749
787
257
704
506
518
401
749
22
324
869
436
294
787
263
573
786
423
504
933
802
236
568
935
692
612
370
10
666
997
146
767
136
404
472
642
274
225
743
296
901
613
84
196
752
347
769
890
770
625
823
925
861
392
860
905
356
582
268
22
580
414
142
716
818
966
711
444
191
454
92
93
67
176
641
171
875
410
61
646
35
237
571
248
981
783
154
337
718
422
712
298
188
854
366
359
820
77
803
363
532
896
808
951
72
449
123
948
211
536
946
598
773
869
847
106
4
353
444
722
127
156
372
315
362
739
674
534
816
830
897
700
726
58
652
150
507
127
450
71
15
748
669
141
969
868
247
974
573
691
48
700
199
421
368
913
160
42
447
328
872
697
381
950
755
385
453
262
512
903
685
879
4
355
20
973
575
268
947
149
311
996
849
863
769
217
776
929
612
224
609
836
273
990
139
28
375
592
642
239
847
328
119
851
683
491
825
258
759
772
407
423
120
609
286
889
178
414
170
142
990
132
979
263
474
118
291
202
62
934
793
909
262
912
761
297
404
938
555
515
62
315
290
535
276
576
424
454
343
947
949
333
431
928
597
257
398
240
459
812
174
605
721
436
869
834
733
625
772
641
141
187
308
431
722
936
360
498
742
55
445
691
388
228
619
337
486
369
578
297
181
752
902
255
541
772
441
626
397
566
619
890
753
279
674
475
215
386
973
958
441
771
649
181
351
621
519
837
990
97
487
524
201
389
779
94
513
220
721
263
786
692
153
539
972
179
366
187
565
340
145
358
463
795
540
814
416
59
4
758
508
491
282
709
232
413
804
746
634
877
9
772
569
514
664
893
694
30
81
611
722
226
970
185
373
510
0
141
921
4
900
429
495
534
490
79
948
646
825
934
875
186
706
445
701
370
690
747
753
771
358
475
350
328
661
723
190
13
217
111
369
469
540
216
3
383
295
303
29
121
237
905
659
296
702
360
18
392
459
771
164
818
247
866
498
260
589
689
273
158
800
642
627
693
858
631
76
153
286
457
626
524
362
286
820
416
998
838
809
458
962
325
628
209
191
126
469
132
167
94
291
968
88
918
13
298
901
441
803
188
898
430
64
261
68
236
677
66
74
838
876
36
163
856
597
706
983
418
839
502
864
482
822
952
752
835
602
654
276
406
194
175
836
610
788
256
846
817
674
272
656
903
661
171
759
258
878
94
29
717
597
893
551
419
846
303
607
800
957
883
206
503
410
394
113
550
650
311
720
325
584
376
580
245
899
339
503
777
434
884
846
383
778
397
802
976
701
409
776
10
645
983
866
407
377
331
310
380
643
30
57
579
406
637
824
657
976
679
787
762
564
633
145
342
383
300
318
436
709
446
798
706
429
16
466
159
348
776
891
343
806
948
922
564
937
746
221
265
777
8
28
341
994
173
35
729
473
705
517
535
152
667
593
933
684
59
444
384
187
335
727
993
635
1
557
572
99
131
838
876
139
218
570
485
743
605
566
217
311
83
104
815
751
49
100
787
109
545
171
648
880
250
642
868
251
551
440
702
682
630
578
174
848
500
659
944
106
578
161
769
661
617
936
764
666
36
551
127
581
74
776
814
324
770
682
927
321
474
981
356
457
912
530
657
412
541
601
518
119
114
639
133
83
575
897
102
964
449
229
545
875
357
711
552
479
745
831
801
572
813
509
381
725
39
38
137
932
992
8
52
458
647
185
542
575
434
644
539
883
225
436
111
935
500
663
414
597
494
567
169
307
76
550
32
467
941
170
400
285
530
804
743
177
989
637
104
423
633
995
659
859
784
770
146
284
433
912
881
927
480
403
587
908
305
619
376
246
141
128
883
671
932
627
201
921
616
657
696
250
653
707
109
437
477
607
73
262
519
954
542
999
357
129
260
663
100
988
261
594
116
145
617
48
124
170
969
740
828
17
990
481
725
451
270
202
58
343
817
930
297
359
281
7
840
541
22
940
529
635
886
645
132
504
693
608
674
14
349
502
32
691
335
109
495
605
311
905
948
480
835
598
839
117
605
31
10
979
324
892
966
210
537
99
66
583
707
741
949
408
595
981
452
283
442
299
888
106
204
837
586
392
787
778
861
744
809
223
723
133
115
689
696
653
140
762
588
200
855
537
608
803
871
412
86
313
711
974
419
268
163
358
12
950
136
873
694
297
96
769
783
212
811
479
217
951
593
157
151
801
694
112
604
917
524
690
231
588
16
2
208
532
360
220
834
496
93
881
794
541
650
577
753
813
408
322
765
1
479
268
802
526
732
758
443
609
800
674
197
817
29
405
701
389
625
535
238
70
416
384
611
419
313
717
232
721
391
349
74
871
970
229
397
702
339
192
311
140
867
860
309
248
617
10
637
242
545
227
664
314
611
628
733
924
345
317
997
736
19
424
959
989
5
708
43
344
901
707
484
120
567
793
368
537
155
357
131
701
585
796
367
196
424
100
473
121
769
822
209
140
246
169
481
603
229
525
948
130
584
784
602
503
930
322
40
85
680
172
786
265
968
153
813
744
605
638
865
727
461
74
867
59
595
349
663
825
226
611
307
810
395
262
313
325
584
354
411
264
878
549
881
198
55
47
942
12
685
159
91
146
233
959
206
181
660
221
358
886
832
665
48
579
279
361
257
864
67
20
480
945
921
714
143
976
761
437
341
446
596
432
945
182
743
503
363
755
724
721
993
908
738
41
487
18
755
96
234
822
116
714
120
38
428
615
366
541
53
59
988
1
844
285
183
587
140
898
695
216
971
688
124
62
730
963
432
837
60
666
11
528
732
131
918
161
747
285
702
152
696
42
153
540
679
689
480
819
939
175
387
911
863
511
325
945
475
757
782
887
423
146
415
155
277
686
668
376
323
723
880
19
117
386
560
797
427
392
968
366
567
356
629
782
219
954
80
46
63
214
933
486
360
701
994
990
387
14
366
710
737
599
81
855
985
993
4
412
385
972
130
304
680
760
439
900
66
519
298
130
85
232
968
446
285
962
788
24
329
506
86
66
105
167
273
90
161
277
854
898
602
337
203
634
97
642
886
163
513
185
645
950
769
614
748
54
928
536
430
257
43
516
324
148
683
949
591
196
227
797
95
181
134
650
815
231
644
702
747
509
887
744
459
8
358
208
62
287
744
492
896
787
360
220
288
395
522
879
592
749
676
39
282
811
689
97
394
685
151
493
194
390
238
653
398
948
213
460
587
958
304
484
97
16
56
385
412
578
264
4
679
293
395
961
456
84
59
850
121
562
696
315
953
286
320
351
234
534
164
822
492
820
306
589
837
362
327
249
293
591
605
972
236
0
934
692
436
345
895
557
907
943
224
860
229
544
564
463
78
728
637
922
548
943
864
737
658
191
986
951
134
943
923
371
295
209
415
83
554
310
640
462
605
864
674
834
761
238
650
839
318
287
762
867
583
626
604
241
169
943
544
303
238
819
674
534
29
442
617
583
104
610
397
710
826
424
896
587
14
546
779
333
834
893
200
769
519
156
362
40
451
906
343
690
725
370
576
754
812
545
690
916
155
439
978
334
863
875
921
878
421
52
211
607
945
763
376
816
271
90
856
723
996
552
413
74
922
341
180
86
886
870
2
394
310
333
728
525
208
1
403
981
54
966
941
351
81
317
168
353
760
376
76
756
928
841
830
850
534
11
936
420
233
291
814
895
624
894
421
184
896
176
165
302
495
106
653
576
776
821
929
536
550
357
644
478
550
827
329
84
190
617
857
775
908
23
671
884
918
444
420
814
620
586
468
115
44
121
44
172
295
325
60
845
683
57
323
585
884
4
22
426
622
879
201
882
902
872
119
172
316
539
986
289
477
806
756
874
928
800
46
575
126
459
772
161
516
95
746
752
452
120
178
426
999
379
308
254
604
427
426
272
319
765
913
796
571
670
670
851
470
69
426
596
528
550
109
44
998
856
796
450
976
974
876
328
705
536
934
661
316
360
934
635
477
847
431
401
869
454
252
340
523
31
288
51
581
398
95
579
606
243
381
934
569
257
614
274
794
548
288
462
909
574
97
738
421
880
139
291
334
744
983
857
775
623
260
708
21
707
640
979
950
21
914
519
631
880
146
777
429
786
239
690
360
336
428
133
216
920
776
551
664
759
760
439
383
21
499
756
728
139
88
31
161
354
902
144
234
400
921
663
186
160
353
546
496
134
680
64
54
456
967
718
568
80
509
303
101
8
59
181
500
147
212
13
853
115
157
88
867
78
751
54
238
457
600
86
591
632
502
997
441
470
715
9
902
224
312
3
584
723
536
84
223
749
97
76
216
254
164
435
684
916
489
922
725
442
360
668
74
215
665
515
37
380
876
939
956
188
294
892
912
830
977
135
931
426
211
499
33
728
935
717
996
424
992
721
218
352
389
293
919
406
160
956
786
37
895
94
577
189
338
841
372
667
328
303
94
540
803
127
620
738
844
616
514
836
337
733
541
78
378
460
484
538
769
622
927
16
68
857
558
406
698
930
74
27
233
520
919
36
647
539
126
843
155
641
32
844
374
573
274
752
385
758
642
154
380
922
523
800
779
81
206
477
11
632
856
244
152
775
633
151
666
111
995
173
752
27
17
478
952
291
582
337
401
225
844
133
499
367
933
278
800
492
107
811
124
964
407
629
91
392
780
758
504
127
931
608
506
301
87
458
944
21
148
346
598
344
831
97
63
765
375
863
609
835
674
85
799
433
714
890
826
847
0
330
326
932
938
833
585
377
291
881
751
439
579
349
783
411
447
846
528
174
709
137
9
735
574
160
169
641
51
347
488
51
677
166
335
967
999
272
697
643
154
448
82
733
797
218
144
596
416
24
771
478
161
132
565
736
293
86
377
344
433
217
747
110
383
435
430
735
707
127
378
213
927
812
947
76
30
443
673
799
468
796
277
981
928
842
717
221
929
446
917
362
15
17
825
751
804
607
486
863
86
864
77
13
676
376
89
59
819
114
858
639
910
487
621
839
681
690
412
610
137
682
325
504
699
502
255
855
461
741
718
547
957
795
912
634
171
353
45
343
468
903
982
730
390
603
921
423
294
334
34
783
16
711
287
67
565
895
922
26
636
640
925
594
788
189
580
959
542
625
654
362
880
637
93
622
240
366
45
886
700
431
669
68
494
309
487
59
204
761
437
192
754
714
138
542
903
718
853
798
695
508
512
575
497
957
549
737
324
595
976
24
378
997
445
873
306
284
284
862
46
74
55
800
788
193
694
692
264
547
842
959
407
354
887
904
312
436
994
636
383
970
12
762
967
809
987
626
94
271
488
140
345
895
292
486
89
986
178
705
885
372
664
293
726
903
197
390
692
543
378
75
513
391
189
481
200
176
459
646
800
947
786
497
843
430
983
284
416
513
989
302
885
5
595
964
909
144
354
601
40
733
28
553
476
218
386
28
746
845
675
546
145
813
44
988
244
27
624
12
541
613
314
778
618
261
742
879
758
97
832
798
182
861
703
658
431
90
686
177
287
713
724
432
879
120
772
123
499
396
135
392
361
802
171
332
63
265
211
173
714
396
323
896
257
27
906
688
469
945
865
756
658
941
541
537
413
313
12
913
62
500
657
775
302
828
107
717
94
671
891
808
67
214
57
676
593
963
364
62
908
581
819
919
875
712
456
640
25
821
905
439
321
563
215
623
743
322
692
189
345
935
350
412
502
407
88
95
370
804
158
631
738
329
550
613
41
358
605
418
179
511
210
852
74
425
827
817
99
520
7
445
455
357
209
957
116
650
53
838
806
563
469
544
892
371
509
285
82
115
703
613
626
913
466
52
690
293
869
142
813
228
587
621
937
148
578
53
150
983
892
957
898
361
853
142
85
363
427
167
830
483
780
808
748
246
860
439
540
81
581
705
310
520
326
247
20
257
653
171
240
545
128
491
258
333
633
343
696
61
510
878
896
643
686
644
889
546
435
781
628
368
839
290
888
165
537
909
422
542
432
15
87
912
506
346
245
139
41
294
552
552
172
448
547
859
445
788
405
880
922
385
249
761
675
489
278
565
750
53
107
182
68
195
446
926
893
692
417
934
986
322
838
510
122
385
369
567
174
127
800
448
512
401
209
188
242
487
105
993
540
212
527
960
759
326
238
4
18
8
939
356
330
129
866
452
867
236
372
41
715
524
489
227
277
50
767
519
889
872
864
782
437
744
742
548
70
333
553
440
341
844
796
23
973
14
475
192
602
199
233
317
75
74
545
352
476
312
224
366
537
88
148
326
832
242
874
902
575
779
342
268
623
490
291
949
857
119
141
459
670
727
777
746
153
674
450
982
338
674
348
227
115
848
553
947
90
428
202
18
559
896
286
535
387
578
836
596
697
329
55
719
408
184
465
562
210
916
544
549
942
244
128
57
92
682
357
534
462
559
552
21
455
191
556
194
769
392
790
818
74
198
537
482
382
355
44
945
623
940
494
565
536
622
623
980
656
332
515
118
891
419
492
698
610
48
245
731
793
387
549
867
937
439
349
672
794
746
617
417
38
463
334
927
437
309
907
94
641
422
564
884
194
56
583
804
457
180
536
602
919
437
469
857
876
170
529
22
268
146
439
659
609
126
586
46
435
493
140
77
268
57
961
462
113
896
618
570
76
154
172
348
592
993
205
468
516
734
843
784
232
282
795
841
760
381
239
196
227
732
625
495
789
586
309
902
835
927
825
263
434
997
611
26
343
816
846
859
902
689
995
134
324
791
327
84
524
567
280
751
299
257
598
88
196
259
342
31
187
167
646
973
517
258
999
860
426
197
71
329
887
418
815
563
561
143
647
86
710
280
837
361
537
788
801
85
47
495
116
586
663
763
559
532
373
910
744
799
108
167
480
347
585
648
910
147
791
909
233
853
541
422
566
431
562
367
516
610
214
985
196
877
748
108
761
473
18
505
624
126
672
105
825
610
753
735
757
896
997
342
101
538
116
667
969
679
386
838
289
600
823
837
830
923
945
591
396
316
449
20
442
473
477
268
83
582
355
192
478
352
886
931
243
3
598
564
682
984
402
323
937
577
160
767
500
458
710
896
774
159
269
568
985
98
188
420
681
896
613
511
600
499
443
843
502
41
760
536
378
514
859
315
92
20
434
592
830
144
841
956
304
462
524
641
560
65
61
241
961
674
753
913
526
548
757
380
941
869
917
319
383
776
986
475
148
420
420
978
917
261
934
221
723
811
862
283
228
923
877
189
950
982
102
828
530
211
208
471
432
125
143
816
254
481
291
402
254
711
733
171
324
19
744
399
182
606
35
410
881
912
599
183
894
54
11
424
617
572
247
50
697
390
218
303
224
861
58
478
925
143
649
249
162
393
649
345
351
684
755
584
948
707
768
842
113
131
618
82
703
865
484
753
608
702
56
184
564
466
662
489
609
311
90
772
56
91
469
407
127
576
343
75
635
111
269
748
595
887
183
298
105
667
51
65
722
460
249
638
926
911
479
536
574
921
660
982
13
481
741
140
57
84
568
693
548
837
793
143
77
328
441
182
348
845
247
70
657
848
60
935
111
891
823
37
812
483
19
825
316
760
318
726
844
238
419
392
75
564
535
152
893
329
686
241
526
285
663
183
133
75
118
244
966
294
633
778
129
652
956
446
412
626
172
609
864
943
353
291
507
241
796
752
922
834
345
448
120
360
983
253
435
453
850
753
747
483
532
877
488
840
323
252
818
847
861
34
790
567
677
649
808
473
754
82
308
99
530
780
812
865
385
599
318
587
353
418
71
237
295
911
429
970
163
247
169
377
281
311
944
958
960
104
784
714
186
444
166
68
224
330
285
609
929
603
197
282
373
620
871
20
883
300
342
46
547
511
775
180
822
719
491
135
175
627
849
713
423
367
133
647
49
418
608
979
374
157
613
747
129
837
768
12
137
110
411
37
622
186
569
796
258
412
931
785
39
133
499
462
852
984
461
902
403
422
233
129
579
846
876
61
35
996
425
173
107
836
562
81
23
131
877
633
896
161
418
935
294
269
750
146
254
211
48
9
633
633
138
565
832
366
978
867
363
403
392
470
240
954
903
615
438
132
248
334
293
18
621
587
288
371
86
894
935
486
903
920
120
393
485
952
759
815
819
122
219
212
944
459
518
847
426
956
980
674
290
625
44
912
213
332
635
299
226
570
785
481
491
257
874
328
209
986
144
29
460
363
593
405
174
111
604
600
420
936
626
710
562
670
974
127
3
610
778
581
532
915
415
23
173
289
704
382
627
848
763
88
563
708
493
737
172
449
689
592
386
315
654
300
337
629
427
692
591
205
274
475
472
689
851
645
330
555
380
958
755
495
46
318
204
891
407
376
340
96
968
78
763
622
378
100
603
157
793
546
714
419
374
187
460
225
184
790
780
564
100
535
60
498
205
616
389
612
992
82
60
312
160
175
286
539
275
890
48
420
788
763
839
162
950
299
739
486
442
519
51
542
406
463
41
963
79
782
927
71
864
987
735
25
162
21
916
790
263
316
210
404
79
402
566
381
53
306
868
847
177
271
742
936
734
783
899
813
917
179
236
782
518
323
159
33
344
427
823
608
743
385
364
823
139
282
556
193
940
424
40
118
47
782
406
781
917
657
946
187
836
534
969
355
857
480
388
202
259
563
162
2
948
526
177
440
808
734
633
749
510
25
219
558
160
625
691
429
282
638
616
471
172
937
826
30
417
566
584
676
129
746
31
429
624
208
869
784
294
502
533
157
880
752
67
40
729
758
821
364
748
438
835
273
375
661
655
145
227
591
173
708
689
204
137
313
765
7
97
59
861
983
568
93
735
635
485
817
746
307
181
846
745
16
119
472
29
126
617
608
717
791
668
406
347
805
719
112
164
169
524
378
152
92
471
239
80
957
56
178
264
589
24
361
957
496
833
338
974
451
946
692
594
614
450
293
772
522
406
936
691
282
314
195
726
786
434
158
95
843
336
359
432
713
720
742
209
905
80
535
708
27
227
302
993
678
948
765
200
706
54
243
988
720
438
66
858
224
225
953
67
561
664
852
626
384
594
187
642
674
723
350
53
950
5
47
980
953
164
532
659
218
127
999
291
565
65
149
790
290
103
209
204
767
61
830
504
655
18
146
330
741
496
735
43
501
782
24
806
299
908
465
869
36
464
160
953
530
310
743
820
413
953
24
532
366
855
36
22
873
534
704
966
383
439
9
884
574
385
691
873
294
508
742
682
973
255
635
855
565
731
27
330
684
52
862
402
259
251
424
484
137
480
802
520
272
811
757
846
197
448
71
843
308
165
525
281
420
160
488
337
891
516
667
927
920
882
330
179
485
106
15
622
939
817
495
211
628
252
409
177
700
480
20
8
645
897
642
418
410
130
755
653
998
423
933
918
657
615
97
142
721
464
116
660
633
611
223
614
863
632
791
915
464
164
276
462
413
270
880
823
752
635
477
751
410
410
669
419
25
119
561
98
583
30
111
217
993
334
183
209
319
974
124
783
490
752
245
904
22
477
727
127
113
556
878
875
318
547
295
695
18
208
794
954
238
257
171
584
943
354
793
262
680
917
398
523
22
643
427
44
121
506
523
586
415
401
461
733
301
108
429
319
317
575
273
907
832
796
491
127
502
284
390
535
554
788
58
576
783
485
972
256
343
496
194
758
897
656
844
550
116
625
870
433
552
495
341
736
292
184
863
146
469
253
681
23
393
739
951
529
576
923
785
920
419
332
30
669
340
874
219
456
851
441
890
403
937
583
139
581
767
3
727
588
608
409
963
2
500
914
883
429
190
20
349
961
352
731
630
692
958
202
149
809
643
391
213
580
326
352
161
445
707
241
386
316
2
349
670
854
616
553
283
158
925
984
119
278
716
102
322
674
304
823
835
947
214
48
880
892
753
393
338
812
634
724
128
636
425
150
843
393
703
126
551
981
111
23
259
179
125
581
205
429
405
40
728
971
441
608
864
546
2
554
358
988
278
487
977
55
637
820
449
693
946
352
674
57
375
285
588
500
218
793
281
623
834
10
947
275
618
163
821
972
717
179
961
995
18
938
402
8
758
851
53
704
204
727
114
579
364
702
432
582
848
713
558
682
75
505
309
694
668
130
18
737
661
979
732
32
917
486
40
27
338
445
84
894
172
550
825
536
604
609
470
452
323
28
134
398
533
443
444
553
925
463
290
939
794
374
323
64
861
715
91
551
160
175
797
332
725
622
220
330
232
690
134
907
719
269
657
604
64
454
510
990
269
800
281
63
527
604
479
388
319
571
291
479
98
88
163
176
62
735
858
646
777
992
905
848
613
563
453
678
369
315
20
638
115
301
53
994
905
533
734
576
456
25
407
906
465
570
82
528
305
292
526
434
285
432
283
898
995
88
928
716
403
948
354
518
249
759
513
506
644
599
434
100
625
841
7
442
411
441
970
68
734
497
503
371
281
138
621
276
226
550
344
629
498
50
499
100
809
364
958
454
964
393
906
589
234
265
31
998
707
354
418
441
203
273
164
484
411
785
112
637
687
456
266
538
506
766
638
667
130
948
121
94
693
380
35
280
645
419
278
352
125
48
145
328
322
309
164
85
447
276
723
134
84
341
672
590
107
662
257
590
611
731
36
656
111
72
936
108
843
566
461
968
615
958
296
289
620
460
374
419
88
97
553
172
439
578
114
898
592
723
488
555
454
877
212
917
301
148
378
144
715
839
112
682
149
760
971
769
572
345
188
660
795
94
184
586
24
298
484
616
21
325
172
828
202
384
97
503
532
475
999
599
666
111
281
816
223
604
937
795
302
478
807
97
924
991
683
948
641
519
564
662
196
736
842
750
472
940
605
357
767
604
308
434
67
590
602
290
546
539
85
848
369
892
297
293
235
980
241
876
852
158
891
48
246
733
151
719
25
756
76
793
713
384
579
780
326
181
71
225
72
508
73
442
753
371
87
988
703
681
217
555
839
108
956
85
193
107
156
571
215
584
364
928
321
295
709
999
828
132
224
900
640
650
694
745
21
782
86
76
463
303
984
654
411
940
739
956
399
248
527
614
832
243
895
153
538
604
505
366
88
729
619
728
379
313
826
752
447
912
829
910
215
813
916
978
105
8
934
856
256
462
470
88
705
365
594
596
321
99
314
409
180
933
490
560
247
316
312
694
228
493
957
795
658
873
773
763
881
707
619
137
521
442
578
579
159
524
175
833
975
489
242
155
775
84
67
22
400
732
68
980
225
25
775
884
251
900
999
484
960
619
974
481
413
904
412
572
428
939
405
403
781
0
910
556
84
978
930
837
710
998
169
935
376
297
171
979
197
171
463
157
142
437
991
555
341
755
479
121
695
237
524
476
589
435
384
25
413
314
862
475
312
384
410
40
681
582
19
230
105
483
740
247
272
83
154
614
838
985
87
533
222
612
361
163
399
745
189
164
411
403
639
76
787
401
116
820
335
488
51
440
971
143
39
595
226
545
561
64
531
649
950
105
613
311
269
12
409
458
528
820
861
519
248
1
920
365
821
256
853
224
48
176
367
88
771
593
985
333
10
516
982
960
622
947
623
243
959
32
701
839
205
914
358
453
915
630
170
737
886
23
313
287
551
681
727
675
626
712
8
636
229
342
948
203
289
572
798
600
956
499
791
161
765
149
967
681
779
137
770
18
513
435
305
416
116
32
91
95
96
451
83
325
145
32
880
786
604
678
386
912
529
529
74
295
678
393
328
810
882
450
180
395
885
485
812
354
869
903
801
317
707
884
995
852
268
875
639
224
906
377
137
435
907
563
82
937
956
762
747
838
564
927
586
802
764
398
156
985
653
309
303
712
193
298
565
814
525
204
38
431
933
175
219
192
738
301
130
694
416
229
885
980
509
471
782
625
221
290
963
226
599
618
939
145
268
504
959
793
60
997
577
345
525
796
538
263
449
668
310
217
249
547
198
758
18
980
384
239
623
347
817
222
965
756
719
585
260
678
378
672
28
955
18
553
103
908
168
905
576
830
122
177
377
320
936
747
653
672
338
276
371
156
850
688
912
570
273
525
600
3
197
980
311
567
885
414
475
54
671
403
236
794
581
614
466
869
361
471
541
700
747
264
856
950
952
120
520
577
645
472
580
195
453
891
114
338
306
942
744
329
345
981
475
278
947
942
147
660
765
40
360
865
656
568
815
608
689
687
185
686
159
118
233
964
9
348
655
667
290
399
997
987
732
472
618
31
766
117
692
532
158
404
397
166
973
564
775
14
251
312
52
410
430
286
727
440
986
382
459
628
781
456
967
866
929
585
897
47
703
589
579
213
346
328
379
671
892
506
685
143
171
89
906
601
727
633
393
713
15
853
693
148
661
661
14
590
246
264
990
301
205
569
514
551
250
246
222
142
752
259
286
923
701
544
877
428
177
622
494
544
827
187
692
489
200
59
431
799
675
421
100
880
343
967
784
593
213
6
735
317
618
373
241
319
917
470
747
446
92
593
990
920
781
35
409
981
446
192
132
121
614
233
353
957
200
137
550
765
496
637
82
114
363
323
785
632
145
532
79
238
126
421
510
259
808
919
592
254
463
725
727
77
310
81
386
862
218
288
627
66
926
709
180
641
385
965
273
530
850
352
120
328
126
630
939
934
901
883
541
365
608
268
442
270
701
829
132
920
469
759
986
395
821
519
388
206
836
662
88
38
366
209
366
492
839
657
779
741
541
320
458
501
940
900
772
642
81
904
914
551
16
252
298
837
123
687
395
960
349
835
998
715
44
717
560
236
374
339
329
915
11
787
417
303
39
541
297
121
445
563
24
813
816
322
650
291
361
397
251
62
233
602
778
629
671
690
217
45
29
898
313
392
37
82
695
77
623
345
550
68
908
926
234
76
600
884
368
962
634
971
24
219
573
154
200
596
844
770
642
225
668
955
617
706
389
665
135
12
10
37
432
918
963
666
347
563
903
715
877
537
686
254
108
612
408
308
208
605
78
202
830
99
509
800
157
898
465
292
910
827
681
695
97
996
361
444
911
264
511
789
153
198
43
613
162
803
922
722
408
352
925
591
803
434
391
960
333
208
604
595
35
285
290
484
633
4
929
545
268
440
334
774
990
729
387
504
532
661
227
293
366
152
884
169
938
275
130
623
483
86
219
870
724
861
354
357
865
635
902
486
428
236
260
418
317
999
923
850
661
502
495
379
654
379
548
592
6
30
216
841
117
787
711
841
0
417
198
866
53
101
352
481
689
964
251
359
315
526
209
328
28
56
707
34
435
256
979
793
638
547
634
755
334
345
948
334
114
147
552
167
600
256
0
641
572
604
0
888
482
561
216
863
969
276
897
404
884
876
197
522
775
183
630
109
880
578
796
995
77
700
514
29
957
515
23
881
471
375
769
953
937
338
816
906
614
66
663
850
294
212
372
70
748
2
531
628
933
679
623
10
380
138
40
689
5
415
570
828
790
692
781
79
30
950
338
996
16
1
846
310
565
570
732
313
925
264
942
858
943
917
868
675
407
260
364
764
675
287
592
466
979
726
545
9
676
883
357
44
236
203
706
154
125
439
467
50
55
761
908
350
31
129
26
438
389
742
555
417
29
147
235
8
873
780
369
901
16
726
297
604
281
4
758
407
795
578
457
202
691
718
552
722
847
578
513
588
673
68
5
702
567
592
711
793
373
80
46
741
807
344
345
88
700
104
847
847
34
305
49
725
375
601
800
222
532
665
162
205
733
520
259
652
112
970
445
485
403
492
578
562
188
924
2
888
380
850
87
414
507
136
491
882
89
291
456
621
956
618
178
41
138
790
694
251
760
491
88
515
335
667
429
523
943
432
763
675
634
850
89
493
338
932
375
428
224
183
401
532
801
932
574
292
722
620
543
834
111
983
350
799
650
131
322
945
563
438
620
549
288
61
42
979
994
769
407
218
952
808
750
106
92
676
398
814
296
293
649
760
276
351
559
279
482
233
576
398
671
197
947
312
610
342
291
604
463
50
174
768
210
277
226
303
953
624
117
602
269
766
362
897
469
273
528
952
506
105
350
530
654
649
194
264
991
485
869
807
535
43
575
97
672
801
400
978
777
518
580
398
636
294
295
106
919
824
410
425
929
760
307
583
409
501
847
753
986
68
912
873
464
839
323
136
640
723
114
769
593
46
167
230
692
814
688
611
638
98
389
919
210
696
854
971
198
54
724
536
122
988
762
938
827
85
427
819
160
893
940
754
940
107
336
632
274
24
596
912
474
985
184
684
681
38
655
231
92
732
768
567
720
882
505
548
967
932
719
127
826
660
233
766
119
569
750
393
945
346
658
419
331
842
103
365
232
111
596
325
843
364
892
563
598
397
463
917
682
535
397
508
195
630
626
314
200
728
60
145
75
718
917
758
912
20
123
144
483
72
469
326
788
713
242
387
463
57
304
145
592
701
5
787
332
631
454
884
359
514
381
786
232
298
897
144
671
372
640
154
444
462
833
585
175
75
972
990
132
628
487
77
330
492
216
14
475
670
250
187
184
631
325
768
282
222
264
953
947
905
459
743
367
292
328
894
719
300
237
204
281
724
281
611
217
497
977
44
168
579
231
704
210
557
473
844
131
737
149
78
642
609
822
361
253
150
608
973
803
845
177
84
569
810
47
138
307
376
183
827
955
766
532
517
675
5
362
807
94
511
237
89
472
59
450
726
562
410
51
717
255
580
153
177
390
552
315
49
928
850
877
883
969
761
400
644
118
114
451
212
978
689
301
450
100
104
528
14
514
931
83
770
511
236
299
901
788
614
303
68
817
180
303
786
293
56
430
411
170
234
623
148
275
277
951
375
381
831
742
247
763
825
369
626
62
668
880
202
635
183
623
452
363
926
590
656
982
372
419
505
606
42
5
881
319
308
257
52
140
351
300
255
176
21
881
590
690
761
145
325
944
768
129
659
46
719
667
381
91
86
886
698
481
243
931
152
904
540
557
396
891
857
651
68
878
884
658
920
998
803
245
942
923
374
954
970
93
973
351
537
60
589
587
893
184
518
45
88
59
602
484
950
811
487
370
42
372
29
962
722
184
560
664
460
934
970
430
380
944
133
917
356
74
504
249
258
374
294
699
433
249
535
736
60
375
106
102
99
135
417
821
672
977
837
132
911
808
914
643
104
47
912
460
473
416
61
83
791
355
134
576
956
670
312
17
45
419
471
496
906
240
317
930
217
154
62
481
314
328
124
418
727
389
878
200
805
939
636
948
647
770
877
955
792
189
972
189
960
796
685
219
36
2
149
254
157
564
87
471
892
563
242
972
952
472
524
110
764
160
410
411
931
287
366
723
829
691
913
141
839
950
360
875
953
510
481
462
426
920
285
318
484
527
642
436
0
167
898
764
327
309
527
610
948
245
686
777
288
599
919
127
549
279
355
854
141
188
668
567
109
954
238
593
833
880
381
185
47
280
949
727
941
828
337
889
426
23
667
714
974
938
194
876
569
901
82
711
89
751
630
198
705
868
143
538
101
877
76
500
509
25
227
450
206
917
339
984
292
358
698
267
648
244
495
218
145
577
281
587
328
911
785
385
132
281
276
233
510
352
733
19
729
313
821
287
582
512
271
874
223
970
493
871
566
988
89
712
918
370
299
598
634
436
336
766
69
612
351
579
316
84
950
45
749
771
333
331
636
604
558
859
926
51
730
493
392
820
557
662
542
208
260
528
996
596
294
418
560
645
997
876
82
300
922
183
423
607
515
59
211
425
918
490
476
649
335
220
821
892
882
715
452
495
244
448
91
890
218
652
536
568
880
970
868
802
153
291
409
20
703
973
445
621
463
274
622
798
494
795
42
377
511
846
872
107
646
315
997
865
319
885
433
200
855
301
354
361
944
116
381
647
441
827
621
904
453
243
54
947
39
448
676
902
294
900
9
940
568
358
805
887
244
590
439
451
891
146
812
188
262
546
835
703
725
456
959
178
52
365
477
443
813
154
345
459
406
354
751
974
64
909
214
660
499
5
112
391
151
276
931
413
174
766
468
899
575
779
77
979
144
555
422
309
61
767
768
819
473
872
794
537
781
360
198
280
365
662
23
517
290
954
282
465
73
103
364
0
882
794
979
27
701
401
688
114
520
809
933
993
681
79
882
462
439
432
742
157
446
118
26
737
72
308
202
145
763
918
145
646
64
476
25
765
877
713
879
749
522
813
94
203
244
977
17
684
761
760
841
208
878
219
945
302
527
499
448
291
769
945
289
834
422
314
951
651
27
831
401
902
996
495
105
240
824
123
276
586
235
469
146
465
688
91
767
568
942
567
211
63
865
500
897
639
814
849
642
193
32
395
95
380
243
553
620
67
28
249
5
615
70
151
80
759
594
199
679
888
119
890
952
336
742
201
975
908
50
969
101
434
365
549
814
608
102
787
675
130
36
33
97
458
184
529
217
779
728
248
667
199
138
971
887
880
173
214
140
575
184
242
10
549
791
824
157
245
963
184
727
351
217
824
810
754
353
379
533
433
628
552
985
766
524
872
999
49
87
491
624
271
733
634
820
876
811
329
473
774
865
200
126
83
24
936
837
729
315
722
163
295
626
148
414
502
372
413
551
459
256
176
82
990
810
902
218
973
583
692
748
449
892
226
884
269
162
73
350
829
795
513
125
773
13
539
276
386
304
179
197
560
355
280
902
518
182
473
491
118
165
591
567
409
817
803
30
331
876
381
513
23
894
990
796
260
881
424
646
537
604
843
449
311
123
352
181
658
177
673
128
342
616
47
103
434
850
134
117
78
515
630
101
761
972
249
21
853
26
19
390
982
215
840
293
690
544
475
700
73
500
828
415
116
227
870
902
77
4
372
155
871
2
608
633
327
210
6
180
236
378
923
218
945
115
863
635
11
690
688
84
190
868
851
659
96
721
561
525
726
933
33
597
288
641
582
967
203
589
147
439
319
422
9
264
537
873
251
548
563
939
984
106
808
835
765
904
557
678
781
635
964
814
232
604
808
167
571
11
108
70
451
427
493
812
691
30
37
942
931
601
234
915
59
42
751
824
298
660
854
79
295
818
246
879
774
54
46
345
65
154
416
868
581
909
681
624
291
718
919
222
671
153
138
730
195
241
906
845
901
113
276
548
283
522
427
58
576
474
755
994
980
523
862
914
432
543
538
76
614
457
298
285
962
788
368
509
29
626
354
282
91
983
830
375
505
610
785
434
84
540
428
416
64
290
330
848
186
869
924
800
678
223
437
641
363
157
150
745
136
857
27
227
840
210
602
697
820
387
131
256
280
911
672
344
202
355
192
740
576
469
892
254
44
329
247
407
839
750
152
975
959
532
202
799
94
157
848
266
544
332
874
824
243
898
520
797
253
65
537
829
534
429
436
578
111
683
337
950
433
490
925
392
374
479
543
468
636
744
734
181
76
960
357
319
858
230
469
112
295
358
293
829
788
729
759
251
413
96
201
198
938
478
943
312
957
838
780
946
582
866
479
10
178
836
682
37
66
151
501
713
509
794
894
649
876
653
900
641
102
453
839
40
283
134
705
593
325
837
539
907
56
18
270
234
206
952
271
625
103
124
690
964
271
585
966
147
590
218
788
44
24
979
85
307
466
142
252
791
979
143
50
35
513
320
270
720
272
893
697
727
18
387
44
641
324
10
788
915
580
576
959
604
907
396
264
373
538
516
164
870
660
215
905
173
887
527
245
512
421
294
239
791
34
635
432
358
997
572
625
578
500
937
534
407
333
798
781
224
315
297
94
327
864
351
852
752
879
450
264
300
744
855
443
778
843
227
137
840
799
114
770
299
51
305
58
385
103
839
961
770
489
407
449
353
758
302
105
637
752
721
289
848
929
84
627
772
311
116
612
462
230
383
113
282
688
172
19
143
363
332
914
852
739
715
206
497
17
663
135
121
385
776
970
314
861
949
438
172
65
50
987
647
785
100
929
825
272
300
969
636
632
235
488
371
302
46
221
320
710
356
793
447
484
115
113
345
64
551
870
129
953
857
777
739
309
58
916
934
359
237
570
343
824
410
715
127
809
288
799
519
644
592
318
480
60
431
826
124
334
48
606
287
257
735
378
566
793
295
500
504
884
422
200
709
185
267
188
994
555
987
865
551
931
183
31
991
966
209
468
300
257
74
939
866
809
670
433
954
317
285
811
201
60
11
262
245
278
450
239
833
437
456
384
721
639
415
712
957
625
180
609
234
606
548
101
415
218
886
722
535
171
533
89
231
544
351
828
822
802
419
7
591
875
391
312
514
806
377
823
783
557
432
370
516
981
471
283
551
357
5
439
880
538
528
464
434
879
292
608
33
712
615
625
587
6
937
454
165
314
277
300
224
710
670
740
43
141
23
594
850
381
33
731
919
913
195
706
145
839
314
178
551
930
803
491
288
741
945
805
55
222
106
631
284
776
371
327
270
747
274
120
128
659
203
399
573
750
105
718
590
772
896
141
702
700
632
342
793
929
148
200
152
254
832
788
382
555
116
4
654
742
125
782
401
680
534
974
431
639
692
21
411
941
514
465
993
147
808
786
428
308
986
580
562
170
721
296
726
189
301
380
931
778
515
332
458
49
307
241
40
351
262
804
644
777
621
637
276
781
423
704
89
762
637
3
932
358
300
658
547
953
391
830
731
258
162
541
307
821
783
699
173
397
855
169
174
477
807
802
258
582
859
700
344
496
703
277
206
355
935
105
308
678
935
391
936
449
933
595
271
716
647
796
113
502
965
640
979
772
794
590
355
653
642
699
149
345
328
707
701
616
164
361
294
99
753
583
549
38
178
172
106
825
968
571
328
933
211
659
58
358
601
765
11
243
816
513
941
145
220
994
761
385
355
407
836
460
990
737
498
521
909
604
346
877
528
26
163
739
38
573
449
991
338
461
587
506
974
528
3
546
874
116
283
229
524
120
42
866
857
892
387
767
849
86
996
377
464
159
468
854
732
918
846
422
379
785
281
705
313
284
251
187
401
535
768
277
655
162
143
864
55
883
983
904
969
980
281
433
491
749
640
576
667
486
998
398
271
631
103
936
916
707
475
317
242
595
946
249
758
89
113
165
972
97
421
293
429
702
79
920
803
719
496
823
557
847
573
828
478
677
116
746
384
591
63
978
538
9
227
648
451
692
813
775
141
234
69
570
288
148
843
444
219
691
267
776
538
192
604
369
869
72
115
605
15
531
935
553
892
514
554
343
207
367
471
700
954
540
623
594
40
466
38
259
509
657
35
400
850
991
769
71
63
236
29
78
119
964
983
12
479
537
707
38
257
530
738
563
70
713
157
110
531
196
721
41
205
756
441
407
99
562
479
162
150
508
592
270
472
576
634
303
465
693
341
722
224
432
285
294
497
443
757
29
991
830
422
548
939
863
956
38
777
435
201
927
295
793
549
119
721
183
423
187
229
116
261
453
548
547
99
398
342
208
427
685
39
849
233
978
64
541
16
193
328
569
120
623
715
22
743
436
557
166
975
786
282
589
239
183
488
691
581
830
899
360
867
290
561
452
620
625
994
989
818
322
910
290
946
625
664
41
414
222
207
741
8
841
330
600
376
818
643
309
0
894
669
867
185
582
320
157
559
666
498
377
988
409
20
286
34
684
327
448
258
886
190
267
80
872
219
456
691
862
118
691
756
139
911
293
722
231
803
281
249
301
11
589
710
383
876
745
67
555
545
678
794
87
945
874
960
516
682
3
378
152
46
486
292
957
132
14
540
935
295
789
236
658
379
299
41
607
44
461
514
941
139
308
29
436
534
341
952
569
344
682
721
390
520
13
700
652
379
240
939
27
30
528
685
761
827
727
368
223
540
882
164
31
543
545
467
77
238
771
646
582
805
720
325
325
733
25
330
113
265
621
140
647
149
177
408
328
256
776
551
796
11
68
827
554
965
646
983
204
417
982
138
222
702
463
900
787
840
230
252
458
203
744
105
353
922
866
681
178
994
585
327
5
5
506
559
970
505
895
174
274
877
313
497
579
128
749
366
969
331
971
427
534
715
884
239
637
750
921
168
745
858
847
102
863
353
14
833
210
909
360
485
786
25
334
717
153
83
435
474
766
406
901
300
122
138
540
759
240
813
279
337
671
126
440
886
832
454
71
42
715
431
527
501
456
213
218
962
296
5
436
62
412
690
715
534
828
255
645
68
420
277
406
443
403
198
329
587
4
400
630
719
184
509
220
992
723
790
306
371
795
743
786
559
433
501
93
613
108
91
33
528
368
791
971
123
989
300
711
993
52
693
712
588
202
284
933
277
74
239
1
222
982
787
781
767
288
227
732
748
670
766
276
38
909
599
161
899
899
224
244
303
917
309
244
472
593
177
749
20
768
102
594
103
889
727
870
529
954
603
277
624
721
553
14
630
152
528
881
403
104
478
59
22
787
655
494
732
832
595
104
600
698
698
703
939
426
926
469
732
881
746
709
954
652
75
584
156
603
818
912
708
296
971
82
83
626
928
167
810
523
272
762
573
970
818
865
748
744
334
481
977
432
542
931
84
617
867
593
573
37
505
633
333
828
715
768
454
643
936
616
518
208
378
444
530
196
309
279
292
643
112
621
427
654
904
512
623
124
457
196
161
962
829
847
790
544
967
596
539
903
212
410
463
942
854
346
491
163
977
783
158
89
757
937
95
661
801
718
137
258
267
299
220
96
498
362
993
465
958
884
721
522
294
184
465
500
882
956
15
859
91
525
300
848
463
747
862
264
466
999
523
85
650
743
533
148
458
878
614
416
763
335
939
409
871
404
910
754
712
925
965
803
451
266
652
914
13
866
530
831
865
53
916
868
149
802
16
607
680
982
375
443
669
314
205
893
70
115
647
782
392
612
586
195
230
590
461
244
456
992
427
673
45
344
893
546
146
910
153
178
244
881
622
266
195
179
159
618
294
806
400
38
770
338
234
353
280
695
597
88
687
24
114
85
720
7
983
218
269
137
397
514
370
371
780
565
550
291
535
196
449
936
234
219
626
468
924
907
516
521
995
203
898
461
640
970
469
624
541
738
113
938
604
483
661
736
400
563
27
936
759
476
224
345
48
850
166
972
109
682
846
457
237
744
918
878
66
387
854
607
478
319
897
82
154
558
819
554
473
198
842
584
675
66
930
75
269
96
47
730
778
893
187
15
989
458
245
56
197
451
663
675
770
913
758
276
471
929
831
945
127
25
529
154
444
811
229
713
907
629
795
37
874
335
405
864
793
2
272
990
806
287
18
928
200
128
205
672
57
388
969
536
413
850
43
857
14
272
922
273
253
70
311
128
405
68
992
198
70
616
540
876
903
558
157
104
686
362
128
95
750
449
632
515
651
27
373
665
651
647
939
905
717
602
33
122
670
377
672
92
993
213
321
896
123
478
352
810
840
480
905
942
929
889
457
581
916
182
598
920
830
537
825
899
139
858
374
809
587
46
254
580
611
575
828
735
53
533
897
245
13
154
187
295
396
996
228
664
179
826
584
361
364
409
260
855
619
986
17
206
33
271
138
644
846
319
731
251
852
628
496
217
135
35
512
531
31
92
195
562
919
780
923
635
541
536
490
161
522
859
719
907
130
210
904
976
881
635
227
733
616
75
302
751
110
167
634
494
259
829
56
530
961
332
517
503
868
8
16
742
867
87
650
350
297
554
326
178
541
906
263
157
981
566
260
444
85
246
290
344
428
346
227
389
678
744
244
898
104
612
993
324
700
643
674
997
549
0
528
90
258
143
600
592
709
212
388
146
459
678
491
887
24
70
628
55
814
873
305
919
485
298
243
537
293
917
535
842
269
415
285
528
558
885
472
620
449
860
766
908
538
609
147
914
679
776
969
494
649
627
765
486
277
8
24
571
277
911
765
546
326
50
426
236
287
898
856
737
758
975
997
296
584
145
211
616
921
532
462
922
159
227
760
437
235
136
360
512
47
125
410
725
528
837
962
815
735
170
904
846
145
902
142
82
399
705
698
320
238
160
594
749
387
354
538
974
491
250
838
890
376
248
968
904
437
282
71
173
452
328
371
950
230
513
32
981
571
730
301
161
890
247
910
629
601
801
603
444
51
793
687
779
41
655
35
479
937
107
4
389
435
375
691
17
240
723
998
811
453
651
972
695
898
235
324
851
388
279
648
791
72
335
571
114
342
606
945
279
713
301
20
500
28
712
869
620
435
867
784
241
870
108
936
120
695
613
324
83
892
324
875
965
659
446
431
353
404
728
632
470
381
4
970
761
68
840
381
856
59
165
97
282
626
385
402
321
998
78
405
243
402
632
560
413
430
991
766
834
71
750
304
452
107
627
213
175
819
946
383
230
464
832
512
90
218
267
411
568
345
168
163
748
152
723
161
582
66
280
769
137
30
73
589
137
52
154
665
871
101
48
454
565
881
966
7
451
233
418
371
579
939
535
679
91
610
192
674
677
472
443
814
855
868
756
344
273
262
9
496
715
410
950
280
643
917
639
446
502
58
817
81
349
704
112
440
667
305
466
344
777
261
510
984
482
266
329
755
529
690
251
244
100
202
877
95
471
516
541
973
926
711
407
627
767
519
68
434
824
886
778
954
148
289
938
630
907
619
385
788
310
988
385
410
190
614
506
13
482
399
987
761
110
394
388
230
913
808
664
90
695
795
396
843
436
334
825
695
954
210
484
616
550
221
26
93
835
884
106
317
636
93
430
98
839
819
328
105
627
345
195
674
140
591
517
576
277
342
271
583
904
107
199
807
328
578
900
515
814
6
185
450
452
615
901
291
434
229
396
414
574
943
88
66
886
958
994
164
652
618
747
557
725
299
364
406
229
616
921
43
622
106
846
426
74
747
718
508
328
466
274
255
762
363
321
648
321
316
164
325
934
264
234
11
563
950
417
792
566
691
187
189
149
33
967
223
132
37
84
461
856
358
716
618
73
37
618
746
705
783
72
639
47
306
651
962
257
420
106
823
463
293
364
613
679
332
188
811
369
272
272
225
983
340
843
56
730
814
155
435
597
227
427
996
533
430
958
790
850
416
966
666
709
330
279
740
14
819
552
384
444
176
961
427
517
157
835
599
971
990
34
568
217
813
916
103
243
226
245
446
642
211
112
703
894
743
444
908
914
996
644
358
524
606
785
393
763
973
992
734
963
379
654
533
192
570
636
788
148
233
234
790
445
698
493
691
793
289
951
707
285
596
66
810
554
203
203
669
176
548
403
492
927
409
25
471
331
13
259
479
246
493
621
43
543
114
86
336
404
38
396
41
986
462
203
540
17
759
209
546
307
964
38
586
725
415
57
56
780
317
887
378
162
508
422
706
974
860
394
730
898
790
124
884
604
327
776
622
438
337
520
97
653
558
683
378
325
741
786
457
410
673
835
572
181
609
630
156
470
25
238
720
167
362
957
772
690
733
746
480
423
266
578
76
176
261
455
853
354
241
310
764
267
497
337
448
459
319
956
281
696
547
1
864
909
958
988
951
44
86
432
467
352
10
543
880
271
350
85
978
944
395
742
211
244
431
11
703
751
320
984
799
867
338
663
776
296
3
728
692
89
512
159
793
522
55
25
145
757
110
123
53
857
218
264
454
649
628
157
752
948
494
552
167
184
567
943
832
571
23
525
12
535
36
158
409
443
535
555
201
646
30
606
855
248
871
309
898
851
819
2
151
665
554
318
849
122
261
681
45
637
206
57
524
595
567
934
38
103
841
591
101
871
198
956
472
421
618
722
272
437
724
423
102
279
741
303
401
354
984
798
343
543
207
868
138
775
154
528
230
995
120
683
218
670
991
690
91
609
412
715
398
137
490
500
768
583
803
521
937
140
319
633
683
526
501
173
653
655
53
235
2
173
918
220
195
262
263
286
871
675
353
270
164
843
122
284
426
278
805
716
770
476
349
805
355
202
330
8
209
383
596
563
909
866
783
104
128
398
743
352
426
96
974
590
292
448
227
70
726
32
786
848
861
487
653
216
689
983
576
250
719
172
813
628
39
597
84
519
347
827
871
773
276
845
716
920
294
943
990
372
327
777
221
188
264
226
404
306
210
981
556
281
505
370
909
896
319
993
416
666
173
287
440
449
485
508
369
779
451
359
503
778
488
724
319
753
303
75
411
865
56
967
146
914
689
55
810
8
400
226
27
573
866
819
374
703
327
743
834
130
455
337
260
295
414
579
48
717
655
459
582
63
779
80
977
468
135
140
829
887
366
856
461
584
675
835
287
2
931
121
132
738
811
392
33
225
324
434
294
979
245
228
394
24
308
372
493
443
512
322
682
230
530
143
167
205
331
806
559
262
280
43
0
91
787
385
668
111
819
962
442
65
190
837
89
498
561
934
293
425
608
975
7
138
471
526
695
802
333
254
416
965
649
768
56
437
153
76
900
973
390
695
38
932
884
479
782
445
414
427
222
374
402
229
513
225
756
560
379
441
167
795
406
816
563
814
605
717
890
858
690
280
553
80
212
437
559
346
234
973
773
456
348
527
37
213
753
145
773
132
586
940
928
992
109
843
158
714
560
48
572
602
680
477
682
244
914
594
590
148
919
363
956
267
891
994
832
996
139
958
480
78
250
408
70
359
604
581
426
516
629
350
119
662
828
153
906
742
99
849
243
19
212
199
286
455
193
471
803
685
429
284
763
679
44
185
391
648
766
817
165
748
167
636
410
995
141
668
90
241
517
685
260
82
884
898
889
430
721
693
467
502
977
230
182
21
767
925
22
534
94
539
634
261
527
44
609
668
712
51
261
582
736
521
664
972
772
553
402
493
598
869
996
927
451
530
301
571
455
323
105
549
862
739
162
741
135
123
409
199
526
671
781
262
544
797
235
316
351
989
162
301
211
158
229
14
40
530
585
847
205
42
748
419
133
262
160
268
386
569
820
912
592
601
527
489
399
114
157
102
103
319
403
666
829
984
681
869
514
618
68
71
661
816
490
146
79
650
415
817
572
235
81
516
188
608
5
587
722
163
41
178
482
797
196
664
781
229
885
648
848
954
719
861
122
210
7
201
212
774
370
784
361
452
301
550
412
658
489
135
821
531
665
656
328
861
320
461
443
205
109
291
511
181
152
634
391
511
187
955
286
558
740
647
10
393
197
422
51
39
909
225
570
926
881
250
140
201
63
583
758
173
874
270
354
378
256
97
889
443
404
527
1
144
175
363
889
724
138
293
763
399
518
685
678
399
287
818
952
351
401
710
876
627
332
582
357
588
31
598
384
435
126
737
580
653
101
821
729
591
114
845
342
632
882
20
383
170
838
335
521
591
398
749
570
82
331
927
23
362
878
407
797
356
496
729
9
949
551
90
540
17
935
235
2
818
255
385
340
446
73
213
389
823
962
960
905
293
239
280
655
117
39
452
473
536
534
834
485
85
277
26
454
212
261
456
382
868
194
722
314
267
287
704
442
249
16
699
542
255
980
549
725
19
2
550
555
536
385
41
973
14
419
779
578
32
236
961
900
782
35
567
401
323
623
843
572
639
542
467
246
522
16
971
542
370
522
449
258
259
490
583
273
261
363
851
293
951
164
546
733
552
113
134
875
736
977
799
727
519
618
973
394
635
297
288
357
171
737
616
430
580
199
55
193
914
258
839
865
775
385
598
327
850
732
202
938
61
353
665
933
972
990
327
959
287
967
316
458
56
284
240
988
836
647
182
750
906
21
616
681
406
214
8
608
299
562
546
360
267
211
293
591
553
972
550
193
939
219
651
996
503
244
984
339
891
518
90
149
539
58
830
297
272
190
905
571
104
451
284
724
14
577
315
568
550
218
761
841
437
764
837
292
360
174
984
252
692
426
753
584
484
584
881
108
126
139
32
583
942
316
307
957
245
622
877
795
192
990
637
629
106
826
274
467
352
258
71
45
36
824
981
520
760
862
980
887
353
12
822
296
328
129
605
574
103
482
721
296
824
710
277
930
889
551
749
241
161
820
638
197
997
619
69
757
834
50
996
187
414
818
835
743
299
440
669
403
274
742
51
98
805
328
381
694
232
482
287
393
655
926
943
652
545
364
761
731
414
110
271
829
280
106
924
580
547
945
335
173
687
386
624
844
66
357
538
298
839
826
692
846
104
987
850
649
351
964
733
118
74
4
299
354
110
223
286
9
520
973
183
559
711
807
404
778
516
294
76
355
120
120
554
224
459
404
226
811
368
959
281
794
963
580
149
425
155
787
435
675
113
970
586
824
129
990
602
645
285
31
352
757
151
906
334
611
311
560
774
31
871
55
826
186
987
327
963
142
466
398
169
579
720
755
404
849
98
358
494
735
389
199
492
893
105
178
504
768
90
630
800
961
685
978
499
24
305
463
166
771
213
687
703
934
794
107
135
892
817
982
627
559
181
472
452
638
650
308
407
741
938
559
54
975
537
554
999
842
369
517
965
582
556
668
868
350
127
356
243
945
338
222
504
871
694
308
509
345
616
916
86
906
475
492
881
12
46
232
206
415
101
172
350
657
840
218
7
968
574
602
265
264
825
121
135
871
429
645
216
45
913
654
951
389
147
184
753
545
416
960
961
517
484
311
526
324
881
885
644
808
488
261
72
665
382
208
536
811
205
105
856
118
111
159
859
258
343
613
156
111
925
469
628
409
132
506
85
13
392
82
821
880
343
246
545
726
806
433
889
11
538
746
129
650
257
341
260
601
306
416
712
231
885
693
992
17
199
429
383
591
511
556
823
855
802
720
933
608
154
822
971
692
920
453
342
178
794
955
131
100
371
843
683
609
888
27
978
88
456
713
31
968
270
207
175
424
927
460
385
81
282
356
126
555
161
820
733
307
775
216
407
499
59
442
108
948
469
438
388
926
152
771
246
422
978
421
198
906
881
583
339
515
292
465
70
805
286
155
113
61
371
872
912
783
315
20
731
136
811
471
414
963
242
660
737
221
433
935
479
314
871
818
182
515
284
252
320
570
408
785
983
131
658
896
914
325
268
997
813
79
468
228
394
63
888
131
636
322
419
115
988
642
933
170
157
569
775
829
491
535
967
827
666
625
75
933
302
343
930
115
775
751
343
169
166
584
653
802
258
72
269
598
714
554
769
223
124
544
404
615
431
371
442
97
348
517
30
650
213
313
118
340
64
813
861
230
749
514
384
7
938
653
606
4
207
727
227
331
623
984
299
54
355
93
503
56
963
886
58
528
199
176
868
615
990
729
197
91
596
581
