896
688
786
990
650
118
206
683
332
897
781
446
703
369
583
990
984
163
555
664
598
844
564
524
842
861
351
325
178
541
780
74
581
919
417
584
389
623
267
721
520
49
519
224
770
455
566
755
618
473
419
216
669
336
92
512
549
795
837
727
688
970
154
270
889
571
854
630
546
473
351
418
874
223
994
645
678
912
400
648
385
819
216
55
155
309
567
705
456
756
784
145
726
938
767
967
861
621
597
407
446
301
826
321
524
820
966
554
733
366
202
470
537
770
525
693
79
444
750
536
201
886
33
279
177
800
247
38
773
196
446
219
497
624
540
373
796
858
279
881
224
833
352
762
604
229
807
35
674
909
923
227
147
956
858
324
108
457
363
881
654
161
101
503
785
993
229
581
204
508
463
428
342
815
542
298
44
701
333
70
962
609
649
110
917
508
786
26
317
149
907
971
310
360
475
95
706
704
29
910
564
492
338
258
659
233
556
55
286
242
126
249
851
127
711
120
987
497
146
305
999
54
628
309
414
455
757
472
511
786
382
76
630
73
686
289
306
243
344
944
837
822
193
40
302
256
160
289
754
307
946
753
713
575
414
479
382
171
952
894
309
334
322
939
407
8
580
65
603
925
10
440
99
555
832
401
812
993
43
918
652
341
23
365
268
437
844
651
961
796
897
622
131
219
562
890
579
142
308
183
419
318
975
871
225
808
624
37
801
667
307
453
361
330
170
629
768
14
280
81
811
529
703
294
748
617
536
680
112
844
863
531
514
838
754
740
998
379
777
799
398
85
604
759
767
774
389
535
789
21
968
952
551
672
598
651
289
134
331
401
979
546
285
493
737
39
585
735
770
363
535
169
800
491
928
567
618
669
455
759
691
423
711
594
447
661
245
89
795
929
490
126
827
127
972
564
519
557
300
289
272
187
458
424
678
739
344
296
408
799
407
451
574
118
45
374
131
643
463
279
924
305
405
751
433
729
316
304
639
616
593
911
803
404
688
833
143
32
130
903
831
537
355
757
8
752
131
491
395
946
770
319
252
528
71
37
257
387
693
896
355
286
160
158
42
848
991
537
232
473
441
415
363
148
172
723
900
656
214
648
954
985
967
206
513
390
595
122
129
288
371
484
927
531
994
321
731
338
859
963
163
652
378
526
152
902
249
404
910
816
52
865
801
20
423
666
762
19
788
892
659
159
728
938
42
723
612
773
61
823
88
224
827
818
103
979
73
704
383
983
520
436
848
673
808
272
339
570
643
480
462
654
639
191
945
682
266
557
807
679
732
248
255
559
418
358
890
491
63
625
475
935
61
323
609
221
947
300
144
942
780
958
949
772
501
894
806
767
803
965
446
535
213
702
446
632
412
336
475
475
961
950
763
375
626
372
948
925
24
92
868
805
51
817
577
552
63
383
320
866
700
118
753
914
172
199
898
585
887
725
412
200
676
175
927
654
899
876
579
924
320
799
81
371
968
658
924
31
393
596
249
445
66
2
359
591
553
609
176
792
335
940
993
363
468
920
369
367
148
948
643
469
100
724
192
420
734
468
452
479
64
53
925
483
408
636
74
313
246
602
106
933
894
451
648
362
723
17
730
872
317
373
693
769
98
885
190
184
354
642
664
770
47
589
253
455
225
679
769
823
633
875
108
528
326
756
890
49
125
972
273
795
346
966
564
796
852
754
980
206
748
996
976
796
585
582
251
163
613
20
986
247
247
447
775
925
555
17
975
681
990
600
476
688
567
40
484
419
147
816
977
895
813
305
691
750
887
943
913
501
315
252
100
563
699
227
488
254
244
815
287
234
416
115
274
335
508
110
754
655
927
83
550
92
388
242
194
628
537
108
129
204
712
581
767
411
808
608
17
52
775
657
639
543
772
913
878
632
24
984
287
303
67
190
747
808
784
941
436
321
401
917
525
113
498
645
876
306
605
246
358
732
903
349
276
27
263
506
660
639
491
299
942
910
489
41
718
273
982
506
594
736
423
472
849
273
469
78
579
426
324
290
158
579
639
786
606
254
293
618
245
784
918
187
46
407
580
117
681
915
623
627
651
399
99
852
672
920
930
604
346
606
246
505
185
237
643
792
492
936
410
737
72
328
277
119
88
209
236
769
124
211
396
775
610
848
628
283
768
910
239
467
517
485
972
54
722
967
198
214
904
961
304
976
641
933
447
729
142
35
498
267
247
247
394
857
95
374
492
215
285
731
682
154
216
6
208
939
974
407
505
878
368
809
206
9
94
6
91
237
41
589
504
288
836
250
146
283
625
638
499
910
370
533
416
938
540
624
877
514
383
383
744
103
544
302
465
639
308
556
228
350
145
84
638
334
334
136
969
959
775
820
221
497
354
637
787
894
614
665
760
349
400
504
453
296
806
918
935
467
826
515
817
323
599
807
657
934
944
979
245
71
799
467
568
153
456
355
399
70
372
159
772
124
15
225
421
174
495
708
641
321
224
810
644
823
617
654
109
561
633
355
632
784
174
552
290
630
260
689
53
984
201
825
109
216
402
882
742
249
590
383
922
814
193
566
990
163
572
451
724
557
158
709
342
332
613
984
315
873
673
720
210
226
545
319
443
299
201
537
900
143
921
822
310
466
740
300
981
313
103
706
870
262
767
564
594
380
548
261
606
574
981
816
800
878
487
595
177
40
133
77
183
406
251
493
872
992
145
854
305
249
912
527
511
31
444
457
411
992
719
369
918
52
537
719
931
24
314
460
64
799
890
600
205
141
93
78
133
239
284
438
840
548
318
703
579
762
160
342
106
231
64
25
284
601
96
567
626
410
27
42
210
917
994
767
411
88
845
544
679
481
335
871
381
653
574
960
767
734
655
873
318
719
898
954
320
994
521
298
757
548
693
319
818
687
86
229
127
284
773
158
117
460
29
499
113
603
811
232
690
466
106
8
537
356
962
210
703
483
508
812
383
553
131
201
241
569
782
720
853
908
879
323
368
908
822
834
864
985
66
554
804
524
914
341
881
876
903
936
711
764
748
94
317
231
648
910
800
430
631
6
690
862
329
59
122
503
245
986
840
311
892
644
188
806
338
421
682
241
357
745
5
105
840
323
336
840
585
488
622
568
494
313
430
175
372
905
30
617
891
871
280
136
515
820
942
205
241
977
447
598
722
804
55
914
479
391
754
65
232
729
633
78
42
416
254
766
321
284
735
564
155
15
700
23
836
995
228
77
972
27
28
694
832
83
961
311
827
67
728
59
796
362
137
838
130
743
604
451
28
339
367
535
707
68
910
895
63
491
324
387
518
704
433
350
788
394
14
967
814
742
378
610
456
515
801
586
611
405
389
991
97
109
878
156
529
789
403
944
280
79
331
150
784
764
501
572
511
867
891
325
609
269
287
418
136
88
356
747
846
746
738
295
207
617
451
736
758
206
680
38
285
11
540
69
127
41
993
990
260
884
667
222
153
307
640
290
395
996
37
593
94
128
888
301
97
691
37
855
897
69
245
183
432
785
604
560
179
598
902
439
482
922
661
988
229
301
278
976
650
667
570
744
795
810
46
892
854
435
99
751
505
344
286
937
130
243
849
309
841
104
100
675
26
762
663
607
415
293
583
65
961
505
162
108
668
560
353
522
995
452
273
852
797
912
142
279
507
991
588
348
95
688
375
473
802
39
80
218
332
16
635
645
873
149
754
541
709
459
63
57
911
689
909
60
953
51
339
460
395
279
808
842
320
535
668
122
574
100
692
259
116
680
256
990
829
362
883
539
821
947
948
85
988
209
145
941
261
837
401
8
116
561
850
788
96
518
911
23
619
955
634
87
635
890
429
465
253
313
356
74
612
304
511
600
513
657
541
126
846
294
486
962
855
689
751
303
559
14
326
530
969
960
618
957
203
399
774
456
64
130
882
28
786
394
628
651
403
521
130
249
167
616
563
374
305
666
678
865
680
356
395
2
669
365
959
872
117
85
680
181
215
562
210
353
308
190
356
63
64
486
664
231
455
228
606
760
894
636
977
927
344
725
929
13
442
240
237
559
325
917
741
892
832
303
597
492
493
953
556
909
792
220
141
247
800
99
359
47
87
689
974
431
414
255
445
856
847
682
416
172
952
509
416
784
812
365
276
657
318
184
919
462
757
60
709
557
511
69
604
598
110
930
381
524
185
826
732
32
861
148
556
813
9
324
949
173
689
577
183
360
762
102
822
519
162
532
428
25
953
33
975
63
963
356
939
501
535
671
533
396
172
442
561
181
766
862
707
456
439
890
816
201
992
638
72
506
522
853
531
827
238
506
242
553
214
181
54
749
853
940
497
377
382
58
558
500
920
617
956
712
507
124
265
499
763
690
5
637
543
888
465
781
746
707
334
961
241
741
62
94
33
560
471
415
970
381
915
891
999
224
955
858
348
220
358
463
910
715
101
453
604
918
586
702
977
273
15
218
366
78
664
399
638
487
814
608
869
81
851
220
657
806
78
6
379
788
821
289
856
274
95
460
192
33
514
170
306
530
740
672
608
405
71
598
892
237
206
113
671
410
685
328
216
116
334
947
904
156
237
760
430
684
572
975
717
87
497
24
969
237
48
929
642
472
527
887
709
85
0
380
495
686
61
64
802
395
11
58
903
600
819
686
284
743
13
2
182
510
378
503
99
778
432
742
250
959
629
312
45
981
44
892
667
105
956
821
853
320
880
108
920
51
794
557
146
807
911
329
669
289
832
769
67
617
863
670
576
844
982
973
825
26
218
845
132
526
666
985
846
898
445
119
301
240
676
448
399
587
129
421
228
313
542
295
930
405
317
859
601
299
832
426
326
402
623
810
929
642
147
775
892
592
894
194
184
922
642
936
509
123
357
737
436
899
385
367
656
702
226
257
354
410
683
680
813
659
842
742
301
989
517
193
581
764
739
118
686
733
54
548
856
411
637
293
662
374
660
318
77
238
575
431
648
610
463
461
269
305
555
922
646
425
468
579
541
207
697
227
941
751
127
797
514
117
442
176
491
102
494
920
340
69
703
341
32
166
154
653
823
710
576
469
487
396
49
28
955
98
607
248
850
735
46
364
852
840
893
695
943
387
616
635
809
319
328
193
486
483
846
661
545
422
131
32
170
532
60
126
630
667
374
832
754
772
549
958
613
442
654
908
181
270
543
342
589
224
535
427
707
382
89
604
156
220
636
327
104
48
453
734
715
827
567
822
952
116
780
565
910
434
473
91
704
368
434
294
592
969
721
651
351
810
607
860
382
243
187
486
643
992
573
359
171
140
181
123
608
313
688
518
748
513
609
452
882
395
98
826
365
820
830
68
982
437
928
717
33
467
203
676
459
776
35
631
268
568
754
876
882
795
746
982
308
708
434
542
103
533
369
468
705
551
889
39
988
817
756
21
285
312
698
96
440
85
727
709
6
834
937
240
629
36
222
937
744
656
480
847
541
201
316
598
752
557
638
92
374
746
114
11
58
164
108
499
249
187
560
255
21
497
495
650
533
717
940
629
726
772
477
267
973
145
218
77
702
856
169
428
602
635
440
661
799
900
512
49
87
72
656
109
921
152
111
455
221
51
84
299
823
913
567
148
58
785
225
760
993
747
189
595
734
981
608
534
881
120
935
320
544
591
781
466
95
893
273
669
296
709
968
120
623
887
268
681
672
846
794
17
945
335
965
679
316
573
565
549
46
500
221
590
444
3
56
539
248
329
208
544
39
529
16
14
416
637
695
441
835
841
458
780
176
423
811
844
349
377
745
747
229
319
689
25
322
98
565
922
427
125
818
818
654
835
184
423
472
232
864
307
73
322
439
602
98
250
798
799
979
544
546
561
863
235
586
537
333
503
811
113
981
629
283
987
464
468
410
288
700
274
947
125
949
386
79
47
989
878
846
320
774
744
881
989
331
820
878
665
323
689
130
656
318
765
644
135
233
54
775
285
329
723
763
630
109
842
677
98
720
875
771
846
619
4
835
950
824
713
967
500
402
449
156
73
215
800
560
800
207
335
438
888
58
201
518
520
43
195
970
116
422
741
962
393
746
798
343
922
863
663
422
266
112
931
691
679
83
603
480
290
938
918
178
349
119
696
869
514
243
191
630
17
933
945
410
31
743
106
953
606
769
728
224
233
659
267
913
94
870
745
385
161
663
915
510
134
964
731
0
207
922
983
225
855
928
987
238
23
93
192
629
862
272
206
448
283
473
713
377
696
458
114
857
473
30
367
607
994
98
959
553
20
942
130
228
870
118
466
893
211
10
875
426
634
81
874
917
906
587
295
602
45
409
811
870
791
178
477
785
628
788
691
1
731
821
581
953
291
47
847
503
410
74
281
44
507
155
962
413
94
609
368
491
370
531
361
162
710
190
299
690
978
342
691
709
164
272
15
807
672
862
662
434
936
943
478
795
450
792
560
544
753
928
387
124
460
100
638
522
290
289
564
621
632
256
682
148
880
697
955
904
911
618
338
199
561
169
994
364
313
555
260
67
835
648
543
295
748
533
169
391
822
734
12
806
342
46
954
574
744
910
479
655
880
817
855
441
338
849
157
652
756
418
71
592
66
966
239
166
851
409
909
25
495
273
832
189
320
786
763
64
48
242
71
928
412
926
722
102
128
879
106
884
297
529
476
363
495
716
882
698
477
791
724
324
65
556
513
385
342
628
801
391
871
872
671
635
151
393
89
631
273
196
867
570
725
696
286
573
764
520
271
593
311
995
917
728
903
782
465
246
410
618
989
633
843
660
620
346
406
710
977
679
906
196
249
983
892
887
556
656
407
828
249
71
175
518
799
79
300
617
677
711
235
18
696
78
30
317
424
436
27
753
115
285
950
717
268
842
604
177
851
364
357
100
435
532
619
586
963
271
555
640
982
791
658
679
221
689
348
998
125
375
751
593
12
701
310
632
896
266
809
747
630
166
199
417
51
170
4
14
442
559
655
424
702
665
455
924
354
803
922
832
530
25
425
894
727
87
527
975
353
336
722
336
855
273
105
906
444
109
920
886
21
575
662
75
593
118
351
299
273
625
131
156
651
908
50
730
347
929
705
53
266
779
389
121
52
494
27
496
956
299
382
329
227
397
756
820
867
108
119
140
85
603
648
736
863
51
818
211
980
875
264
598
6
5
71
59
851
450
907
159
750
642
840
329
39
949
149
906
409
620
398
494
223
399
583
87
802
401
650
134
629
266
733
635
623
156
46
474
607
306
986
709
948
178
38
339
127
539
597
536
159
347
31
383
746
966
822
900
719
472
35
348
738
768
984
361
276
30
187
883
336
525
944
636
704
982
327
831
521
924
720
681
272
103
416
370
69
238
271
788
62
306
137
152
426
473
865
702
855
52
938
544
578
882
180
634
217
508
817
90
784
537
123
408
640
539
779
61
129
402
850
191
60
339
343
486
812
208
540
19
613
830
563
543
713
744
177
282
604
994
372
388
884
496
797
876
35
928
938
517
682
140
708
742
479
404
580
643
964
472
14
577
303
578
472
16
322
649
650
278
996
22
18
232
870
815
108
906
95
46
775
777
538
483
871
369
239
451
364
204
924
379
133
227
957
606
595
631
607
245
909
955
619
927
187
490
95
296
748
190
694
523
320
233
358
191
602
598
995
967
154
271
346
639
498
655
597
445
286
205
42
195
512
661
122
700
151
569
348
251
112
394
774
432
627
133
975
582
83
322
901
589
593
599
580
443
254
178
240
892
383
282
87
895
944
561
947
447
483
295
699
595
690
825
27
669
310
354
603
745
677
856
334
622
455
915
66
61
445
306
953
828
941
392
75
237
306
375
36
789
22
87
384
712
913
763
734
223
117
337
321
146
194
7
121
1
274
539
415
719
197
368
899
138
113
975
727
419
702
764
208
724
851
592
789
116
355
523
340
824
212
13
323
758
20
796
760
295
335
175
14
532
895
914
23
8
241
750
427
943
514
635
19
366
579
808
482
286
331
174
463
896
539
786
654
560
582
766
855
269
941
221
801
189
487
824
197
728
575
977
23
441
964
43
159
544
851
994
830
535
520
293
431
60
431
85
620
365
852
827
634
145
48
788
334
536
612
884
616
539
861
992
333
825
35
492
721
238
838
904
773
359
549
556
419
333
994
391
698
198
218
685
343
618
473
30
506
437
266
475
977
479
467
662
656
502
154
378
92
993
634
866
704
183
774
123
516
768
866
567
966
436
252
662
54
725
44
913
162
662
388
491
141
207
505
797
61
660
527
153
5
161
371
709
697
146
184
213
266
50
132
233
838
384
247
892
461
643
157
976
305
897
819
446
104
325
595
517
337
123
671
342
636
42
403
333
540
939
899
807
341
383
392
179
768
639
423
581
282
581
557
939
830
729
385
287
54
332
804
743
807
827
85
444
870
840
129
762
131
380
569
472
764
961
651
884
952
74
465
586
7
375
525
190
104
262
477
510
595
633
253
402
461
690
198
683
882
328
445
13
708
367
485
472
680
488
708
633
914
174
219
274
549
97
464
5
359
293
867
954
926
120
709
739
162
907
422
44
235
220
57
296
587
894
120
267
734
829
252
648
3
824
274
904
921
90
261
632
383
128
587
662
600
648
401
762
555
824
158
143
44
567
439
983
461
911
250
547
740
855
547
95
679
822
351
600
912
612
232
648
92
171
310
692
819
711
806
727
887
964
870
283
531
309
266
344
220
869
243
313
724
791
760
755
965
112
707
229
76
291
877
169
463
187
213
634
251
372
361
490
336
231
774
220
892
392
916
465
613
160
130
689
951
890
444
268
354
151
497
431
443
375
952
258
914
165
244
517
537
958
8
226
541
134
798
434
878
714
251
492
874
733
533
177
623
330
445
978
481
943
761
276
670
713
886
584
230
131
102
120
441
462
346
982
596
144
416
826
210
19
318
85
752
204
262
728
534
60
58
367
3
819
996
673
532
882
609
762
365
63
882
806
525
580
789
473
76
557
300
287
929
970
724
33
174
986
761
60
46
171
428
401
990
776
426
874
658
36
637
376
451
871
534
977
804
675
802
232
585
102
519
514
425
243
899
951
582
13
12
980
184
440
734
175
568
160
49
226
548
38
954
0
262
841
329
66
516
483
650
101
938
170
967
363
765
219
314
699
232
326
32
416
118
766
943
686
926
345
265
827
383
571
179
997
412
508
415
281
343
66
734
281
588
702
644
353
921
959
405
505
637
437
921
108
555
217
794
833
562
411
660
297
983
839
295
747
699
710
28
43
128
763
324
716
817
321
422
90
632
827
595
269
616
868
377
171
85
524
4
647
935
17
297
270
208
592
18
908
654
46
303
783
161
979
851
978
300
273
420
284
452
15
554
68
884
283
591
321
807
948
321
95
965
618
365
173
562
735
433
568
782
88
703
295
68
555
626
720
828
46
5
281
62
911
701
298
546
293
619
706
593
292
801
558
910
518
83
824
254
869
393
388
957
96
683
25
3
309
98
832
708
455
465
122
718
518
420
264
163
391
970
756
684
123
314
946
994
750
771
248
619
516
636
576
964
671
954
968
333
52
152
41
859
617
163
577
487
935
193
651
678
516
407
362
639
74
661
985
824
784
233
443
300
221
371
264
245
325
232
578
729
384
971
588
353
486
517
193
421
711
844
99
227
251
814
218
325
475
204
149
259
789
944
911
11
316
175
256
641
760
186
723
496
509
311
202
995
829
395
768
892
239
219
471
490
385
689
168
860
245
317
471
35
614
734
398
930
910
6
923
22
192
646
518
53
310
720
400
491
115
168
383
706
739
854
549
125
895
717
337
141
34
161
176
648
895
926
930
157
932
854
179
476
500
698
529
162
770
929
653
238
449
36
944
188
242
493
313
138
210
3
279
597
164
807
597
59
733
880
217
665
734
396
141
586
446
22
749
569
951
402
807
752
791
103
940
33
597
606
171
159
609
802
108
773
961
58
184
694
938
753
711
672
502
204
610
948
226
711
517
529
466
676
281
257
780
574
642
729
532
166
240
141
968
349
266
282
407
802
328
697
556
40
369
58
596
331
6
175
43
876
704
509
904
338
118
684
264
760
765
796
926
6
289
247
707
907
529
466
709
857
163
265
249
884
323
846
215
682
21
610
558
77
471
814
767
589
499
383
702
616
179
980
622
820
227
329
727
756
147
437
966
310
702
215
194
26
413
762
60
786
372
970
216
196
784
335
137
283
719
839
252
898
820
874
719
399
556
798
156
703
235
474
366
938
41
560
316
455
674
376
593
47
698
809
595
482
145
732
118
216
924
370
466
744
244
185
143
152
336
651
208
571
477
574
861
519
486
529
974
161
257
919
560
955
81
155
438
226
887
556
794
811
926
260
907
522
798
403
27
134
54
235
705
532
161
919
403
647
448
729
808
706
648
368
661
729
875
99
307
115
7
101
278
285
362
186
808
160
589
187
646
995
774
351
879
935
270
282
934
71
363
743
777
12
463
790
93
691
242
401
806
249
854
84
887
216
622
695
728
563
234
374
911
8
78
790
943
700
425
229
771
788
972
900
152
788
691
246
479
285
999
637
534
853
721
421
422
696
468
502
259
54
877
170
62
307
313
357
7
90
587
131
878
911
31
383
51
74
629
882
359
980
519
246
833
593
19
255
289
488
758
548
542
987
71
957
294
384
314
653
474
253
136
704
165
520
87
568
594
68
451
306
48
970
552
234
563
571
489
204
411
599
753
306
586
824
615
232
560
281
238
34
535
374
738
52
894
178
620
841
598
71
499
647
394
51
881
309
974
722
514
738
322
267
396
260
443
11
845
3
292
83
37
179
809
127
231
56
657
204
249
256
627
748
903
21
151
136
331
125
210
845
215
532
464
611
145
907
622
990
262
267
425
651
446
586
130
30
642
788
234
243
44
861
991
299
235
142
435
918
620
997
763
835
530
579
447
27
838
421
17
100
688
794
103
135
380
233
165
375
21
399
618
65
612
610
364
199
104
151
117
724
149
880
560
31
811
359
58
649
780
427
101
469
573
204
604
953
438
121
328
459
520
947
525
484
909
241
684
13
745
801
90
246
34
650
277
845
9
687
847
141
466
948
610
39
153
566
344
591
687
25
402
559
324
927
44
233
521
80
598
618
233
688
864
619
338
493
465
699
532
664
193
998
612
803
389
117
370
733
708
409
110
111
969
434
390
365
667
263
445
618
881
678
306
745
298
997
590
115
48
122
131
241
120
743
45
861
861
767
947
921
176
57
384
145
492
127
510
511
390
307
129
272
338
436
369
988
785
960
103
833
434
586
75
555
329
472
768
542
239
715
816
767
125
552
913
969
679
775
480
422
435
610
46
773
398
415
761
183
727
216
368
162
802
443
69
483
915
189
378
506
257
546
274
382
98
539
351
130
314
183
552
101
793
598
874
543
13
987
78
93
555
447
607
357
890
28
193
158
217
923
664
474
469
938
856
919
829
559
49
496
743
601
597
888
199
472
432
565
811
862
10
367
309
617
76
552
645
269
62
214
192
78
689
13
17
545
285
198
457
334
694
200
288
292
88
839
116
872
756
927
735
118
646
396
87
723
300
732
992
362
299
537
441
988
902
810
885
187
360
342
874
55
542
162
347
983
353
463
855
110
742
942
228
389
339
316
112
991
400
456
706
699
345
499
39
248
661
925
787
21
619
13
76
162
175
423
497
881
238
352
343
333
295
923
722
986
591
186
329
344
642
35
395
340
886
435
940
547
712
727
921
331
741
997
845
268
773
342
501
363
695
844
696
342
768
770
680
359
956
361
703
951
749
99
291
635
886
583
535
598
310
456
929
403
453
775
24
578
117
525
942
164
722
638
858
842
761
538
201
717
252
257
20
1
708
663
636
946
246
523
544
909
979
825
312
433
600
688
363
70
566
305
586
640
296
445
482
57
335
35
126
587
644
147
940
352
810
577
650
57
100
194
966
432
20
630
217
972
671
580
394
589
886
981
229
534
778
711
591
465
746
69
53
391
568
993
95
379
922
746
788
375
292
106
807
312
88
24
637
759
956
383
348
842
716
577
728
846
640
671
312
387
741
365
130
309
710
225
40
985
323
180
360
616
286
519
280
375
895
917
486
851
653
187
46
369
116
774
568
757
798
880
496
539
245
978
200
307
203
593
292
527
773
4
495
60
875
775
787
122
45
625
974
698
164
372
419
281
498
987
390
296
867
238
187
464
216
740
124
771
333
768
650
106
773
145
166
0
921
305
123
966
931
449
664
447
173
435
728
671
423
470
320
642
708
507
459
924
247
583
48
580
351
698
39
476
844
557
477
765
863
952
731
146
753
747
593
926
182
674
597
957
144
269
952
205
777
411
481
376
994
529
309
345
228
348
822
72
257
651
189
120
955
920
618
708
19
564
634
201
238
583
511
734
853
463
939
982
874
421
710
220
950
19
565
530
719
739
602
977
742
791
449
697
63
68
405
82
632
391
636
222
975
499
956
180
962
896
162
188
669
872
408
619
244
325
502
315
417
104
644
159
248
94
857
663
514
614
98
146
6
86
720
333
585
676
513
899
572
27
87
241
251
847
213
847
524
715
163
941
171
807
101
771
901
310
787
767
924
885
913
930
971
633
615
908
662
128
807
586
507
894
180
111
93
393
958
617
460
121
911
983
281
12
107
534
322
894
302
598
131
567
881
454
553
496
362
215
977
169
801
484
415
981
595
860
726
906
477
538
379
388
874
660
752
981
547
426
227
849
25
710
768
906
164
321
402
526
536
379
47
690
216
462
23
163
322
750
69
151
640
449
892
514
109
996
847
656
423
426
857
448
136
626
354
300
947
108
178
836
840
225
878
56
39
901
219
713
3
641
217
644
90
109
510
551
105
358
208
528
784
417
328
921
43
34
573
343
143
752
531
983
329
409
391
369
310
962
82
314
603
299
310
693
760
820
245
218
178
805
98
315
574
427
588
618
813
161
313
956
913
196
291
243
605
34
964
267
997
46
933
600
698
243
646
810
64
243
28
594
48
127
909
622
906
497
592
719
659
257
28
924
453
671
519
410
58
483
678
55
882
611
7
932
855
5
742
271
248
123
865
648
250
775
271
508
624
215
579
635
825
959
912
278
631
431
41
41
267
71
96
501
682
455
433
889
461
175
160
61
298
378
710
900
505
333
760
129
548
340
765
725
651
677
356
634
460
397
675
79
468
123
580
502
579
13
392
392
541
904
453
191
282
163
444
787
848
204
269
397
896
386
474
548
415
830
534
875
227
210
955
47
333
887
550
264
901
294
656
442
198
110
985
833
625
429
972
474
986
241
223
234
979
697
134
394
880
669
622
107
879
577
507
564
464
57
829
717
351
485
511
901
947
497
86
925
278
59
399
264
652
974
499
632
23
633
26
903
302
648
363
533
577
870
98
394
927
927
463
630
412
975
531
712
824
618
637
102
29
388
719
681
362
218
665
737
203
44
641
858
44
356
391
974
226
841
368
505
768
183
487
533
158
18
597
334
988
234
437
369
622
508
403
336
78
68
73
281
464
66
491
509
774
235
483
0
76
203
857
197
386
344
82
897
715
679
231
55
265
20
425
239
528
180
575
606
600
0
240
65
419
731
574
193
966
409
546
395
964
403
592
350
100
26
599
815
57
831
222
322
203
999
561
84
179
488
690
780
840
282
845
259
366
771
805
684
532
351
79
496
106
23
198
206
49
798
373
106
981
596
780
184
947
693
620
127
533
663
907
374
945
104
985
311
875
790
996
407
493
427
255
600
451
453
158
852
251
532
311
584
480
91
769
427
137
389
906
670
52
813
44
350
269
382
13
144
172
9
903
18
789
510
618
240
964
128
92
567
12
755
152
492
199
273
272
336
14
178
6
419
344
403
769
613
785
782
110
309
144
365
327
933
876
297
525
192
426
969
759
438
725
263
283
276
536
907
612
903
437
970
322
133
725
443
747
862
577
209
524
721
926
851
6
154
501
883
346
279
853
458
69
930
721
352
206
610
611
170
513
49
492
835
182
218
278
281
80
855
842
956
929
769
808
287
923
661
171
270
292
376
80
361
658
801
66
216
411
677
386
276
78
878
111
261
448
741
894
881
949
737
837
230
506
997
869
781
10
392
403
302
768
483
664
778
637
730
994
400
759
380
677
838
611
140
451
411
234
345
644
183
434
482
765
292
831
634
74
842
27
477
496
147
961
160
926
950
242
920
350
2
653
27
192
616
168
643
27
402
340
24
937
775
506
54
67
689
688
493
883
67
971
380
567
284
540
493
234
135
765
584
489
418
964
681
386
484
676
414
238
16
790
175
143
648
581
563
337
621
56
221
689
27
953
256
663
845
101
249
980
866
186
469
637
150
502
23
634
178
789
872
195
579
399
690
227
980
253
565
601
310
138
642
689
91
250
353
288
351
954
269
570
140
90
207
642
593
230
276
771
372
500
318
951
251
9
179
583
262
96
185
572
586
179
614
29
430
319
317
781
273
938
351
414
29
910
408
622
141
37
745
513
537
64
816
141
73
347
724
687
443
261
612
381
441
226
410
871
545
728
4
170
666
708
936
47
618
345
669
111
382
415
976
271
831
793
764
256
140
489
295
936
750
907
317
543
485
80
414
382
160
771
553
178
479
841
226
97
186
247
209
920
14
537
544
845
330
308
453
823
149
749
759
900
656
428
443
494
508
210
228
20
981
133
199
460
975
425
909
513
24
118
434
39
656
330
236
338
638
690
161
788
439
272
40
447
53
835
293
913
45
522
934
378
655
133
838
630
910
748
144
934
218
930
325
226
260
562
917
250
252
430
38
43
55
430
842
108
266
136
21
311
658
307
690
313
792
880
296
54
980
440
341
551
722
666
777
982
580
46
584
832
477
623
227
532
53
70
640
319
206
13
983
216
673
25
529
465
257
177
520
238
969
861
789
691
879
918
25
460
965
610
644
794
585
872
326
638
294
318
310
500
683
645
68
356
22
949
174
279
127
694
517
96
907
658
788
786
577
165
246
894
775
891
40
360
115
366
351
409
36
13
261
71
10
329
780
32
278
954
311
405
0
181
854
259
839
994
45
768
159
644
14
287
535
54
999
2
772
702
411
808
67
672
232
77
353
12
109
631
318
773
389
670
954
243
929
793
237
974
914
748
970
928
35
857
983
387
859
755
89
270
916
157
294
500
234
647
864
696
631
182
469
20
852
775
615
133
920
852
459
834
952
430
763
988
287
98
727
147
205
816
769
473
325
416
973
912
63
189
608
694
371
429
66
575
204
681
60
124
885
520
311
838
950
426
178
589
876
905
88
81
73
858
907
399
274
232
663
689
422
623
384
793
404
802
721
608
484
781
84
369
653
747
207
603
173
385
545
49
642
633
483
716
491
390
467
117
622
130
807
44
105
543
190
509
345
263
469
181
396
553
903
50
653
110
5
826
848
550
228
842
184
711
558
27
101
377
497
75
859
656
120
964
199
662
473
896
925
942
430
321
848
333
723
501
795
729
679
995
631
907
838
167
970
748
547
423
126
44
499
337
700
971
302
251
985
127
499
910
70
929
583
270
614
307
771
410
388
802
405
19
710
595
187
32
344
734
456
822
130
307
159
830
278
813
433
263
941
284
525
363
566
460
985
180
119
108
590
507
910
348
527
972
943
66
5
639
152
813
461
282
120
973
464
750
138
249
13
431
533
890
794
99
350
131
280
470
239
222
329
502
922
208
474
218
274
831
857
778
644
671
60
764
644
876
514
782
125
879
214
11
121
360
110
472
844
742
294
83
317
623
585
239
832
412
457
458
243
315
237
888
986
649
4
982
526
871
116
3
102
682
14
224
43
477
696
887
219
342
322
536
965
260
128
149
672
585
608
915
252
197
155
590
846
512
572
724
383
689
80
485
371
446
709
766
923
757
5
495
99
680
383
417
940
511
566
612
449
526
879
701
723
387
292
922
899
864
998
634
905
78
471
629
525
533
395
800
290
753
295
742
433
679
159
373
542
77
337
991
604
568
693
679
955
337
601
206
553
600
840
459
30
664
88
907
197
835
708
839
588
3
581
373
34
92
746
577
170
435
920
126
4
613
805
959
302
759
166
856
711
358
315
741
22
755
649
219
942
709
59
883
64
992
256
451
85
3
28
607
790
300
733
794
266
538
754
568
297
272
424
360
982
91
102
5
846
103
576
789
164
987
672
228
980
280
679
417
635
59
24
426
360
757
220
626
647
326
194
297
950
971
657
933
62
111
290
909
566
218
50
730
206
74
959
538
354
990
307
990
50
331
768
762
440
988
740
439
667
286
736
617
257
394
550
320
857
192
581
424
411
983
506
617
57
817
507
763
808
814
105
210
497
873
972
289
214
712
728
881
350
465
850
608
211
401
928
68
593
861
844
4
844
351
973
253
168
832
368
328
998
474
538
495
699
862
784
265
926
865
146
277
330
997
885
893
750
165
961
695
26
158
52
222
861
377
475
381
210
195
710
208
669
600
56
721
463
192
986
389
57
485
18
387
834
903
280
584
420
594
631
798
104
683
20
965
61
847
698
623
43
408
183
64
361
239
137
824
432
124
565
489
609
584
229
795
839
861
379
260
807
362
410
911
46
783
228
459
630
927
434
25
687
617
442
48
857
579
224
641
55
142
482
664
726
63
811
917
925
542
529
84
905
940
348
303
723
576
114
705
855
548
83
895
165
525
295
374
456
520
15
512
14
850
528
92
913
340
9
190
882
539
275
139
831
623
442
906
551
556
611
759
104
46
654
622
923
949
996
380
821
364
244
187
214
772
279
479
112
289
670
347
180
297
486
363
920
281
269
823
837
232
582
294
279
588
916
202
890
264
934
63
628
178
251
194
303
530
26
767
171
696
114
703
345
953
66
617
234
335
440
423
920
375
717
199
963
985
753
853
250
40
269
230
218
520
777
521
402
803
641
574
499
755
277
844
60
696
813
294
383
253
70
303
628
787
854
944
773
960
149
375
0
418
605
570
290
382
444
693
537
85
267
36
192
896
232
253
592
45
899
328
651
969
631
631
757
486
575
882
446
77
609
798
495
214
368
786
949
812
831
486
249
98
875
442
346
459
695
939
857
946
267
860
916
250
491
25
88
419
907
886
496
868
684
343
82
405
481
383
569
312
222
819
762
97
613
109
908
308
400
765
254
19
625
522
269
469
547
710
888
806
596
384
674
633
79
109
38
561
492
607
873
714
778
988
163
391
97
72
51
497
189
658
516
167
180
137
636
80
847
876
886
444
260
561
429
691
22
467
252
514
426
478
581
557
466
744
948
563
168
352
412
710
362
280
877
542
417
865
974
617
741
861
413
353
774
842
44
796
309
649
662
87
127
595
644
945
692
945
508
212
649
272
922
11
552
151
905
969
16
880
938
109
93
351
814
219
193
859
15
854
860
29
942
987
977
938
932
669
883
792
881
884
64
804
895
968
955
801
289
324
33
228
785
126
579
600
345
773
811
712
627
671
93
921
10
70
860
294
739
95
86
621
980
502
777
875
470
84
28
759
760
61
987
546
539
919
498
884
692
309
948
671
980
42
593
990
112
453
636
204
900
722
177
880
576
306
108
398
390
488
509
503
902
849
49
441
768
547
678
460
208
626
131
188
20
76
530
485
529
166
689
782
240
866
662
168
172
122
918
914
611
427
417
513
276
818
954
396
717
984
208
925
611
692
465
983
768
995
468
650
513
157
432
105
375
446
625
547
569
543
814
180
323
231
693
951
50
999
348
119
984
556
45
947
248
510
930
369
858
399
19
723
908
803
829
284
249
806
183
818
350
997
350
25
229
43
976
631
395
324
750
731
233
795
30
481
658
960
850
516
711
221
239
620
24
420
904
274
227
87
444
929
85
795
954
666
190
930
649
937
607
399
668
840
547
698
673
557
11
876
73
722
97
664
694
474
437
950
100
16
390
896
945
827
691
251
493
234
533
494
171
492
245
192
332
792
242
358
701
253
234
126
328
683
791
22
509
228
973
609
244
363
506
541
190
549
144
35
783
29
529
307
522
774
499
206
919
741
564
620
347
150
99
675
834
890
49
343
470
374
305
66
89
163
959
631
712
455
666
848
484
547
507
358
674
6
917
945
99
833
917
798
984
16
473
170
906
523
865
728
249
522
794
339
685
105
970
750
560
989
598
397
536
105
755
210
463
24
155
914
210
73
713
194
441
538
716
348
413
933
76
663
456
223
2
493
328
972
243
889
961
193
638
850
650
745
412
465
770
920
380
980
345
445
526
786
983
594
134
397
527
563
60
335
138
414
829
818
386
72
59
700
266
697
902
268
443
314
734
213
234
114
545
579
559
71
366
894
665
852
291
544
767
703
880
257
117
709
76
856
133
135
908
751
833
810
20
276
124
754
841
711
220
386
642
131
809
8
25
474
213
317
370
332
372
250
590
490
311
666
698
445
153
606
196
986
416
216
262
892
322
455
955
542
841
598
673
650
958
699
476
171
368
847
856
740
449
446
582
761
464
280
558
617
238
754
956
6
323
570
899
645
26
854
540
867
452
213
870
411
264
346
934
984
545
142
77
995
940
659
108
404
292
18
374
530
124
330
537
447
252
788
445
278
994
985
146
799
550
16
562
815
714
496
799
260
639
228
607
931
888
67
336
532
85
62
414
209
744
951
657
996
91
454
275
86
439
773
885
989
141
447
156
855
295
308
467
286
536
74
218
776
141
906
308
578
320
723
788
416
26
797
412
118
251
39
556
42
164
793
383
305
240
540
513
887
200
980
526
736
407
744
513
900
2
173
479
322
896
619
738
275
768
502
745
19
894
301
413
58
446
796
716
38
688
581
925
888
561
451
977
320
547
490
573
901
15
404
223
912
23
313
539
791
168
284
162
62
937
927
472
383
75
188
421
764
121
698
4
683
502
981
355
49
823
928
303
839
332
526
103
707
192
642
850
712
278
364
774
567
291
598
950
367
139
723
483
260
773
487
295
275
821
651
677
644
931
980
835
616
858
938
323
402
932
526
114
562
890
240
129
534
839
431
901
978
506
384
238
280
223
534
555
44
537
584
41
820
564
876
436
775
167
112
177
451
638
644
14
880
884
143
414
723
927
667
53
433
403
292
713
979
178
621
375
67
205
416
887
122
645
676
897
164
788
426
615
778
70
629
10
955
125
777
30
52
444
84
485
200
728
199
179
258
172
554
325
377
323
564
499
320
240
748
484
380
175
451
158
597
433
521
552
558
298
583
962
94
19
447
294
747
998
825
5
522
732
330
900
407
246
751
727
839
500
563
219
27
14
730
624
447
251
529
357
549
464
319
995
483
119
290
230
469
467
235
992
199
917
892
606
515
995
685
354
495
248
574
874
615
304
851
414
907
380
772
456
196
443
451
679
562
93
261
32
561
848
376
112
765
620
71
632
615
756
987
463
357
561
337
972
217
188
738
124
920
510
932
116
954
735
147
868
181
408
252
94
256
628
206
373
248
277
6
216
386
345
679
743
258
368
67
475
909
805
951
181
668
235
650
622
322
797
842
503
558
95
597
166
723
156
892
324
785
250
540
171
595
571
266
853
939
333
680
848
491
631
30
159
218
680
133
540
829
975
44
387
70
993
906
146
501
798
822
287
48
362
458
643
285
77
848
224
762
528
425
253
511
807
764
729
839
249
269
20
225
665
760
647
11
666
145
512
464
967
151
864
681
962
507
318
39
355
543
801
235
320
407
746
479
171
475
670
773
96
690
350
114
450
997
477
468
495
341
932
814
493
796
848
807
655
166
846
362
61
999
597
381
406
343
212
930
170
882
703
619
573
53
85
23
402
562
492
249
255
776
64
100
925
912
907
932
78
105
295
492
105
892
873
863
588
86
793
110
320
848
729
893
901
814
269
656
728
113
905
336
241
321
436
166
233
696
99
664
801
746
508
258
990
381
122
578
819
915
689
140
764
770
385
17
937
654
25
665
119
931
353
361
252
790
879
838
838
978
854
639
76
362
898
67
95
372
997
267
287
686
759
403
809
144
773
746
151
798
763
270
81
117
631
686
259
511
876
97
841
730
88
270
444
338
337
891
710
334
510
350
373
269
105
182
766
878
928
917
29
43
539
110
160
523
148
419
386
24
868
579
106
957
849
902
295
538
794
358
225
304
708
598
926
165
132
692
44
412
961
425
455
500
887
616
375
36
387
761
412
256
341
519
213
542
421
860
81
567
570
306
224
630
256
150
796
388
842
192
800
155
617
255
655
856
223
383
244
611
144
657
867
837
528
432
732
301
644
165
869
567
823
445
197
79
595
993
819
789
537
619
944
506
226
951
363
450
334
959
413
831
616
280
20
496
64
752
798
60
269
19
627
92
464
177
171
411
522
990
200
60
961
496
566
188
799
281
990
134
241
403
317
209
35
337
58
451
442
208
863
711
227
491
156
43
668
327
806
190
670
358
602
631
854
521
171
653
802
513
139
395
268
456
957
655
146
15
106
940
575
322
3
802
813
159
197
833
839
355
375
509
713
330
492
567
851
664
572
5
177
64
401
798
872
710
453
18
77
912
310
652
234
666
806
47
825
355
232
16
710
959
525
423
289
18
342
140
34
266
146
563
330
899
361
203
961
167
573
38
79
884
42
313
550
848
712
727
203
944
744
265
255
621
688
545
991
382
685
377
648
183
293
979
82
654
534
43
821
107
433
252
343
475
565
245
323
277
325
878
573
421
143
829
42
183
374
386
565
411
763
566
595
56
545
677
63
431
73
236
538
506
489
234
334
54
479
9
684
804
888
609
577
383
438
620
567
164
358
484
576
473
50
171
882
947
200
945
378
625
533
269
484
22
503
818
429
334
827
465
491
67
74
68
803
513
40
370
677
398
206
605
872
257
128
754
204
329
51
935
306
584
204
790
959
59
960
740
393
788
205
236
207
279
305
10
144
345
732
174
96
939
131
320
548
260
74
104
941
477
39
247
413
595
390
372
654
350
464
400
490
669
636
50
301
293
60
797
991
145
971
87
84
455
407
632
715
833
88
656
310
128
255
75
75
645
448
82
348
912
482
190
934
470
240
587
764
653
384
755
798
708
194
882
163
601
866
878
786
306
886
448
786
141
523
862
139
323
944
487
588
778
677
522
248
270
109
364
923
845
471
721
553
665
955
68
618
173
946
404
479
184
852
266
326
728
128
465
51
424
304
639
202
333
513
802
603
974
519
526
172
990
247
725
8
554
146
978
727
92
383
207
629
587
473
955
667
953
772
719
377
428
710
931
761
576
733
365
902
252
243
74
595
491
152
955
397
298
933
125
742
668
332
371
608
157
678
275
462
802
346
839
230
409
122
992
337
855
709
591
460
952
666
407
795
170
362
193
820
295
318
914
316
2
638
924
511
668
551
325
471
898
164
53
659
638
397
348
493
106
939
305
59
957
712
206
127
74
399
299
722
69
566
38
423
204
314
286
872
865
611
695
115
127
749
126
765
498
474
611
605
414
916
16
371
981
222
851
407
974
502
481
395
68
871
171
624
185
457
849
403
69
896
870
548
997
997
314
496
823
277
101
589
545
469
961
526
43
164
934
17
18
415
765
87
287
936
63
824
745
912
579
166
809
450
715
806
799
381
302
622
658
755
212
203
224
525
82
268
41
16
637
59
783
402
498
422
690
562
599
436
826
178
602
635
628
669
442
779
50
96
754
60
852
966
264
76
843
346
696
236
714
686
647
849
88
498
624
131
60
223
567
886
401
521
874
382
191
668
161
241
764
267
654
968
233
918
45
428
616
93
16
682
779
664
531
220
162
507
351
574
730
270
812
484
791
686
218
334
706
731
928
471
999
582
439
232
500
836
13
468
282
381
150
61
397
33
633
559
541
984
485
623
606
650
107
398
688
325
84
395
57
12
866
56
594
657
640
446
846
5
914
128
387
416
189
784
802
175
696
695
159
533
318
766
183
426
516
872
103
600
619
512
613
837
568
559
494
561
6
340
566
920
820
305
689
362
90
491
537
138
538
696
671
856
814
207
634
682
431
90
283
50
602
248
887
171
807
733
84
813
426
650
86
246
956
127
608
398
970
145
888
508
194
911
716
360
118
351
43
901
441
678
951
43
278
190
566
85
276
650
251
702
653
689
948
961
168
909
711
138
406
599
998
952
510
714
313
981
417
356
882
210
386
186
606
664
376
172
101
652
175
704
706
180
393
7
141
913
916
852
51
674
803
401
627
665
468
940
646
885
648
881
448
34
67
54
50
795
578
151
800
753
856
506
933
601
865
426
515
781
630
918
456
433
320
435
451
140
375
449
25
375
330
473
761
749
879
811
897
458
314
49
563
170
907
497
124
773
275
639
554
906
557
362
691
229
797
142
369
524
944
747
899
626
572
660
728
452
823
625
910
138
674
473
308
933
322
784
706
598
423
613
856
333
975
899
562
125
42
284
1
338
31
901
964
955
913
692
407
737
669
669
875
695
495
535
629
169
320
335
119
95
948
975
428
276
875
343
401
269
627
402
959
658
655
923
965
569
968
373
658
637
394
533
333
889
420
962
411
740
297
530
188
246
858
616
522
85
959
275
706
586
29
665
596
685
940
562
606
908
287
264
546
681
149
879
923
921
193
686
14
490
216
202
88
426
818
962
511
130
589
569
716
619
234
665
656
175
579
614
83
218
230
981
251
731
860
174
652
405
860
666
896
429
868
336
855
39
651
719
169
240
288
237
211
875
254
219
50
185
833
485
403
415
467
655
146
679
181
799
437
394
817
333
823
38
21
30
429
672
101
950
265
390
539
476
265
794
696
667
979
881
504
735
297
323
390
443
355
923
594
792
317
764
477
492
154
498
875
583
523
976
533
788
366
72
264
983
218
312
2
550
194
507
285
491
830
27
286
537
950
233
329
268
997
806
112
151
657
987
86
180
964
619
320
682
43
584
18
262
249
20
812
443
527
97
286
710
476
924
247
426
157
929
46
506
735
159
657
744
146
95
924
462
714
244
145
758
181
163
372
430
535
184
225
415
633
511
125
109
435
724
887
945
653
286
451
741
445
461
485
943
556
762
758
623
358
255
733
539
770
105
321
305
289
898
720
274
761
845
735
549
922
622
494
575
260
297
316
705
758
154
1
667
916
759
290
274
14
23
166
136
128
839
441
769
738
162
395
499
359
130
400
281
104
894
209
365
192
877
422
302
31
423
969
299
534
259
574
900
634
92
36
114
931
830
883
21
992
278
873
703
760
273
985
865
520
546
582
712
423
4
366
455
780
336
754
666
947
680
919
582
124
955
48
56
785
932
429
129
562
654
833
675
928
170
540
800
716
474
864
139
478
230
946
610
918
53
277
866
85
196
800
210
503
848
618
641
132
399
770
695
54
955
722
334
125
262
134
193
736
998
685
566
580
631
177
499
36
454
365
474
2
517
684
505
365
654
146
498
53
269
545
107
576
619
441
54
881
927
247
969
277
932
887
858
916
416
357
952
222
74
426
224
591
462
82
308
116
228
158
170
849
55
629
778
674
423
832
907
350
79
228
980
364
116
838
280
884
547
584
107
973
363
331
916
825
413
224
294
994
735
816
195
790
445
973
817
220
805
724
923
237
953
903
601
421
741
881
305
640
817
412
613
180
96
529
6
509
105
652
855
840
468
51
983
265
376
800
486
182
876
409
771
181
312
372
602
405
605
260
397
422
24
362
955
472
243
313
982
348
965
189
541
433
240
524
50
617
324
536
151
200
297
922
734
961
646
336
718
603
948
115
377
325
477
332
797
720
645
131
421
962
321
962
395
913
486
798
530
162
334
33
714
984
955
448
945
953
137
664
908
437
131
286
762
961
970
912
33
968
395
454
930
716
768
678
630
254
476
512
768
162
546
835
146
853
283
92
159
772
108
67
210
239
705
324
552
28
588
586
996
984
392
278
52
161
956
682
767
784
547
536
947
93
371
93
298
6
537
457
131
645
877
693
237
934
369
141
962
958
727
310
942
120
589
346
633
897
29
400
682
928
288
981
21
11
74
671
370
964
481
501
961
710
194
550
644
563
692
959
873
419
269
167
891
210
514
876
460
543
277
494
823
565
475
844
577
901
867
299
865
348
800
827
58
346
377
55
909
69
14
783
841
283
950
84
846
816
961
306
359
590
800
534
155
275
378
84
528
598
383
394
298
535
573
709
881
950
764
143
372
778
926
565
413
228
1
611
45
962
917
756
904
69
291
60
696
21
496
225
971
232
971
270
767
544
979
1
846
743
144
570
873
422
135
638
2
489
250
47
803
519
156
708
589
799
120
637
172
616
214
144
200
185
414
320
729
745
321
576
840
465
498
713
239
986
351
241
475
953
289
278
473
797
338
414
596
458
51
768
427
618
264
627
803
678
947
885
423
620
461
263
437
311
328
676
297
32
918
772
985
559
403
458
708
741
224
304
200
628
424
627
246
689
606
49
719
906
934
495
526
747
110
964
59
439
992
356
471
910
481
808
821
236
619
529
977
843
185
529
471
610
508
717
651
115
119
370
21
405
217
899
153
328
215
564
119
208
272
942
118
753
750
292
989
369
821
319
565
7
848
388
969
709
458
972
824
577
694
197
982
912
448
487
240
664
51
359
872
324
301
342
429
403
634
771
125
456
442
690
815
642
430
784
351
888
108
527
465
802
76
800
714
525
287
306
189
691
665
61
15
318
403
796
74
38
919
199
846
361
241
661
4
671
797
707
912
905
235
377
707
311
529
774
836
817
80
25
860
98
438
227
768
842
23
842
232
295
393
78
656
986
91
12
10
888
720
922
145
307
651
204
618
181
978
807
350
411
184
210
509
623
437
277
817
812
472
49
107
865
127
116
852
218
128
214
458
200
136
603
507
787
159
478
968
138
637
670
901
821
880
410
796
669
687
613
482
511
662
941
377
789
57
581
7
186
795
465
386
931
420
246
70
580
724
391
70
713
61
971
534
294
733
331
963
420
944
797
932
607
739
661
396
796
594
756
334
389
573
73
672
346
319
742
926
395
133
348
108
547
319
994
841
52
325
156
824
622
306
108
229
45
121
977
193
715
85
528
456
11
601
128
357
272
223
283
667
708
631
127
255
302
121
448
706
447
957
882
421
263
343
650
660
464
979
853
180
417
381
988
428
334
117
785
606
340
68
273
400
51
752
656
705
874
456
763
673
413
645
94
28
988
96
688
805
75
542
337
492
275
325
920
610
442
57
568
134
477
842
535
880
946
543
585
820
351
700
493
765
346
587
145
686
683
834
843
111
728
180
955
355
506
228
965
300
285
886
787
763
80
674
643
26
217
581
847
568
281
340
685
979
280
183
666
315
369
861
426
97
42
382
452
900
610
770
200
247
656
987
10
736
13
654
762
230
235
961
151
516
654
188
848
934
723
866
601
92
727
28
189
769
762
994
669
724
116
222
971
124
209
982
212
575
988
326
157
575
288
660
91
942
849
291
228
572
157
829
665
885
209
206
654
971
552
324
47
668
546
371
792
107
705
356
682
693
683
840
268
971
852
711
265
701
3
845
626
160
674
643
45
884
201
52
207
754
728
607
774
274
978
567
733
35
275
768
728
958
960
348
281
812
411
546
866
766
743
844
927
418
487
324
654
40
728
213
794
456
820
569
730
150
488
816
185
763
584
265
74
896
965
355
708
377
254
926
143
997
770
422
415
257
99
421
298
827
635
444
284
807
13
366
310
853
182
847
969
118
113
43
366
78
398
75
807
652
1
303
650
772
725
417
381
176
191
31
356
826
476
640
985
841
358
295
47
893
143
16
11
608
59
378
686
809
805
846
462
158
149
464
282
226
233
664
755
424
47
111
602
875
751
588
717
461
235
116
354
378
132
366
986
543
96
25
352
253
223
814
411
372
630
46
950
864
710
705
640
109
816
243
985
919
831
54
381
66
170
735
797
654
453
135
197
901
160
549
154
735
716
918
107
698
964
58
914
26
115
555
135
932
798
120
851
981
526
232
399
696
968
548
350
773
684
899
675
196
801
829
932
517
99
39
567
63
449
482
89
565
37
577
849
187
49
700
520
576
285
919
624
605
468
327
378
152
226
53
700
27
235
632
896
686
24
464
750
825
946
191
742
335
120
591
522
170
644
42
746
929
313
370
886
133
697
264
637
276
670
338
303
257
970
552
943
346
16
45
172
314
237
914
649
709
858
523
879
502
917
977
783
230
700
669
716
397
285
353
25
955
691
681
212
14
233
508
360
601
553
532
915
142
799
916
852
657
791
731
511
708
709
294
290
409
315
6
158
600
712
536
908
403
217
472
769
802
980
130
403
534
14
670
28
165
938
880
174
729
964
685
789
25
331
79
786
646
438
296
599
150
832
507
905
49
979
675
851
312
157
606
198
523
276
226
689
566
459
863
295
423
901
84
800
584
516
586
583
954
882
182
456
67
41
361
468
372
36
672
684
545
278
882
69
907
109
110
473
568
325
121
343
226
557
143
811
73
81
746
379
315
928
835
382
969
549
203
341
937
875
378
483
505
260
552
412
721
662
238
289
987
359
984
566
916
479
729
342
560
475
721
876
755
909
610
76
458
813
769
395
688
147
878
546
408
782
958
129
796
548
771
136
907
107
702
176
587
783
518
147
258
591
375
365
500
986
441
958
151
210
706
192
358
936
738
118
719
696
599
867
245
722
3
504
830
57
680
417
840
550
916
450
142
292
815
994
630
608
305
781
171
11
973
881
299
711
999
18
760
950
238
357
673
241
861
503
299
894
272
491
796
540
294
290
184
461
285
814
70
590
596
241
953
921
122
252
633
473
623
745
423
861
102
96
454
315
951
753
561
575
597
358
468
891
648
652
352
285
467
774
227
415
15
180
336
489
785
321
962
760
66
738
973
520
186
427
836
490
533
397
417
482
755
885
373
756
538
77
41
5
852
269
420
219
801
108
61
586
430
375
698
848
113
671
369
300
451
205
142
336
602
559
818
710
445
191
466
983
620
507
988
472
776
760
44
930
868
105
868
650
480
567
499
594
590
868
246
393
73
740
729
27
299
547
737
744
90
555
79
711
63
419
183
191
179
227
121
400
684
990
50
165
909
549
111
499
417
709
893
842
449
974
870
100
522
959
197
612
515
276
323
930
696
859
121
227
438
595
979
123
937
30
640
846
931
751
697
701
812
942
543
613
917
765
713
439
725
910
403
240
187
727
170
235
938
643
814
376
238
794
851
527
824
491
373
107
594
71
808
406
365
352
371
282
117
85
73
842
995
477
434
534
204
956
121
142
600
936
870
190
730
722
718
906
213
443
13
808
514
822
566
232
526
938
514
643
375
588
838
722
65
624
609
621
581
730
115
533
18
985
723
748
707
793
6
273
237
372
433
103
546
351
335
72
641
850
67
16
790
257
739
855
882
348
828
815
430
943
348
449
928
423
549
988
217
908
261
454
280
694
909
826
397
245
898
39
447
965
55
237
575
146
444
457
846
272
272
277
567
972
78
495
395
627
835
612
535
448
418
167
494
328
993
892
925
243
931
724
561
986
313
136
485
109
593
331
733
217
960
300
189
38
147
584
18
983
549
905
431
967
73
926
647
418
818
924
662
749
648
223
87
313
359
572
422
304
256
155
521
216
455
62
255
603
998
625
938
547
530
721
867
955
647
514
374
817
791
36
918
439
611
358
753
322
930
527
626
538
683
499
755
490
913
362
93
911
987
383
459
517
105
326
473
104
192
199
922
983
587
840
775
198
198
880
520
481
407
498
19
442
349
126
933
262
488
378
173
475
762
984
345
867
662
170
971
855
369
245
190
956
438
965
506
636
845
378
469
605
876
841
47
577
967
980
191
456
711
716
283
473
701
628
692
363
150
15
570
519
261
761
827
699
726
685
687
924
63
157
881
291
998
280
868
317
613
411
773
324
128
57
797
829
37
841
544
188
856
467
707
117
228
887
168
306
572
856
582
988
365
463
279
715
744
500
32
709
911
806
33
39
215
830
220
252
23
117
440
879
584
500
349
812
739
517
470
663
725
53
651
442
868
283
157
964
783
542
673
46
700
706
438
915
888
10
519
911
127
312
143
63
164
492
227
903
361
698
566
439
103
570
881
971
853
391
936
988
933
961
386
985
668
824
900
908
187
771
820
314
83
315
730
247
807
957
502
520
655
69
959
758
991
193
82
844
936
370
184
221
331
570
206
351
747
458
260
934
229
432
600
665
747
330
912
906
288
767
426
295
836
738
406
179
283
840
375
219
210
559
792
893
481
998
245
228
808
857
514
37
289
115
54
388
797
319
294
437
86
72
733
274
162
491
453
445
331
828
16
541
739
808
786
220
158
31
801
966
888
315
356
529
430
410
917
580
729
563
17
815
636
750
441
150
593
894
948
924
74
964
817
813
125
604
34
283
987
835
250
876
502
606
405
285
368
323
865
98
886
882
265
874
985
707
25
578
953
325
855
380
289
672
193
414
628
579
50
616
766
652
492
269
258
249
554
978
924
771
76
163
653
694
37
990
753
414
569
58
739
424
438
381
448
984
147
77
563
197
45
682
849
537
951
459
138
857
438
63
980
866
226
985
912
615
976
17
30
897
76
121
673
866
854
121
850
2
550
414
551
595
96
753
484
399
212
623
608
2
38
588
221
264
573
485
879
901
503
261
798
931
735
823
797
589
297
648
591
847
414
495
795
862
248
631
613
812
606
221
815
644
161
388
260
86
873
140
988
728
753
138
659
488
962
457
78
259
457
21
458
871
516
253
733
116
237
346
929
195
919
744
192
80
484
452
166
709
944
506
438
698
645
97
186
607
906
616
866
363
990
324
234
858
930
319
975
519
665
904
714
936
0
906
368
484
359
535
193
655
393
983
353
38
81
892
997
987
860
863
703
850
540
937
709
822
257
36
341
274
940
55
563
940
962
931
776
673
818
321
328
212
305
34
602
738
278
600
77
490
815
780
693
355
70
402
177
679
790
518
953
730
926
868
22
888
800
798
913
618
471
593
182
776
979
785
866
257
385
296
100
200
76
793
908
146
547
85
177
337
956
131
67
882
351
441
122
151
239
387
770
62
980
952
191
960
89
57
569
474
353
21
27
782
814
935
280
361
372
458
698
328
941
117
562
292
558
684
444
149
71
566
212
404
870
403
716
960
812
285
786
518
659
813
300
473
748
932
835
473
390
885
801
683
3
364
976
561
400
772
63
472
690
275
876
912
30
944
224
842
581
11
712
240
176
364
714
277
297
549
750
39
434
903
723
789
267
699
351
668
823
414
492
865
41
720
777
71
664
2
265
245
365
330
486
893
694
552
170
991
101
272
31
887
176
754
677
795
805
380
815
980
146
659
845
539
379
622
962
395
976
579
993
693
909
479
939
604
383
109
947
484
734
978
723
910
84
752
705
241
484
873
221
982
532
418
521
912
393
835
659
369
415
652
415
676
483
354
280
866
815
580
702
549
558
778
811
995
530
869
588
367
742
810
349
274
228
223
538
621
410
550
343
825
202
110
502
38
464
134
256
631
714
959
533
625
737
696
972
619
565
560
338
659
722
40
286
951
263
176
924
25
726
619
851
281
729
705
671
545
191
927
177
258
886
62
883
975
758
207
947
676
767
637
335
490
677
973
793
292
150
69
318
228
689
169
509
770
226
180
316
417
108
845
675
346
259
910
674
17
469
973
693
237
610
381
79
288
354
224
580
504
645
898
733
686
419
594
457
997
127
125
767
235
322
794
933
581
57
959
950
526
284
644
763
895
377
194
535
731
770
467
588
416
718
673
102
137
267
911
487
394
36
254
981
358
48
267
291
105
226
242
632
511
238
747
758
615
294
645
346
64
112
286
832
830
959
287
320
227
198
807
973
587
413
955
297
461
222
589
919
800
183
551
663
421
650
773
36
944
418
734
361
883
21
193
65
980
832
385
559
31
544
533
970
957
840
267
771
62
208
690
862
391
593
878
164
243
651
200
540
70
287
253
305
660
446
370
992
631
108
552
14
652
437
984
962
277
603
85
691
812
127
553
555
72
783
720
667
435
272
207
857
911
460
162
571
259
532
564
890
992
468
904
997
905
240
959
182
843
396
873
7
875
778
563
947
562
635
614
349
907
822
206
819
634
720
742
245
604
306
487
597
774
391
594
31
983
905
213
827
301
438
834
176
569
397
475
483
384
89
832
292
263
390
463
898
110
557
495
714
864
983
311
990
374
905
22
358
162
587
537
463
26
371
991
947
121
466
430
505
556
262
149
171
652
964
69
114
522
565
828
738
548
492
728
274
749
102
984
912
690
521
727
68
245
71
15
366
537
797
223
445
59
373
617
63
337
38
529
211
955
709
949
855
201
30
482
303
132
818
215
174
340
294
594
937
365
609
655
255
758
878
700
817
251
669
232
941
60
761
504
367
471
454
223
24
484
705
679
968
523
246
143
215
541
737
504
906
699
159
513
457
38
214
627
641
235
211
934
647
973
439
15
796
245
238
172
729
295
852
49
170
98
544
738
991
282
242
250
333
754
763
142
144
977
121
137
565
333
72
212
658
863
227
806
108
817
978
189
112
182
590
635
633
135
373
624
769
967
874
102
721
638
596
217
967
718
355
884
403
427
449
61
642
676
867
102
846
197
291
310
732
881
945
365
16
670
341
785
638
568
239
711
206
188
281
525
906
636
410
309
415
859
722
57
887
941
159
733
490
802
44
222
35
341
939
404
12
281
541
2
849
781
65
407
321
346
932
227
982
694
888
749
905
962
158
145
903
317
230
393
471
626
616
507
968
907
911
980
188
804
334
389
937
751
796
258
98
81
837
432
127
77
182
385
39
692
530
942
10
760
688
833
387
656
692
707
563
955
687
104
760
373
493
697
124
642
956
574
75
793
7
202
223
541
587
262
233
469
557
595
230
245
781
969
253
473
676
816
429
715
920
189
88
766
238
564
408
194
139
483
340
498
37
563
391
625
177
976
94
734
924
676
331
705
997
584
530
673
401
959
388
673
500
828
439
739
745
847
285
236
682
625
86
720
540
477
697
70
805
143
804
81
820
136
786
817
72
317
843
473
628
583
499
129
412
938
868
509
138
153
745
172
131
831
892
23
660
589
93
465
85
250
547
257
738
685
74
810
354
269
636
983
853
135
112
617
425
332
126
563
837
871
736
320
702
980
696
362
922
789
179
7
391
78
264
129
764
690
292
118
960
928
101
165
415
565
782
840
897
908
756
87
779
844
407
833
824
103
547
98
245
726
457
988
157
721
118
921
764
762
391
76
690
845
593
105
410
375
297
660
283
53
747
414
897
506
599
74
962
146
172
207
224
982
547
381
55
665
654
819
427
46
247
469
891
840
926
653
567
224
313
850
277
412
616
527
919
215
601
881
713
125
440
290
459
339
671
515
357
678
686
136
76
934
606
967
126
532
972
694
108
286
896
386
50
513
265
321
80
218
554
146
695
346
436
155
686
459
670
43
137
356
179
565
642
785
884
769
670
857
815
778
495
711
516
545
576
133
867
657
351
773
155
47
120
591
554
806
402
224
849
540
932
380
457
575
518
342
696
188
199
511
318
694
222
187
591
799
320
810
808
24
584
963
423
704
906
977
862
308
201
63
200
133
443
658
60
961
0
756
501
199
267
172
245
842
359
836
993
31
647
153
407
583
468
830
639
726
807
501
34
8
564
587
494
359
245
906
321
597
663
174
148
282
346
393
476
57
581
821
441
580
974
848
163
794
679
802
520
486
303
555
847
219
494
693
579
91
599
252
688
614
426
836
897
125
581
725
534
514
547
975
95
521
176
610
668
207
413
188
45
68
95
892
640
589
937
219
680
537
823
720
151
601
908
400
726
489
126
613
4
25
940
451
898
116
61
566
675
474
755
721
895
850
965
535
792
903
106
472
792
929
193
295
882
101
696
961
943
174
574
299
199
514
750
97
983
811
16
658
638
771
731
533
973
697
68
765
952
526
238
744
807
783
39
689
236
87
650
179
613
576
478
164
443
580
262
426
392
630
436
30
401
520
915
374
217
983
140
169
861
730
265
668
865
304
357
101
744
360
633
357
936
463
522
731
44
136
157
436
766
946
818
519
466
733
893
35
68
385
556
929
467
821
949
332
477
658
434
221
18
419
931
307
882
453
38
926
941
548
714
59
846
884
578
664
617
471
51
37
209
607
318
676
428
267
9
257
926
795
479
296
214
762
955
96
567
346
375
508
246
89
567
444
326
145
108
943
968
159
333
177
118
651
206
898
919
215
155
197
10
986
845
224
748
801
672
315
499
47
175
745
489
742
189
815
239
649
110
208
160
443
737
278
447
943
176
366
510
683
915
872
670
760
96
770
561
121
86
412
168
261
157
9
356
698
824
595
347
287
155
859
82
893
489
529
188
17
247
699
701
162
571
723
923
20
493
836
493
579
249
13
193
758
23
901
457
199
496
156
486
4
16
921
249
857
450
437
875
698
488
928
860
412
651
135
784
144
324
629
76
925
642
621
683
665
522
492
217
370
649
55
374
17
976
623
874
427
413
101
477
253
29
689
665
680
825
801
825
149
430
253
426
73
874
109
90
396
602
659
766
603
715
493
620
691
468
846
470
881
300
947
135
329
637
152
10
814
306
187
315
88
440
741
513
666
202
604
414
804
615
532
759
330
25
731
374
494
578
196
727
230
144
214
559
133
367
921
299
25
108
966
113
900
707
627
566
909
583
980
66
198
513
177
881
890
909
255
384
839
803
464
69
299
678
628
784
397
550
83
422
10
49
888
911
108
867
829
370
802
162
788
0
27
965
233
917
874
840
654
713
644
470
782
943
148
763
728
546
665
163
320
675
213
208
938
673
427
768
43
229
282
831
582
309
797
815
578
671
8
584
737
652
54
871
947
203
634
675
101
299
839
421
975
404
982
265
77
409
33
121
991
315
304
573
976
101
740
555
125
748
491
214
400
546
85
348
101
72
375
202
371
214
623
698
970
957
964
48
719
349
521
710
17
825
283
345
927
23
252
404
124
744
618
524
290
703
224
391
127
600
593
499
166
568
549
137
878
865
185
597
215
706
307
584
531
942
929
810
317
182
566
441
926
184
318
568
240
542
959
367
142
904
218
661
824
768
798
702
985
335
651
552
393
958
136
276
252
418
87
570
600
653
363
878
190
681
798
430
224
109
149
718
13
368
379
189
488
529
244
473
864
895
378
609
206
514
886
458
284
973
380
236
978
744
466
520
777
264
950
353
373
452
72
738
820
803
928
660
685
524
485
549
419
863
511
625
730
397
436
14
722
168
251
52
264
717
573
42
334
875
395
707
327
819
446
499
623
726
159
308
602
645
209
21
860
720
999
590
469
787
605
191
307
208
244
572
277
817
966
611
692
361
671
372
533
469
871
508
547
31
816
149
28
377
522
888
450
873
831
919
660
788
463
968
348
707
892
625
876
858
589
568
571
612
940
104
81
164
612
628
547
780
129
575
510
651
815
960
525
998
231
537
786
46
857
134
753
749
112
981
607
701
550
179
313
842
635
746
6
248
726
553
28
855
480
538
506
648
850
383
646
434
273
433
480
130
919
586
880
31
567
839
84
469
370
397
664
6
495
22
254
221
928
634
76
408
525
935
408
727
670
55
513
943
840
994
74
759
932
306
791
851
145
227
673
516
625
337
522
472
359
128
694
287
762
770
48
287
57
456
367
728
863
880
23
703
226
449
815
158
755
958
362
253
185
35
769
162
372
643
635
83
771
329
723
885
451
123
525
861
579
892
589
795
772
964
498
999
414
665
509
169
623
871
422
809
258
543
971
982
538
958
66
309
287
141
547
91
264
72
952
195
964
893
990
88
857
841
439
271
506
949
793
130
172
567
291
431
463
614
413
1
573
831
663
860
324
210
951
588
282
255
136
598
148
478
38
358
319
478
981
178
779
774
660
951
694
951
734
157
565
500
158
138
683
173
351
8
383
654
948
17
910
84
967
410
915
6
768
234
484
750
764
615
876
424
918
570
375
653
79
293
153
590
783
188
763
134
196
499
789
145
516
51
581
484
461
496
490
230
83
326
332
847
293
208
624
211
131
999
864
562
644
369
152
428
558
268
562
754
767
703
251
635
754
185
119
568
33
961
150
116
639
482
316
932
42
940
144
173
291
360
736
936
730
240
716
640
860
630
746
627
334
998
263
440
535
734
360
568
48
510
37
687
992
353
972
35
645
116
560
288
476
648
576
558
889
292
198
749
923
945
729
609
295
344
401
182
78
114
750
478
624
787
518
969
492
490
356
489
958
916
778
786
565
354
345
806
999
895
907
274
192
636
235
839
980
988
21
411
102
772
241
727
911
759
696
756
249
52
597
207
320
375
994
885
82
691
43
433
586
951
707
131
587
942
970
920
930
992
683
33
116
924
112
379
684
808
135
285
212
85
493
532
460
839
770
894
530
813
327
468
764
386
599
704
680
570
976
963
562
659
348
30
935
460
409
971
620
897
257
832
982
102
716
794
293
838
41
823
652
720
643
768
107
243
824
787
165
800
750
79
811
450
109
99
910
518
70
530
767
679
714
749
133
783
896
426
621
937
601
273
657
245
394
764
840
218
904
5
371
6
84
534
457
545
633
367
63
56
250
183
87
964
932
221
99
828
999
721
117
601
346
775
846
740
891
686
311
795
43
34
802
127
920
611
672
554
330
87
962
580
622
401
897
555
974
996
735
974
717
853
575
64
980
773
156
871
811
819
667
854
853
821
333
774
432
357
680
114
796
994
695
419
395
944
326
722
940
413
696
10
618
623
426
598
396
582
470
207
754
489
413
959
310
98
85
94
455
765
208
251
111
255
22
859
199
348
581
492
114
277
502
732
900
928
331
648
862
801
207
968
290
620
928
952
718
13
398
525
131
606
128
242
214
151
453
413
851
34
905
965
663
759
698
915
39
381
563
902
182
122
870
824
742
150
128
812
164
526
689
295
484
818
889
698
321
343
464
172
729
369
490
745
481
540
12
520
921
928
774
455
50
997
631
145
147
759
309
311
637
999
958
121
817
200
172
138
543
636
662
624
357
152
721
838
692
734
711
965
662
485
420
712
834
403
857
982
162
167
645
151
518
956
273
335
156
797
825
51
433
487
675
142
992
749
333
684
483
44
2
145
881
774
209
716
178
419
698
340
586
695
844
456
651
469
791
807
266
616
858
51
455
886
193
447
635
526
484
118
922
486
615
804
260
824
520
438
243
570
131
181
265
975
637
917
444
780
724
62
396
935
113
852
821
658
299
456
537
783
926
459
621
541
615
882
365
135
672
961
705
803
142
323
130
780
240
926
560
316
340
309
251
453
513
72
464
164
880
1
948
806
460
921
347
76
803
65
563
828
26
621
983
520
944
114
300
536
392
213
204
733
874
456
538
387
880
2
551
113
3
851
919
816
773
619
244
928
36
159
756
414
780
740
934
76
206
587
964
950
800
169
35
26
625
574
765
857
576
316
970
932
520
242
748
645
213
344
925
249
503
34
663
636
126
597
712
332
184
29
634
336
198
670
714
823
244
479
32
172
148
3
456
20
597
556
665
810
900
590
411
756
624
74
392
102
23
456
434
560
485
421
248
683
91
963
858
687
794
243
211
942
246
668
962
195
576
979
5
477
922
416
585
898
842
977
1
217
785
787
777
623
208
378
658
651
693
517
690
487
112
254
782
358
274
96
905
850
428
910
327
702
678
264
600
520
241
953
737
379
741
867
2
301
597
660
305
290
529
347
129
641
601
263
351
875
360
256
726
140
518
405
842
196
670
442
68
263
748
806
642
841
25
996
494
622
9
799
264
890
499
393
884
100
9
587
328
721
196
406
861
714
811
703
263
833
497
331
97
245
137
91
438
514
440
933
136
449
732
752
691
231
498
575
684
507
163
12
228
359
418
89
425
581
144
688
415
641
20
864
239
509
307
677
24
99
610
512
900
695
265
592
278
763
167
314
270
682
326
498
41
96
939
819
30
83
507
797
76
527
661
315
37
320
345
61
420
307
573
320
354
838
912
633
953
432
947
223
114
626
73
508
74
12
327
104
95
186
901
172
714
914
839
751
235
184
164
7
844
89
327
198
280
592
831
233
376
131
457
842
109
530
702
183
543
29
288
990
216
541
162
282
456
2
385
691
538
901
698
382
990
377
581
270
321
764
856
697
247
313
540
356
195
242
540
90
624
180
81
192
721
595
826
177
949
211
220
488
112
270
870
102
648
803
725
321
568
581
19
167
246
559
524
793
153
416
884
129
596
317
321
669
264
147
199
214
710
419
702
822
42
924
277
690
80
2
363
648
935
382
167
181
293
691
974
447
107
210
576
55
879
250
725
144
749
924
710
460
343
412
282
737
688
911
779
768
913
143
768
200
525
936
381
819
627
708
618
87
270
546
142
150
148
867
646
898
143
356
358
839
120
992
576
808
904
356
929
169
499
697
370
24
985
103
195
965
811
165
52
82
712
546
584
860
766
230
758
909
938
468
748
58
461
677
218
365
33
147
886
532
197
256
908
534
360
104
499
523
621
903
957
333
450
541
546
568
123
656
477
61
125
578
471
586
607
690
303
640
189
189
524
386
798
432
921
510
888
772
33
510
676
343
195
478
884
741
46
360
398
875
773
875
805
245
813
412
935
116
404
124
657
928
863
455
713
136
965
953
908
351
463
936
694
11
414
930
752
812
642
502
40
416
377
845
661
190
610
948
658
14
72
668
295
935
475
8
423
441
961
332
144
777
268
190
788
35
120
892
199
763
747
239
179
124
437
192
667
399
140
677
413
212
345
60
500
173
68
923
614
30
607
110
159
228
300
947
615
420
839
814
535
586
406
66
63
195
258
82
594
750
111
359
315
809
420
167
982
840
90
948
870
50
58
381
630
710
328
245
482
520
59
18
458
817
436
873
12
47
307
606
797
771
318
112
580
738
279
914
578
722
862
801
772
272
182
402
982
863
999
816
735
58
186
193
228
623
419
240
670
726
199
819
497
517
932
429
255
211
343
185
285
557
986
57
829
521
811
163
736
162
332
471
573
518
664
801
493
435
41
163
514
240
983
363
109
267
793
364
830
488
550
116
46
888
525
227
761
337
743
497
851
75
968
424
593
985
225
87
420
619
602
934
211
937
650
321
556
443
685
387
283
587
503
329
828
28
909
589
717
652
439
569
727
407
993
672
392
219
111
165
190
66
451
401
3
101
722
560
896
760
947
180
347
802
861
527
830
770
117
548
422
908
117
501
315
462
526
60
33
637
577
223
703
28
625
59
482
699
619
378
459
918
910
807
720
772
686
902
894
803
450
669
63
919
170
379
382
696
791
767
686
368
991
389
396
968
448
230
667
419
609
479
689
871
638
409
643
324
312
538
128
114
559
191
34
729
922
768
778
713
887
464
433
230
205
182
198
654
412
218
425
373
697
115
245
335
876
888
659
188
778
139
655
337
683
689
419
957
809
549
23
696
365
456
927
570
638
477
576
51
47
2
424
96
469
669
783
345
910
795
886
40
934
541
378
969
582
149
279
391
698
302
439
63
110
718
985
749
196
562
152
243
916
576
692
385
598
475
730
860
270
616
900
557
509
630
878
91
779
157
834
829
811
274
892
922
992
878
671
540
792
175
136
708
103
828
445
701
303
527
913
574
496
814
483
5
796
361
97
576
519
931
757
682
557
650
604
550
880
627
90
672
802
578
732
906
406
529
959
710
56
225
636
552
391
119
910
187
832
359
115
703
642
873
386
200
875
990
102
755
970
544
779
124
123
863
382
529
392
694
591
800
919
579
705
310
50
615
497
883
326
965
586
968
838
324
168
65
315
622
172
637
167
951
761
290
166
496
819
910
190
763
710
109
342
767
771
745
734
620
628
60
585
566
381
775
891
901
840
558
524
12
195
691
315
308
981
481
804
152
743
346
915
806
807
610
573
578
355
308
199
335
720
136
901
101
912
144
3
104
702
527
117
249
218
784
910
551
618
714
55
361
413
971
167
220
933
93
799
640
401
350
327
473
486
228
575
750
725
930
855
427
809
324
29
379
108
939
930
78
5
985
440
418
308
959
639
593
52
790
233
805
140
560
279
978
141
206
729
866
488
936
645
297
260
26
676
720
965
606
799
971
943
239
741
604
550
380
197
603
522
783
760
14
343
391
993
836
597
74
54
437
10
52
734
270
78
410
990
44
368
789
367
664
380
108
268
931
841
465
886
363
600
646
730
944
38
723
132
987
797
187
425
807
591
511
429
669
274
419
713
994
561
432
658
293
541
278
576
734
96
814
449
696
461
179
992
851
254
125
190
51
664
967
210
255
479
639
924
753
411
990
747
324
422
758
969
315
36
546
401
132
360
851
829
173
382
821
24
637
298
567
40
962
534
251
217
13
242
494
118
5
836
218
329
258
976
299
926
12
197
679
497
557
530
678
83
265
851
459
254
150
26
294
112
561
897
682
926
492
528
45
497
364
263
179
974
591
478
900
955
27
932
452
936
814
482
19
79
334
479
333
484
505
980
948
418
877
982
697
369
510
94
219
874
709
398
201
300
228
453
255
255
385
60
191
200
542
563
279
876
42
965
712
899
945
661
670
174
995
367
896
506
461
115
732
170
865
933
470
445
387
77
700
124
137
243
324
680
158
956
908
200
921
621
452
866
634
122
392
629
489
288
487
950
403
572
472
620
857
294
65
596
371
117
721
861
713
45
893
871
1
801
72
274
774
524
492
760
646
885
742
487
173
581
789
929
153
261
549
363
555
615
311
278
84
32
139
797
430
32
669
783
186
93
58
312
969
902
73
967
787
167
454
961
748
243
242
254
856
791
617
411
758
928
689
843
313
181
640
95
565
661
878
103
754
288
416
75
191
841
42
330
8
848
291
108
443
533
362
299
677
331
710
435
612
752
630
925
285
623
372
850
284
602
306
391
891
722
818
434
915
861
764
275
61
408
383
505
293
746
804
970
77
867
758
41
971
388
318
608
363
690
458
648
293
764
391
536
838
209
322
105
422
438
380
484
198
764
341
492
862
497
814
291
716
924
333
687
665
651
647
28
694
106
28
339
222
419
875
413
981
549
870
403
987
251
239
538
367
580
30
229
78
196
872
794
121
205
834
786
209
481
166
255
939
195
594
514
614
821
279
947
370
149
351
709
752
590
247
119
523
629
700
601
826
573
747
299
130
933
437
339
415
603
594
706
798
188
572
765
361
851
712
731
353
415
441
105
6
40
225
881
670
925
482
496
498
581
147
629
515
584
320
282
187
267
988
338
807
913
455
169
764
519
900
117
935
693
223
293
734
800
174
756
725
8
252
576
589
751
557
456
335
877
738
874
144
79
212
304
992
667
473
108
539
373
578
474
419
801
767
505
953
293
261
678
301
865
606
890
616
163
347
951
41
437
177
537
516
390
841
860
409
314
969
948
40
547
774
811
700
893
316
5
186
929
683
487
794
642
730
410
805
77
713
198
866
242
736
383
632
929
595
394
596
916
694
988
815
821
799
867
714
467
872
901
396
908
388
190
550
118
952
355
547
17
554
414
259
642
149
244
571
96
638
167
13
684
155
828
505
306
696
220
773
920
121
169
828
861
359
378
332
663
734
879
680
640
645
940
282
794
184
853
243
174
373
256
858
880
436
716
187
132
288
960
405
761
130
233
622
841
612
954
505
346
186
537
338
831
477
620
978
661
825
221
187
198
829
46
79
265
114
618
750
402
578
155
163
60
388
137
254
352
444
111
50
630
648
388
813
126
8
143
139
834
716
327
384
545
725
815
163
839
433
265
593
364
420
756
424
160
245
30
513
689
141
563
671
790
952
485
268
312
980
407
498
697
86
883
594
811
50
757
2
484
374
595
848
794
703
624
307
301
7
172
990
148
735
662
938
39
499
558
704
479
966
202
528
52
437
123
216
488
232
570
324
607
518
524
753
573
500
412
874
507
584
217
656
672
231
946
711
730
857
767
561
823
322
90
227
759
565
795
599
149
366
275
108
236
799
862
809
652
274
36
159
211
253
167
883
484
466
946
566
323
714
479
498
36
569
77
147
486
873
99
988
591
374
96
827
526
310
988
178
585
376
689
796
629
209
31
465
675
977
31
350
691
511
848
79
432
925
579
271
150
30
259
741
756
355
920
282
666
261
812
603
637
854
751
619
63
782
84
90
111
468
440
155
331
288
234
115
565
165
386
716
195
997
809
952
705
82
586
723
343
751
326
332
605
429
951
20
563
36
110
674
856
550
829
187
190
416
302
755
933
41
823
129
38
633
433
743
715
371
466
410
474
144
742
431
925
694
451
488
82
913
515
938
815
696
477
5
464
779
113
398
172
936
879
211
569
664
306
636
35
773
46
862
917
789
293
843
835
97
683
917
10
550
207
826
247
36
183
63
167
296
461
340
233
692
551
154
356
209
143
744
982
189
606
252
330
251
447
517
700
482
786
711
33
993
889
632
381
72
695
549
721
509
889
306
553
792
812
910
1
955
6
336
497
612
588
179
215
387
697
916
869
483
979
902
829
868
886
210
292
934
759
365
795
0
671
348
792
484
258
146
791
616
482
288
228
70
820
796
457
517
712
678
352
691
933
533
911
819
96
203
105
207
921
900
208
592
249
352
428
859
498
220
476
332
860
56
754
680
852
563
549
916
242
254
607
175
787
870
994
235
426
100
443
347
352
3
939
953
355
368
165
206
940
641
890
800
49
645
481
254
208
382
170
450
636
130
625
776
0
972
11
426
424
806
773
128
809
65
82
517
433
247
75
373
240
965
525
641
610
6
895
171
741
418
621
377
548
599
505
900
923
869
327
699
675
452
827
837
517
909
354
302
508
429
27
100
746
553
742
709
911
637
880
4
407
853
734
955
804
239
856
727
108
535
778
136
339
606
973
857
867
679
511
728
460
891
828
206
796
570
915
59
560
147
64
967
1
798
275
805
389
483
885
850
370
663
986
709
621
311
918
489
990
782
217
450
673
397
656
469
968
924
528
880
71
944
199
72
742
474
230
132
309
115
982
679
130
968
741
752
631
659
241
621
793
810
71
466
207
79
287
527
3
168
407
427
112
607
499
855
433
81
987
743
548
321
774
679
641
867
431
272
527
24
245
320
834
668
139
393
747
426
921
103
946
680
530
59
639
381
914
425
815
253
520
363
926
294
42
567
162
473
191
41
849
436
713
683
104
204
429
203
983
702
306
929
734
188
988
374
922
254
799
737
859
319
452
785
965
495
352
479
320
895
872
170
331
586
205
787
790
634
991
773
336
297
55
71
838
43
797
112
298
948
849
157
267
653
295
584
148
999
416
469
895
288
991
578
226
196
366
17
831
357
142
519
654
549
942
844
593
91
956
243
39
157
752
658
811
47
243
311
47
659
780
294
299
123
872
526
320
238
895
503
595
389
374
602
939
669
446
532
760
755
775
800
912
879
458
75
927
53
387
326
64
519
620
716
643
492
242
963
731
137
466
326
526
192
280
465
861
727
349
622
834
476
774
746
356
584
174
635
990
561
961
54
80
581
122
723
425
364
38
156
853
856
835
380
49
115
197
910
194
899
884
28
375
658
775
83
243
949
718
233
862
31
639
942
612
762
18
38
478
56
546
332
913
381
64
962
849
613
224
43
512
109
72
888
767
199
323
362
148
42
595
362
73
587
304
38
701
322
428
179
379
974
863
644
708
927
606
557
541
182
600
53
291
672
293
411
871
617
773
371
11
721
733
436
660
390
826
361
64
254
892
795
581
756
439
641
35
397
198
576
580
150
982
871
175
275
634
398
244
408
122
607
481
207
44
141
597
870
854
14
477
746
809
58
854
249
699
890
646
249
466
578
751
800
802
278
76
436
677
672
196
151
280
677
358
676
170
308
546
376
322
375
123
483
433
329
732
484
219
731
85
38
309
837
838
463
115
266
900
144
939
448
647
571
478
358
247
648
18
145
377
692
521
852
175
306
181
908
791
401
991
228
791
652
417
629
116
885
248
16
29
539
816
29
110
294
387
709
943
405
206
320
97
727
172
624
386
705
884
529
458
875
757
249
528
175
231
996
60
479
364
441
18
180
470
480
475
209
189
770
966
395
442
63
475
966
688
861
671
924
390
130
800
147
379
680
674
962
676
734
441
40
528
811
220
998
291
47
560
480
817
526
228
259
590
703
225
630
564
249
906
306
379
706
453
110
738
480
73
414
214
866
806
742
678
379
93
969
426
653
802
596
179
30
855
121
733
433
103
297
682
10
603
413
68
408
523
807
888
948
573
455
815
380
549
845
111
642
814
537
647
616
485
827
646
693
300
731
126
756
28
160
118
983
925
186
744
800
345
984
101
919
439
916
299
989
113
410
983
279
299
631
896
137
810
894
830
462
626
308
218
6
820
336
342
745
875
86
545
220
70
646
139
862
914
790
851
379
552
186
659
852
817
907
989
627
801
171
90
779
479
660
138
299
997
480
396
872
918
293
92
340
292
584
202
558
374
405
938
927
592
597
131
761
504
472
741
657
643
831
437
474
843
575
773
840
407
521
64
677
814
509
17
106
93
572
665
819
329
603
746
273
552
877
35
56
701
776
65
344
959
854
818
802
429
943
995
188
464
59
865
279
920
235
737
365
807
402
537
488
357
283
762
261
513
797
669
214
925
735
911
884
589
81
38
371
25
33
559
841
445
777
472
365
12
210
83
171
964
620
11
674
255
773
935
768
922
605
335
847
340
598
83
281
679
122
652
56
155
564
250
600
341
722
318
705
284
753
228
601
373
239
275
980
13
562
101
287
167
788
487
859
386
570
141
417
44
793
826
200
357
76
152
50
150
822
755
435
575
983
36
300
223
663
281
588
225
382
875
745
170
362
604
908
285
97
325
329
243
151
881
600
579
34
3
730
208
758
165
784
94
553
436
317
568
717
257
145
451
484
890
973
847
847
881
132
296
207
813
539
710
695
492
290
729
495
20
289
253
537
73
699
442
510
368
362
579
625
507
31
110
750
356
309
949
238
793
245
797
606
785
507
301
277
149
382
124
521
672
729
58
97
429
852
959
797
566
539
423
74
922
885
176
278
194
125
868
987
722
665
945
859
525
247
488
674
981
612
196
5
342
606
103
771
811
414
568
377
305
343
803
227
228
331
858
774
456
78
761
531
744
707
390
621
306
879
295
639
843
843
645
185
802
100
308
965
514
229
694
820
572
498
399
153
829
609
927
638
688
41
169
432
748
911
405
406
142
700
45
986
896
690
171
50
142
832
15
657
61
709
829
633
559
228
138
741
190
66
379
878
107
900
662
207
163
67
613
306
119
10
292
15
701
815
417
195
647
432
204
708
494
33
694
405
614
832
146
804
250
877
34
709
129
696
916
293
115
881
599
234
892
243
602
945
58
19
140
58
804
345
766
298
730
812
703
344
997
202
500
247
79
534
957
209
582
225
502
697
107
453
932
999
696
534
944
106
905
436
516
709
781
635
359
512
447
63
208
444
265
61
44
696
595
1
905
530
226
759
227
685
212
511
684
260
397
980
719
303
417
235
12
550
870
372
414
670
787
623
466
404
684
510
100
631
863
6
161
442
765
389
127
330
252
812
942
650
144
661
953
561
249
317
112
471
41
526
141
180
501
960
584
185
470
37
169
686
395
330
128
512
71
607
842
324
771
785
974
916
798
279
477
47
948
941
519
342
820
12
522
321
972
459
859
795
496
28
833
243
710
313
755
782
920
950
458
692
735
784
608
885
63
437
933
363
731
804
705
551
168
228
224
493
39
83
640
887
463
473
130
174
786
885
308
58
187
766
750
922
550
710
160
965
500
93
680
231
249
386
134
417
966
358
262
357
442
902
244
257
375
374
431
513
611
739
572
799
857
674
73
759
737
233
76
237
678
757
820
279
495
306
49
461
664
311
818
458
214
414
716
941
788
147
807
751
239
731
902
96
405
328
208
142
913
284
731
944
393
903
223
888
209
272
349
874
936
