517
288
259
570
676
700
159
945
810
869
404
981
387
3
551
458
595
138
989
798
19
3
445
207
827
303
891
257
970
451
841
488
739
453
410
416
153
569
713
316
791
469
649
530
472
201
340
67
691
329
217
63
333
15
270
160
318
161
769
288
964
611
128
704
416
539
472
569
460
537
237
603
6
887
485
478
88
826
545
131
155
763
194
840
778
464
1
448
977
122
88
942
85
217
998
501
108
470
423
920
359
660
524
365
547
361
843
987
187
388
119
695
503
665
535
633
130
888
81
459
11
170
753
96
739
751
598
847
573
21
767
932
33
643
649
581
5
492
920
544
233
391
591
736
57
127
722
539
367
155
998
730
325
104
179
416
207
129
263
133
502
383
65
535
378
715
468
735
559
389
632
792
132
223
881
189
702
955
80
70
110
79
152
436
535
331
852
742
460
468
875
962
203
293
498
581
360
318
669
919
59
301
64
192
524
945
733
227
900
814
649
10
245
801
798
780
485
3
522
945
471
750
260
26
43
758
607
403
428
276
322
488
929
738
680
454
683
413
33
935
579
682
298
824
835
448
604
320
451
479
618
274
229
878
300
272
988
260
27
416
888
701
904
818
440
936
624
475
702
657
411
281
691
61
458
878
509
62
551
313
893
169
587
122
47
240
746
35
852
773
803
740
475
708
910
915
996
534
390
698
543
153
332
586
566
790
465
76
204
16
741
98
185
328
220
584
920
967
619
772
92
774
865
567
482
775
834
831
310
225
529
205
730
213
792
297
3
257
725
208
625
466
658
162
146
878
746
419
197
717
191
290
491
56
209
326
184
44
157
846
621
38
51
351
604
195
0
959
804
725
519
429
543
177
591
42
408
689
461
605
758
4
247
250
413
457
928
597
501
437
443
474
827
846
825
431
42
178
391
846
255
910
276
799
88
219
193
496
261
654
453
19
658
701
621
71
510
901
668
363
338
463
837
166
310
14
949
352
192
340
550
448
603
826
599
691
398
792
539
11
446
344
30
456
45
4
880
907
905
900
270
244
364
107
762
26
474
711
730
666
404
280
114
7
107
713
50
857
857
941
868
303
285
250
112
683
254
992
590
160
892
213
756
608
672
870
634
146
933
364
813
337
645
279
696
104
345
98
961
202
39
181
506
325
783
970
360
38
962
950
550
854
515
658
815
188
528
449
334
461
814
499
151
459
779
199
915
124
298
228
326
337
409
184
14
192
154
374
582
468
677
132
675
192
142
490
380
670
939
67
484
753
566
635
564
697
186
479
173
484
59
500
174
820
36
540
365
191
915
947
11
944
432
686
136
574
176
869
597
116
936
81
221
854
68
138
904
254
969
77
91
29
929
265
849
966
805
214
509
72
162
520
16
946
207
505
520
735
374
117
851
662
550
425
516
618
563
772
873
532
850
964
561
131
581
763
97
738
977
958
811
491
831
179
437
390
684
310
125
58
779
977
720
330
754
589
948
317
713
173
201
563
489
763
47
422
878
496
161
855
455
324
347
286
503
136
676
188
446
801
246
226
130
319
556
884
260
856
553
973
382
755
889
871
870
936
646
748
432
807
603
239
131
302
525
634
791
553
174
237
707
773
815
837
92
723
74
352
932
979
677
314
734
566
537
956
854
183
704
287
990
660
526
473
314
404
460
105
957
634
343
664
407
510
854
851
234
280
555
166
259
233
832
994
151
369
950
6
553
7
645
895
19
171
721
333
927
181
439
885
167
134
901
575
644
107
426
230
387
982
748
647
215
580
993
718
302
295
724
207
654
369
102
673
893
175
7
820
708
798
57
876
932
311
451
928
418
877
511
158
211
259
157
778
192
150
497
494
797
221
701
452
943
155
477
836
683
484
8
391
634
66
267
918
377
718
847
147
948
710
305
511
321
462
290
513
964
787
359
114
360
60
918
655
568
395
491
251
232
852
642
866
918
910
785
647
980
984
146
280
46
452
792
367
266
82
233
583
221
592
697
933
5
967
589
573
714
432
176
946
284
170
165
554
80
302
201
413
638
348
693
684
152
485
51
770
919
636
705
492
229
754
426
234
721
367
159
436
799
687
734
436
857
251
990
290
553
192
703
543
892
748
227
396
234
631
518
505
267
224
998
848
978
776
82
52
143
593
840
942
280
574
378
138
178
721
428
731
913
483
627
157
231
854
905
817
837
775
323
457
999
321
305
330
97
740
734
592
333
574
886
966
500
617
456
678
338
884
762
603
367
389
760
950
595
17
768
785
792
91
242
144
764
899
826
213
639
560
805
325
486
691
291
986
308
747
17
646
983
131
249
702
520
361
652
467
378
772
252
523
863
494
667
627
394
493
840
385
405
997
62
891
689
353
229
997
452
246
996
787
377
245
489
249
607
494
717
337
266
969
860
482
816
879
461
562
724
654
299
129
651
362
372
340
715
602
690
520
848
686
659
578
931
501
827
890
995
896
580
613
866
792
447
34
672
909
596
748
563
895
878
566
609
602
259
325
204
949
197
53
635
856
983
918
357
810
161
704
707
741
670
925
533
117
311
557
378
907
306
293
154
536
860
764
138
119
441
343
420
990
748
407
198
83
325
908
245
838
964
952
579
634
229
465
104
540
22
834
799
680
128
306
216
340
422
707
459
215
402
231
205
150
638
403
233
963
663
478
154
628
783
733
614
364
198
70
257
573
905
56
253
385
714
822
725
136
529
536
351
931
767
908
433
405
664
18
720
327
848
874
307
983
960
922
348
510
992
957
83
249
365
689
634
80
863
711
568
744
247
920
27
366
828
812
771
844
830
844
172
30
70
479
14
30
753
714
893
98
671
328
347
36
369
334
468
232
45
37
328
293
309
355
659
489
167
783
334
349
979
506
380
49
337
394
432
443
460
677
541
131
5
240
519
375
574
988
959
620
377
288
265
686
643
276
175
163
59
509
512
390
367
892
792
57
286
576
500
98
253
41
229
258
281
101
985
856
441
945
828
818
585
93
856
580
369
31
743
781
893
256
171
612
148
963
669
787
891
169
885
144
562
467
755
196
920
92
404
361
389
232
531
974
677
387
555
46
770
298
827
15
906
351
628
55
666
297
194
558
819
431
54
381
250
809
929
170
254
333
883
643
565
414
618
242
153
525
641
276
175
820
291
82
171
271
489
838
921
35
748
740
466
802
473
717
964
403
239
218
736
123
213
654
537
183
896
43
708
889
319
236
710
962
318
881
234
159
71
155
194
171
247
12
974
720
81
290
475
321
860
212
796
73
866
333
257
114
728
317
4
399
553
714
362
871
947
948
382
19
455
576
190
54
941
516
774
22
158
250
695
18
814
491
92
32
177
701
146
905
18
502
657
572
216
371
795
164
319
178
535
126
106
77
532
47
594
306
422
752
908
469
123
74
961
567
106
490
268
605
395
638
107
404
210
676
775
358
192
446
888
727
572
994
804
104
394
750
763
168
855
23
637
330
450
950
897
556
440
517
161
188
155
621
592
718
297
368
76
489
814
316
568
739
310
724
195
56
475
310
224
682
334
862
12
784
812
909
692
605
778
206
793
933
827
385
3
476
753
431
965
920
747
885
659
410
609
206
466
436
517
691
118
203
905
482
339
717
743
31
322
521
589
467
807
416
853
162
244
958
594
561
230
693
446
241
103
56
448
570
844
965
261
315
168
166
797
859
235
893
890
910
414
832
377
573
248
230
736
845
541
682
406
771
375
853
13
479
261
461
49
105
778
662
772
298
828
922
157
415
815
399
325
581
231
703
155
832
285
243
677
826
925
83
950
652
288
315
131
549
776
532
7
906
194
779
204
374
701
713
790
516
112
115
450
696
818
957
528
456
200
557
634
477
640
584
129
929
899
613
830
27
145
837
933
340
617
489
714
318
554
504
187
667
972
637
715
790
946
243
598
146
152
233
975
792
817
104
73
69
69
904
96
215
93
382
555
710
871
621
381
778
126
920
445
98
909
512
240
855
107
191
353
259
424
328
403
241
784
477
662
854
733
759
421
826
141
328
889
364
949
622
142
427
894
939
877
803
803
470
10
910
661
363
169
85
43
573
678
179
50
341
33
135
452
806
313
945
134
554
309
84
528
804
511
422
95
741
577
899
211
587
809
872
302
979
309
697
552
987
877
954
680
262
441
132
69
106
77
203
661
739
287
189
895
151
964
990
892
541
241
103
481
403
327
135
382
636
833
286
623
710
592
656
972
385
788
41
491
218
597
152
957
884
694
852
35
10
194
927
903
788
382
384
191
709
872
573
345
705
211
321
767
155
977
91
540
117
485
31
335
82
536
644
966
582
848
354
592
395
633
847
183
16
232
374
77
456
299
775
513
862
96
280
17
425
371
557
542
208
940
230
290
476
226
257
410
427
963
2
822
596
850
5
964
434
731
42
242
30
817
755
892
265
35
261
690
758
818
584
967
758
166
257
587
745
866
997
172
181
352
994
778
554
351
94
340
82
488
582
464
657
337
708
922
724
969
964
834
139
901
153
249
419
411
836
164
629
186
336
163
538
330
293
444
33
387
784
467
228
366
931
885
55
991
160
131
960
476
965
451
377
119
701
149
882
537
313
863
75
650
26
613
332
671
57
366
59
193
833
287
911
117
524
966
108
684
449
421
161
767
224
890
238
925
39
472
815
353
335
890
355
714
856
39
385
913
757
796
107
943
435
18
60
960
337
520
644
138
293
157
905
518
400
143
795
439
615
962
144
303
853
851
369
61
891
106
974
648
903
433
591
690
804
3
650
493
876
647
631
169
804
889
39
204
384
187
996
0
149
492
655
354
344
376
415
235
482
742
235
737
527
179
428
331
182
78
176
58
77
160
580
882
49
971
438
433
158
786
785
660
279
792
14
975
168
430
562
3
524
797
92
51
976
520
383
511
951
911
921
28
71
501
262
472
825
53
258
335
191
395
995
470
188
362
445
708
144
359
63
668
157
156
719
485
28
454
348
979
718
270
360
789
123
974
614
948
27
872
636
219
267
983
41
807
345
839
868
841
198
931
861
707
87
581
545
116
387
893
447
105
163
807
247
287
134
861
587
513
85
223
84
704
559
126
512
904
317
732
98
867
663
959
575
103
892
472
219
280
365
18
737
529
178
336
168
312
549
755
825
634
331
910
691
890
388
555
146
57
287
244
924
950
556
851
53
448
323
624
80
689
643
170
570
821
506
90
485
56
845
310
42
528
572
733
770
312
288
917
369
575
513
646
878
421
497
283
870
173
908
302
214
903
472
784
76
331
874
561
387
71
223
781
952
796
515
722
460
155
991
182
83
505
828
313
926
677
596
148
850
856
451
416
759
275
200
187
606
426
748
345
850
972
127
802
120
994
524
932
149
516
114
584
373
294
897
651
972
846
152
174
702
955
591
814
230
143
353
837
570
102
534
420
426
661
574
546
655
98
478
157
966
945
741
691
239
991
695
563
189
847
90
243
802
33
409
384
176
763
573
98
865
108
870
291
769
444
189
777
895
19
286
213
964
27
257
204
370
952
767
559
151
857
155
305
242
564
689
419
327
615
869
192
723
740
835
844
536
376
973
431
396
259
997
360
639
254
564
9
558
684
921
709
893
76
14
136
640
55
907
320
670
776
864
745
868
700
590
405
428
563
188
824
823
185
185
462
791
101
823
349
785
96
58
31
524
424
167
517
480
74
837
502
202
701
248
71
753
190
476
182
753
664
6
928
202
543
742
993
645
918
695
430
366
753
813
891
178
980
408
10
406
245
512
961
298
112
32
404
302
508
938
408
524
296
336
78
840
431
424
485
701
119
267
67
224
81
958
754
413
718
764
172
315
629
133
614
741
165
370
44
25
308
452
901
604
140
980
444
923
756
281
624
875
549
692
451
982
2
206
747
721
322
919
36
951
404
2
45
569
372
441
946
680
245
848
285
385
180
81
309
288
363
285
163
264
329
966
598
332
172
345
405
847
617
441
150
21
444
195
943
168
988
889
849
233
737
486
619
269
567
280
557
282
917
72
546
247
39
144
931
563
842
336
410
459
129
561
832
925
108
775
94
97
665
943
330
754
781
301
376
348
933
933
631
851
358
529
450
749
26
381
312
868
717
75
679
198
636
511
124
96
639
218
193
304
161
876
58
294
177
434
642
111
720
625
314
78
155
764
827
533
145
491
753
214
566
784
412
554
295
536
651
286
106
196
590
267
72
1
561
250
787
556
713
859
533
27
289
688
143
468
573
640
960
326
854
878
110
618
433
758
507
436
44
613
632
987
233
705
340
146
307
127
702
20
987
236
399
628
276
542
97
202
182
57
528
388
935
991
358
720
101
865
156
497
479
141
484
64
198
824
210
505
304
265
877
643
853
628
271
481
522
368
683
56
777
564
796
65
555
154
137
8
20
294
505
851
787
990
267
985
166
477
842
470
94
71
465
947
699
737
429
221
457
464
277
235
28
73
300
935
579
437
943
951
83
449
154
222
791
421
207
309
899
401
780
993
472
597
293
171
334
74
744
792
538
373
379
567
798
679
502
378
468
798
329
904
247
484
126
390
905
686
699
156
87
831
502
560
429
147
83
115
221
828
907
759
553
638
326
352
669
181
82
138
979
411
394
578
247
520
968
505
558
19
13
998
203
515
910
632
14
993
747
235
173
7
995
727
645
673
431
315
854
513
805
185
276
199
763
524
71
83
29
630
455
394
628
658
910
890
290
924
883
389
512
409
748
507
488
746
180
919
413
387
432
570
572
708
121
688
584
192
771
965
174
226
360
154
236
622
44
526
898
280
268
410
689
368
917
177
114
450
448
527
837
880
449
761
940
570
449
525
763
221
842
289
799
202
796
36
824
840
914
723
120
534
133
161
903
403
338
17
205
138
897
42
18
346
803
311
269
605
188
32
178
30
673
977
233
469
365
409
310
632
132
782
166
618
296
69
373
986
439
578
125
688
620
495
34
775
806
303
380
346
687
558
377
713
888
962
182
605
371
844
589
856
979
756
826
275
177
199
261
968
777
738
656
749
234
43
524
40
698
257
387
386
167
116
451
407
430
633
365
153
830
954
9
809
62
835
436
240
386
49
208
163
788
217
912
22
260
789
414
958
398
153
696
917
269
147
677
51
781
42
205
963
996
214
772
411
402
560
651
788
609
211
304
397
428
216
771
40
357
186
999
755
339
695
25
961
843
702
12
976
744
569
939
92
784
63
503
538
623
506
678
232
70
982
982
850
551
753
891
908
939
890
16
631
585
393
944
780
95
308
108
839
878
47
283
14
462
787
552
85
645
582
670
715
917
4
918
468
757
809
728
49
51
96
32
988
489
976
769
584
284
877
775
162
277
59
176
739
198
80
177
195
15
199
263
932
203
181
752
960
342
832
361
393
929
393
381
770
721
502
707
358
732
482
872
9
893
401
100
443
481
277
991
848
476
254
780
679
787
532
992
481
365
705
874
646
451
607
768
172
110
475
882
842
310
755
203
555
156
303
351
637
581
342
838
409
948
618
89
735
503
433
216
220
138
442
866
589
401
634
114
511
462
996
705
772
751
260
327
907
564
678
897
497
372
735
906
320
705
347
407
208
780
975
428
271
769
646
860
171
633
326
34
95
675
740
867
426
0
546
686
916
577
935
413
949
22
320
270
79
667
29
288
800
5
68
71
126
67
283
297
700
610
332
795
285
72
14
63
424
560
101
693
137
36
106
87
410
778
709
490
798
90
130
598
447
550
21
574
617
304
871
669
914
203
816
551
627
830
967
404
743
68
97
880
457
555
319
867
686
380
709
484
823
191
434
270
94
455
844
711
759
68
733
26
623
549
929
251
380
896
7
123
965
104
355
774
11
27
641
697
759
703
533
582
246
967
205
340
422
401
404
534
469
137
912
93
686
841
696
418
90
703
893
55
159
601
829
522
628
822
220
387
877
105
322
124
73
527
816
847
928
220
381
750
357
645
195
396
487
891
814
929
946
60
984
457
661
165
979
289
339
551
28
569
657
702
45
82
229
861
929
510
434
311
260
791
308
807
539
795
698
706
724
996
766
60
805
427
577
784
716
269
688
96
838
345
799
235
427
380
96
708
890
530
371
502
674
680
309
213
827
359
271
904
707
37
964
512
464
894
649
532
515
337
629
353
34
780
940
813
160
36
521
51
919
893
905
945
573
567
510
400
926
782
304
986
819
621
498
284
867
147
168
382
836
797
87
870
577
27
683
90
415
205
493
686
450
398
631
375
965
142
127
244
276
784
230
95
405
80
731
624
580
900
6
416
49
445
287
979
472
322
421
239
879
914
926
329
312
909
704
630
51
184
874
679
968
456
775
725
888
858
349
468
110
707
885
512
152
172
843
976
494
264
215
374
178
493
55
842
403
112
472
806
296
698
486
264
506
613
989
395
823
338
863
934
397
100
798
549
624
641
525
471
905
92
197
435
586
252
277
341
364
750
147
12
800
985
276
307
598
617
54
774
307
269
708
704
370
858
253
994
499
130
465
756
575
662
543
513
267
820
854
983
922
353
996
75
339
624
382
289
242
788
63
549
57
123
606
427
333
211
774
832
694
591
940
269
606
835
782
873
656
988
856
930
693
852
357
384
829
91
26
71
879
441
972
937
565
578
716
898
790
842
83
484
434
375
105
40
563
239
265
219
579
121
501
272
326
859
657
155
950
35
578
182
476
550
119
393
481
187
644
623
30
727
107
816
454
564
856
17
803
473
588
382
594
442
6
272
653
15
779
955
50
709
137
527
612
608
920
93
796
564
716
178
643
175
994
450
739
202
819
894
675
408
276
621
202
282
246
855
298
25
162
700
87
300
227
699
908
148
792
56
64
860
234
708
35
580
158
126
782
977
20
809
737
648
783
291
930
29
146
580
406
661
281
493
961
860
192
221
360
336
630
425
196
216
485
583
797
995
709
931
324
729
93
62
377
876
353
660
905
852
592
311
513
225
157
826
438
349
47
798
38
29
575
234
246
60
818
43
55
879
326
380
609
419
794
338
295
499
350
552
703
943
216
568
520
373
394
958
74
794
109
112
823
684
699
69
745
869
464
152
748
143
532
357
562
678
48
210
178
398
114
233
693
330
802
566
703
196
876
130
342
985
242
518
670
941
939
415
810
756
567
911
899
452
620
813
130
668
23
660
419
138
894
464
820
696
30
524
244
907
654
939
892
248
457
914
542
748
329
704
504
249
615
403
701
236
217
183
256
592
196
675
82
90
140
903
138
522
779
734
781
785
25
674
33
482
940
575
583
270
632
87
871
247
491
924
835
60
107
92
4
303
767
87
745
259
342
235
782
121
970
563
906
995
589
291
830
530
219
413
152
851
500
23
450
343
947
286
755
406
378
760
62
497
199
807
757
893
43
891
366
365
806
272
360
748
915
542
278
134
955
782
985
808
157
788
503
456
74
259
862
804
371
924
653
922
84
762
167
127
5
533
844
812
157
204
560
72
99
190
207
54
324
544
214
481
332
718
937
758
329
799
914
52
76
920
326
512
682
493
639
688
378
835
852
535
39
764
607
490
954
166
897
278
63
111
111
747
181
48
506
862
199
772
266
627
44
944
139
79
789
130
119
167
965
971
702
357
735
662
847
41
180
744
671
243
856
782
991
389
830
849
252
29
621
518
9
18
815
148
97
604
279
216
772
244
187
826
601
274
840
449
667
21
193
338
264
401
120
255
791
950
104
395
331
78
265
340
96
80
841
193
685
120
761
809
716
300
635
318
574
476
119
241
497
664
931
113
66
51
369
209
353
825
956
36
903
221
729
351
654
570
896
691
42
657
500
758
309
487
76
883
963
547
476
812
212
759
926
630
810
647
839
515
472
795
552
728
368
281
431
22
203
328
713
245
337
565
3
647
53
432
882
16
979
711
181
191
822
459
821
633
458
12
148
282
159
52
362
528
333
794
902
888
474
968
133
163
533
489
162
586
921
397
955
900
460
488
444
282
299
617
915
757
630
416
39
141
468
402
21
154
548
924
42
22
244
528
537
129
17
700
716
938
449
23
190
909
863
986
191
162
604
459
919
586
227
310
727
695
64
749
201
612
25
596
986
269
124
524
750
493
576
466
431
25
841
973
934
704
960
477
866
916
936
137
854
515
800
581
563
864
682
764
477
59
712
815
680
188
691
431
681
619
249
112
644
91
438
930
147
750
760
366
666
48
855
520
564
655
453
127
520
488
243
349
547
956
164
228
144
208
659
826
827
908
290
472
351
728
754
851
830
514
217
848
563
72
720
479
728
174
606
600
662
849
949
561
157
465
789
302
673
800
480
501
61
770
325
764
851
431
615
33
298
832
882
213
257
602
692
985
776
650
585
790
499
886
704
9
351
845
311
377
646
143
230
59
265
555
823
116
338
791
150
636
623
384
849
880
986
893
217
115
543
154
257
395
40
961
404
744
807
67
121
805
210
351
216
475
258
391
944
948
182
446
585
806
830
786
38
816
680
608
283
223
762
541
618
155
854
374
899
13
441
372
170
3
75
386
479
685
778
423
633
960
221
218
118
51
357
509
219
37
117
855
612
879
396
583
386
602
957
285
616
751
9
786
754
84
525
233
769
303
8
403
615
229
973
86
632
682
595
204
71
64
59
684
295
807
619
682
409
928
319
377
679
329
516
434
765
41
19
887
696
380
642
663
961
967
749
594
650
696
798
721
760
857
405
56
664
376
738
425
305
409
803
984
738
319
770
856
360
790
743
408
170
385
71
483
352
821
77
2
869
227
724
630
436
481
686
452
210
776
878
515
185
33
851
276
352
622
132
64
412
227
472
934
612
543
417
316
716
847
319
586
74
395
568
863
228
606
315
438
382
545
305
919
578
157
547
930
779
679
994
543
258
818
829
870
714
598
187
430
445
858
368
872
605
936
735
185
542
402
976
276
948
281
196
878
790
743
809
569
775
155
464
33
326
293
256
40
892
795
470
689
5
839
561
610
127
648
147
670
403
123
946
703
757
494
581
899
238
742
821
365
250
285
398
576
931
6
616
175
801
438
864
806
629
778
768
757
778
268
779
181
743
725
884
852
220
818
752
810
560
573
175
810
858
925
386
141
932
354
316
85
793
181
244
422
959
364
179
89
632
958
271
376
36
507
580
608
325
332
418
886
257
945
48
468
870
435
609
802
141
926
240
934
459
484
357
770
848
888
859
481
199
130
209
587
990
141
195
315
474
613
553
731
558
954
199
780
741
161
935
882
87
175
817
546
659
526
668
507
766
527
340
965
10
901
552
0
43
99
667
869
712
573
952
622
527
504
403
268
665
338
150
752
513
319
650
524
845
318
383
612
197
724
929
207
977
482
559
372
933
579
241
646
152
194
620
31
698
375
299
715
713
801
819
578
121
469
454
318
139
838
282
336
562
212
896
891
46
455
264
979
386
505
977
538
51
598
569
101
973
220
816
39
374
987
969
847
456
424
517
947
262
800
636
176
12
532
67
58
339
331
37
726
189
367
616
592
965
538
694
290
110
862
681
836
850
651
683
658
427
201
958
689
1
594
865
365
478
284
775
817
616
164
895
157
531
864
749
496
402
443
139
512
658
820
349
860
471
384
518
898
937
476
939
290
422
156
655
900
441
430
70
409
595
965
566
126
181
315
975
583
111
114
448
769
286
149
981
758
885
499
8
823
328
300
113
750
456
121
651
897
903
721
658
498
38
224
977
220
540
304
155
3
770
955
124
56
104
105
166
990
604
175
165
284
827
278
35
283
751
38
533
655
111
191
153
501
416
482
73
308
138
581
311
908
536
787
965
993
892
483
983
848
658
500
133
837
130
520
121
882
910
6
537
373
197
42
874
965
877
300
625
15
881
288
924
417
75
241
410
967
724
745
816
735
597
301
572
728
821
45
610
83
51
147
456
601
189
330
566
66
982
544
434
863
832
358
633
908
951
395
227
27
493
395
762
90
696
687
818
869
84
428
304
136
927
760
737
469
443
655
887
425
199
321
289
32
31
274
292
982
669
871
10
514
267
124
605
315
163
775
185
248
204
489
384
483
602
473
952
45
128
840
470
680
161
111
64
193
385
356
527
407
227
889
921
846
14
878
162
177
654
699
425
210
188
161
693
142
986
646
187
115
838
10
147
999
121
211
544
859
567
72
618
146
961
891
993
327
770
155
857
424
854
634
634
394
796
327
537
782
325
76
249
163
86
396
515
560
607
59
771
526
483
389
673
797
280
666
476
402
173
333
826
27
968
812
421
764
140
310
898
817
387
148
981
825
896
496
385
504
907
156
30
743
897
55
892
530
721
368
932
894
702
759
273
670
571
47
786
63
357
684
881
96
184
214
922
81
62
659
937
969
816
319
64
65
375
956
595
448
325
528
695
27
639
320
49
562
367
835
978
77
871
211
525
56
425
447
489
487
107
778
808
275
97
873
692
824
181
288
625
858
168
672
237
159
992
286
73
712
473
51
141
345
262
666
753
687
114
242
526
573
20
335
200
469
560
892
646
93
532
623
952
700
295
189
211
639
476
285
703
949
336
844
646
951
511
399
990
977
993
517
902
365
204
102
835
116
346
833
209
879
456
161
931
103
703
143
742
179
428
446
480
764
642
127
67
153
878
58
482
872
575
384
237
131
486
424
247
185
257
808
64
65
322
995
168
25
138
263
556
918
61
36
35
703
515
102
857
746
160
691
618
87
76
207
218
914
632
817
99
241
978
515
659
300
863
827
677
1
442
233
272
503
621
307
207
137
409
416
883
570
107
853
9
535
60
580
450
44
749
549
638
727
65
297
379
928
476
56
281
919
289
905
774
911
212
981
400
622
749
635
544
209
488
905
744
900
485
194
297
235
96
935
314
513
232
694
793
60
750
426
979
40
332
754
303
896
87
703
870
189
338
414
750
178
672
494
78
157
41
375
392
489
310
59
2
894
753
147
307
503
573
638
895
257
392
198
154
832
253
24
373
591
791
123
121
463
617
200
620
10
927
365
499
590
424
853
836
529
0
143
32
926
782
280
535
526
830
689
358
84
66
731
27
857
854
149
672
824
701
644
834
628
361
686
218
137
539
55
666
892
550
51
818
332
331
353
859
513
395
569
949
461
301
329
670
507
830
694
683
531
338
870
511
700
556
82
837
447
489
504
339
39
555
509
372
238
215
583
103
610
152
53
423
453
382
445
313
212
139
348
95
477
218
958
529
126
40
367
926
529
223
265
921
130
127
645
720
342
228
823
304
380
876
727
186
610
172
851
174
663
199
269
140
770
580
22
896
620
389
822
502
964
440
775
94
567
420
166
261
648
989
565
28
218
292
214
828
816
417
3
831
617
624
323
387
204
345
635
177
734
810
31
50
250
806
496
169
226
662
430
226
652
347
254
870
991
821
50
807
238
405
638
207
382
313
594
938
659
582
115
745
392
498
796
994
304
292
515
882
955
945
108
959
292
715
829
283
888
231
442
126
637
432
334
19
745
280
957
404
862
425
502
606
923
298
600
580
590
115
462
897
412
571
856
56
638
37
691
526
621
485
652
258
269
338
629
367
971
938
123
185
363
625
144
639
923
744
219
866
212
33
115
976
956
324
385
594
713
428
120
334
914
125
592
535
815
573
902
138
512
26
324
227
651
468
218
927
564
789
145
128
823
260
457
131
936
842
726
650
270
198
984
536
675
929
72
491
502
326
981
366
352
657
946
356
125
164
635
42
306
132
522
129
392
979
260
681
173
338
331
444
537
315
332
564
244
756
55
99
83
389
465
787
46
763
495
524
928
130
566
234
262
440
715
7
420
327
688
945
18
19
741
907
686
74
471
283
830
879
382
265
268
199
53
314
963
548
838
243
31
756
829
293
197
544
652
969
223
692
914
241
711
656
148
750
82
620
33
264
499
767
530
767
966
583
81
281
483
272
524
514
28
353
160
225
249
812
546
473
505
813
66
568
821
215
670
903
835
703
167
686
822
49
805
789
984
238
422
468
510
947
334
539
652
494
116
902
659
663
727
516
828
793
436
649
360
107
552
547
162
71
233
985
121
38
774
105
629
548
925
139
495
260
678
500
106
147
754
765
162
481
633
990
626
70
639
339
177
543
886
339
614
472
324
735
862
450
193
491
999
118
631
846
730
661
346
837
808
100
954
322
933
588
312
912
10
303
251
187
846
489
878
813
961
203
900
176
5
93
667
356
564
650
203
646
312
901
835
472
2
142
795
287
82
459
551
92
115
154
279
313
644
157
126
957
712
27
133
718
472
801
74
388
451
629
35
115
531
870
588
885
12
735
524
94
546
76
538
13
230
817
327
874
327
453
832
391
832
317
461
305
118
888
693
922
517
80
389
400
303
977
285
667
64
810
762
963
238
300
976
468
470
655
695
149
109
527
540
941
196
354
598
667
242
644
589
759
724
978
512
379
308
797
47
724
959
161
39
197
813
368
18
283
23
713
784
132
592
677
426
788
31
376
455
273
20
396
384
97
727
896
828
35
46
875
111
357
36
151
907
850
519
925
485
894
638
270
27
582
299
805
370
330
181
826
603
554
574
339
3
301
236
831
688
634
707
800
343
95
303
250
297
174
175
783
68
165
405
447
747
704
252
470
34
786
648
989
692
222
328
695
524
916
878
212
902
937
364
246
385
19
496
682
193
24
465
262
541
222
61
641
926
314
111
312
452
759
301
144
333
982
191
209
898
421
422
153
359
138
399
744
158
247
426
351
271
244
965
165
466
27
806
393
693
269
57
145
380
359
641
713
341
184
923
591
605
697
744
964
187
495
60
345
743
487
49
366
83
366
531
549
745
689
294
438
310
352
935
690
63
928
756
756
112
679
347
718
728
444
34
915
939
95
261
682
934
662
401
17
28
932
918
774
974
565
564
284
917
852
327
980
780
83
736
245
762
435
963
490
231
349
405
171
444
18
205
730
680
606
747
61
891
18
187
865
583
103
501
500
955
828
832
88
911
920
333
25
707
648
867
939
997
625
110
794
643
667
524
676
274
624
737
165
642
276
382
225
379
235
77
335
64
261
775
327
181
108
705
888
108
572
827
105
197
289
899
193
957
776
869
583
400
958
100
42
234
834
267
965
69
696
652
485
957
427
165
490
887
870
378
995
442
558
453
992
199
352
185
508
128
54
91
528
364
543
922
598
377
541
915
799
237
568
284
546
995
449
36
883
319
415
878
114
325
331
106
876
36
291
385
516
697
828
397
61
372
319
11
101
213
926
900
450
494
537
997
842
986
33
725
658
800
955
124
477
639
230
354
27
873
91
543
922
919
292
983
643
964
346
745
177
272
997
979
119
534
328
961
873
714
38
531
514
993
655
344
984
237
50
11
462
141
907
384
412
551
719
56
515
417
153
44
689
150
24
160
37
704
473
910
418
511
793
285
857
448
629
193
37
679
205
851
172
464
587
584
15
658
640
883
75
145
927
116
648
303
277
685
8
750
595
426
614
388
63
471
188
692
664
577
723
221
780
895
37
367
832
405
25
824
640
100
970
567
216
618
223
845
655
583
948
602
361
562
342
425
385
530
469
401
459
193
975
239
440
364
958
624
769
983
449
409
435
771
329
3
741
904
201
396
487
149
998
848
63
692
625
800
222
95
201
33
640
528
624
432
893
582
57
14
917
506
424
352
277
105
707
18
9
908
766
848
57
116
48
472
808
674
272
382
769
826
415
761
706
391
193
599
973
250
614
242
108
390
594
737
847
653
107
208
562
873
56
971
989
104
796
797
130
68
179
251
246
946
12
953
337
558
904
662
808
870
904
269
260
850
6
107
504
466
315
418
339
723
389
681
180
185
478
310
606
10
562
852
308
574
157
646
132
62
660
293
932
565
914
193
415
272
652
271
738
320
689
430
395
431
111
575
616
941
886
574
951
448
427
260
374
936
258
859
998
918
504
931
835
770
476
251
42
480
522
133
152
564
563
548
995
674
123
963
615
361
538
919
161
317
531
536
253
141
747
252
411
603
535
247
373
11
850
415
491
724
900
644
288
463
192
635
489
667
599
457
29
137
376
190
806
259
78
59
752
177
663
163
780
198
762
505
209
612
921
53
689
173
697
977
637
241
613
126
908
564
583
289
701
311
832
507
922
262
918
674
440
582
190
572
132
952
78
342
565
351
395
254
524
444
583
513
685
548
640
945
112
575
235
165
239
67
24
513
329
295
188
121
877
378
694
9
682
124
703
599
475
450
205
999
894
789
865
579
689
505
877
154
432
112
671
23
531
696
537
212
343
77
334
572
807
380
933
489
504
637
89
331
439
294
682
334
435
547
265
477
404
142
631
837
606
302
212
137
350
749
702
693
826
388
617
633
768
551
475
624
540
564
955
979
210
637
313
646
185
931
123
941
73
106
778
680
760
991
169
111
92
223
156
271
611
126
256
731
677
731
355
217
647
662
196
858
300
862
856
837
793
331
778
866
437
909
898
549
252
420
12
344
995
169
615
607
647
224
338
324
955
46
541
955
708
89
813
360
951
21
549
96
704
680
315
141
941
565
42
193
985
55
889
333
576
857
940
223
81
630
547
388
676
440
343
737
881
508
97
833
529
999
281
233
679
596
726
620
162
769
165
499
824
54
832
400
263
772
623
344
755
522
85
431
314
428
520
195
937
618
380
818
617
662
404
648
258
130
268
420
251
785
920
427
839
752
179
455
877
154
799
984
676
236
767
990
665
288
186
954
906
918
772
875
580
176
523
839
659
143
259
262
928
531
690
119
636
869
574
865
376
726
849
404
962
616
395
979
904
933
933
162
851
706
389
784
234
264
623
893
407
234
508
687
766
198
159
754
419
733
619
795
811
820
200
774
436
947
753
693
232
39
855
435
97
245
219
331
509
194
577
269
429
85
308
547
635
467
301
54
553
272
202
364
92
754
490
880
53
596
573
637
635
429
72
732
26
644
415
887
838
992
508
267
77
817
166
712
636
467
119
189
91
673
906
183
427
396
416
832
344
989
469
979
770
541
63
796
185
831
36
376
823
544
643
253
713
810
317
350
629
436
891
73
461
797
256
888
546
672
720
890
14
541
222
784
83
637
581
620
468
617
996
644
513
992
897
227
154
566
577
135
355
820
208
816
970
817
57
516
841
777
758
855
671
332
640
754
322
573
726
142
542
75
786
55
419
35
282
925
602
211
60
957
384
621
773
354
438
830
222
279
960
980
487
983
665
479
737
339
52
815
481
946
242
268
1
13
655
636
938
257
199
351
566
583
972
692
937
762
874
159
393
834
492
880
169
509
359
258
848
763
74
329
709
668
949
63
682
605
51
972
214
250
323
781
834
295
473
123
57
347
635
451
534
479
683
703
988
395
962
188
158
388
869
220
408
819
635
90
776
38
63
342
288
386
475
474
34
300
950
443
0
585
246
886
64
930
941
404
325
255
592
835
643
461
407
52
632
394
494
760
432
909
103
73
296
930
547
682
231
849
125
231
434
724
117
850
654
58
254
331
314
846
518
309
660
278
713
292
24
208
53
457
117
508
530
765
438
429
799
21
279
277
252
65
1
369
916
7
780
170
690
446
369
208
755
29
838
469
673
863
29
78
672
498
938
554
616
377
983
415
398
614
692
3
680
45
724
948
52
504
470
742
950
839
303
58
220
493
879
894
356
260
324
28
758
263
934
726
992
918
142
742
884
186
745
916
584
470
216
636
326
687
731
629
878
386
39
99
879
918
345
588
178
669
968
288
284
903
367
276
173
861
19
57
47
116
326
631
938
542
620
265
229
703
246
460
89
285
559
320
555
256
908
85
277
229
725
562
132
92
838
657
953
209
66
353
326
392
336
264
287
956
881
868
659
127
328
100
764
887
421
671
495
681
756
773
262
834
687
746
278
525
403
232
87
470
937
413
214
273
677
501
230
911
370
241
390
698
694
155
938
467
178
785
148
287
558
411
121
245
509
399
123
913
983
210
735
920
975
949
194
4
803
776
915
525
369
306
575
63
813
865
530
343
651
31
630
561
794
103
159
303
503
634
568
486
196
303
759
171
605
953
527
408
81
443
285
450
101
860
866
266
726
748
609
377
131
592
938
277
695
97
933
198
731
501
37
279
805
148
450
762
101
978
170
534
773
455
984
226
667
202
492
393
951
453
122
434
397
61
712
93
510
645
643
594
146
32
873
303
180
676
65
633
6
587
167
779
394
504
5
62
706
849
455
9
654
930
796
52
343
508
497
205
505
140
799
651
173
25
307
705
53
724
339
59
312
506
838
58
362
195
120
421
396
928
782
50
858
578
454
201
86
951
406
591
92
558
595
617
935
254
322
340
978
13
399
642
872
589
701
234
784
173
655
532
453
438
582
663
368
37
216
455
988
975
398
432
885
345
401
172
599
76
512
930
89
263
572
961
852
625
548
988
151
555
520
956
345
454
620
714
491
188
521
832
163
919
616
400
617
18
572
216
94
436
146
535
699
71
849
551
696
397
891
847
304
411
156
2
866
776
716
709
964
237
541
480
508
510
880
125
528
805
694
974
241
840
861
941
911
710
844
960
459
736
159
116
499
315
118
365
91
834
75
408
423
968
240
283
830
472
761
358
277
455
684
871
647
546
164
559
608
8
519
420
96
30
536
596
346
654
961
789
488
388
197
263
709
789
546
539
262
659
250
891
114
934
762
762
832
926
673
793
287
544
213
383
574
749
979
920
403
941
62
243
681
259
506
390
401
404
930
663
64
532
554
530
818
317
644
651
595
317
796
882
213
9
266
788
758
245
60
513
538
122
756
220
734
614
962
135
370
892
150
786
776
704
317
595
373
961
246
969
631
394
203
844
403
469
984
513
715
45
26
605
519
134
825
605
100
788
92
822
32
242
609
809
299
278
404
672
591
2
993
222
396
197
419
151
18
403
664
733
800
42
691
672
528
516
629
980
656
722
802
41
316
763
202
615
393
606
640
985
960
985
559
708
182
330
859
201
86
875
286
886
269
977
910
149
846
540
129
854
614
283
895
930
399
97
898
792
55
890
129
367
875
41
427
410
371
286
963
457
513
601
696
134
931
606
283
777
498
764
983
112
400
879
395
799
328
293
943
736
183
73
103
410
466
531
820
837
169
783
647
35
385
343
521
316
301
805
445
800
921
428
264
321
659
11
472
340
304
416
76
839
841
531
250
307
414
422
496
936
206
143
323
943
838
844
611
140
649
56
292
923
836
908
244
496
920
717
836
576
485
912
416
678
795
18
337
210
440
833
146
998
977
469
941
167
665
552
307
315
960
951
590
797
860
834
293
780
903
129
356
740
393
124
418
188
142
755
750
935
941
248
933
270
69
227
437
735
131
745
402
92
696
992
889
908
178
182
40
82
663
397
174
408
873
945
948
16
700
699
303
993
947
588
263
17
815
701
752
947
798
506
39
846
498
928
755
676
462
795
110
477
544
285
885
418
582
833
786
282
532
89
628
832
29
891
849
845
592
953
792
390
811
183
589
309
463
344
337
925
491
448
402
36
85
639
806
667
472
592
301
357
33
929
189
62
173
390
259
765
695
403
508
506
586
97
167
401
793
504
678
636
304
80
672
389
71
830
408
544
774
62
253
159
991
442
574
164
184
833
282
879
237
142
737
175
591
904
929
736
760
607
372
65
40
397
454
111
227
215
7
2
277
260
513
620
54
87
137
238
273
419
469
510
913
558
37
504
462
966
240
223
574
612
640
614
361
446
77
589
661
85
943
938
345
456
911
400
896
48
990
169
819
812
31
732
370
420
588
185
387
180
760
313
144
400
279
506
846
356
95
508
793
390
798
491
198
709
891
94
109
233
615
928
45
646
12
416
67
952
953
806
132
713
471
277
113
102
783
959
810
230
819
604
972
970
95
170
31
338
617
141
571
232
421
969
231
786
737
298
738
690
456
223
403
279
852
868
381
635
827
191
217
999
795
541
969
242
63
352
580
680
493
504
265
267
825
496
53
562
146
143
252
954
366
7
233
218
875
614
205
54
805
774
53
953
315
374
195
379
727
128
411
572
984
676
839
809
524
244
371
22
740
975
976
458
982
561
29
209
175
586
263
333
361
669
638
28
395
833
759
474
313
171
47
297
199
238
458
76
835
829
98
575
156
427
385
138
988
414
699
516
1
963
849
714
984
487
94
379
672
854
854
338
377
253
987
928
491
446
4
678
275
455
253
784
234
991
274
574
405
974
90
758
289
291
824
273
130
919
652
155
125
858
493
502
111
832
430
955
278
787
633
906
594
239
690
828
230
964
402
987
290
845
98
579
488
922
852
619
841
857
126
966
67
971
820
531
803
603
486
82
742
471
988
336
62
30
164
644
346
918
984
637
115
82
216
604
4
421
575
198
278
701
516
697
672
337
228
475
292
66
909
34
538
249
370
952
279
886
949
626
156
933
263
272
15
479
876
19
252
803
569
530
504
86
228
528
423
808
355
67
875
265
101
765
514
823
717
794
709
18
772
865
951
35
137
966
866
365
338
119
168
907
1
24
993
581
552
768
390
260
187
265
525
288
382
391
111
99
537
172
118
309
38
421
696
527
740
915
245
430
386
413
337
387
790
683
321
694
803
63
954
991
680
479
631
62
223
743
161
760
915
631
70
305
405
766
833
145
33
78
575
419
843
264
159
985
299
480
680
455
543
986
798
223
818
429
285
41
524
798
801
792
782
871
449
539
990
282
684
23
712
611
443
908
227
954
245
879
434
925
334
329
264
132
904
82
913
541
123
790
691
924
582
825
148
31
364
490
666
48
513
730
11
308
990
239
262
236
118
48
513
804
729
777
288
985
859
553
526
334
343
218
259
925
43
759
309
760
249
327
808
114
57
172
423
48
763
37
636
233
438
149
37
519
279
677
505
490
230
31
825
574
601
436
851
997
195
512
757
444
839
917
910
249
441
685
649
204
75
285
437
513
786
474
32
65
503
889
556
86
273
381
12
874
817
863
223
364
728
332
160
919
602
70
168
43
756
817
248
831
102
685
696
889
512
80
306
367
970
862
453
243
595
465
469
764
681
45
128
409
377
288
328
979
711
849
375
467
666
623
650
121
660
346
362
172
778
668
892
748
883
345
343
478
811
813
243
492
858
723
901
587
364
581
919
75
430
294
894
97
269
896
570
929
242
932
454
20
952
346
121
835
691
464
666
854
629
261
346
839
984
247
779
700
181
698
775
611
344
21
60
613
917
982
894
511
914
700
884
219
398
5
54
90
821
72
944
451
333
643
642
670
242
421
722
423
119
498
387
815
871
447
780
789
782
675
652
48
727
536
267
126
893
674
568
715
746
864
518
432
507
512
454
750
934
176
173
405
26
560
221
898
360
1
39
494
28
691
542
756
228
810
882
121
484
450
188
582
666
58
14
174
571
820
924
505
997
449
262
375
362
483
273
74
837
312
568
217
356
110
325
936
920
207
57
756
9
598
339
676
8
705
202
579
878
126
436
875
927
699
250
289
534
876
363
371
540
931
941
896
394
266
832
666
826
242
423
835
192
114
863
200
171
65
780
49
543
216
276
471
267
879
760
802
755
476
173
647
759
466
896
153
733
728
820
559
322
595
746
514
61
610
67
232
27
199
634
923
415
910
394
35
141
506
837
248
334
362
896
94
829
792
247
562
872
419
121
547
366
867
413
427
829
480
12
209
679
998
132
447
260
878
482
402
736
319
650
71
33
898
165
862
42
764
424
267
536
897
814
902
117
227
682
946
60
46
507
739
44
639
538
304
869
20
58
606
691
61
677
725
959
842
939
354
958
716
621
494
613
435
749
730
14
783
29
74
829
536
166
225
528
704
881
397
77
940
3
120
353
680
197
664
874
137
18
833
853
639
679
466
426
428
549
441
211
578
515
392
114
681
617
642
738
851
392
815
143
395
935
496
428
485
160
654
622
179
839
827
170
519
293
597
299
194
38
511
772
905
903
239
939
873
233
29
724
625
844
867
373
131
715
801
616
875
807
590
406
647
417
577
518
63
526
817
257
564
680
382
821
936
973
112
809
206
141
885
184
337
104
557
469
171
710
437
46
517
380
805
516
797
382
34
860
908
852
470
824
884
852
997
820
825
110
981
383
603
866
567
941
322
476
762
493
186
551
892
56
931
697
572
729
79
959
941
339
163
763
515
47
967
512
868
144
974
849
528
930
68
447
871
390
924
985
236
462
536
128
518
820
825
91
901
256
402
194
947
565
958
462
612
925
974
832
422
301
682
950
231
102
749
454
844
673
439
80
136
327
208
6
499
385
97
400
993
499
595
940
416
905
402
29
182
729
861
604
30
895
906
613
997
656
67
194
681
858
274
169
537
835
176
37
220
625
437
214
477
384
154
893
289
909
274
472
638
488
428
668
383
335
633
733
343
700
927
24
558
553
546
95
388
722
484
961
347
922
527
824
658
33
70
300
942
344
124
580
832
552
600
568
239
233
301
582
285
580
959
195
133
505
643
874
227
127
835
926
401
362
751
60
747
173
360
690
517
484
622
350
388
575
918
628
808
571
210
446
151
521
641
636
26
284
510
605
412
697
532
813
411
635
225
159
808
585
201
325
421
823
27
810
398
945
438
559
868
0
5
371
522
998
8
548
283
870
506
695
568
38
860
331
673
86
490
833
671
691
158
445
867
538
255
265
483
693
176
704
693
533
75
567
532
83
468
815
306
974
862
874
12
722
557
37
160
48
870
184
91
380
629
958
918
884
576
754
929
104
810
974
638
885
542
170
321
10
337
627
984
551
853
348
625
410
737
786
810
959
322
902
339
951
860
610
187
788
716
116
893
526
90
531
411
632
53
84
994
742
711
330
645
916
678
270
327
767
408
137
726
730
391
418
681
604
28
220
392
96
336
285
974
779
168
737
763
573
822
758
667
885
88
312
802
119
583
481
886
991
970
613
74
362
383
107
966
763
328
710
859
664
348
833
795
516
570
559
442
744
317
109
630
757
422
432
228
5
265
115
348
235
80
422
949
463
530
267
578
210
978
437
874
326
622
670
194
544
581
636
289
898
746
271
7
520
55
236
877
320
703
225
907
783
0
857
598
882
124
176
92
454
965
966
780
939
988
327
835
569
963
476
819
61
747
827
933
802
415
810
474
118
36
382
253
36
591
851
918
715
379
362
170
696
328
302
987
669
629
822
590
945
299
762
358
46
589
292
201
356
102
27
474
138
409
727
526
0
930
796
68
661
158
590
357
839
892
344
860
522
518
450
467
817
564
825
216
153
117
769
509
572
796
335
62
558
62
589
910
344
737
978
5
248
920
714
439
813
410
299
335
929
101
154
98
666
331
314
171
801
83
33
373
232
720
435
790
135
376
52
479
466
383
837
714
303
551
505
116
962
156
803
243
257
309
341
275
641
656
799
794
91
184
167
323
904
954
465
39
331
518
871
797
253
708
863
556
259
368
673
573
524
828
816
133
138
510
761
131
518
912
925
609
96
92
285
0
46
102
392
729
972
263
878
225
971
741
782
582
461
807
156
985
635
324
471
773
186
232
904
704
144
829
666
592
273
303
944
672
405
336
401
378
951
280
603
274
373
385
857
835
544
365
172
180
41
995
953
228
227
210
284
723
391
950
667
665
253
612
689
11
300
90
389
604
722
344
878
448
82
87
283
626
452
807
806
846
803
112
74
382
674
358
458
65
661
125
82
266
737
771
277
390
214
666
994
936
363
224
736
445
312
19
71
764
179
878
962
982
342
36
364
16
747
174
81
408
300
516
26
389
287
304
779
501
322
125
790
685
350
526
130
662
898
554
778
77
784
741
411
126
129
127
142
876
302
575
636
602
91
663
991
379
319
123
232
641
600
374
679
950
253
809
964
151
715
95
580
499
836
991
625
317
118
119
546
772
695
534
374
138
197
718
869
516
193
102
510
793
828
189
96
81
350
60
232
66
155
164
565
343
507
543
13
978
662
559
750
709
93
125
848
643
195
69
511
740
523
21
533
352
210
629
433
913
42
18
979
549
182
896
245
690
439
258
668
454
169
418
515
262
895
715
257
442
785
769
182
308
790
68
660
353
697
446
618
91
464
597
993
998
493
238
688
285
848
708
91
17
479
606
631
726
322
889
169
107
10
703
767
800
771
428
505
821
226
123
912
690
72
257
688
918
495
729
555
695
789
646
712
268
252
696
347
926
585
868
385
595
571
153
747
343
933
605
516
159
80
780
201
153
38
889
423
533
970
978
229
760
976
293
380
228
989
727
507
926
947
892
873
519
45
621
214
330
578
730
489
658
510
690
163
548
932
938
434
902
916
15
14
892
660
395
473
650
474
980
928
422
224
802
293
622
775
507
952
353
589
442
363
451
484
879
0
416
817
786
671
86
153
685
978
813
80
803
815
907
135
96
329
360
898
622
982
673
481
286
378
422
728
93
873
565
972
225
333
142
11
4
228
516
690
558
682
122
714
497
29
849
593
710
561
843
684
895
868
165
182
598
587
262
692
461
827
16
38
161
158
50
517
738
918
207
297
600
330
363
450
711
212
43
422
126
239
106
21
107
624
555
58
563
818
102
376
997
118
415
510
629
817
28
719
735
587
16
336
269
731
786
981
944
181
755
70
772
861
443
232
837
999
290
401
817
392
777
166
862
544
677
491
361
57
211
97
644
579
785
914
311
923
895
607
456
2
29
229
215
472
461
53
823
103
806
992
495
935
159
357
480
836
201
841
893
764
290
889
695
427
803
358
350
50
965
807
52
346
36
268
171
849
673
994
952
479
987
447
414
146
156
894
334
709
88
579
473
730
468
521
158
272
879
508
674
197
667
727
543
55
347
714
904
20
61
856
499
48
655
265
194
164
512
880
873
600
459
699
682
279
572
840
903
451
701
578
0
368
657
544
424
4
610
328
24
671
537
875
719
544
492
265
708
4
497
934
956
956
985
639
588
557
831
491
360
532
421
361
901
78
257
325
82
867
5
458
891
894
685
610
439
178
228
499
534
725
433
491
34
770
482
974
327
313
465
40
846
887
401
99
317
658
776
752
877
781
562
768
28
248
379
467
778
959
966
664
36
752
507
422
522
989
396
202
655
862
242
853
101
995
952
418
653
728
522
530
861
85
651
889
685
30
708
815
341
675
479
377
427
987
800
301
328
196
855
983
410
449
836
511
444
140
282
449
868
804
332
82
241
983
971
926
365
680
741
706
707
221
435
486
560
587
787
888
136
995
872
546
444
60
410
889
201
44
338
421
200
670
503
442
5
827
368
370
507
462
76
214
683
864
52
243
451
839
483
939
834
707
486
279
768
248
520
321
292
210
742
844
881
598
286
886
425
7
609
284
469
37
850
504
901
902
99
705
93
582
644
280
290
482
911
410
730
431
83
374
641
177
219
874
775
857
113
552
864
722
836
685
759
686
189
661
588
288
718
682
223
362
314
513
845
225
275
927
656
358
302
297
887
873
172
15
730
637
567
947
359
404
984
118
442
174
131
383
814
849
65
37
212
379
902
409
604
529
336
612
239
990
261
127
863
785
142
946
422
709
245
781
465
229
252
908
755
383
291
922
585
708
959
149
439
214
558
395
743
246
7
983
237
620
462
452
406
604
398
828
665
643
610
483
225
214
391
332
949
34
254
534
94
566
35
533
132
593
280
875
192
639
210
429
259
24
881
665
980
632
494
646
627
456
129
204
670
872
537
971
906
143
506
0
709
541
885
841
487
165
69
679
804
631
460
415
656
693
81
636
677
575
634
305
383
115
509
405
987
398
376
245
542
234
597
251
776
834
445
615
999
514
646
155
497
458
571
153
151
4
142
829
579
776
486
314
244
347
719
231
746
447
829
640
682
778
243
458
613
688
425
964
554
71
120
52
529
43
557
32
47
699
213
978
828
699
644
72
399
363
303
497
162
484
137
844
263
380
654
876
69
79
840
623
502
312
27
31
707
585
416
754
284
629
84
112
681
728
536
80
443
840
577
606
676
714
802
939
446
457
167
515
536
360
491
39
672
518
422
380
455
838
486
740
820
923
204
501
651
741
581
447
933
510
405
961
576
207
901
22
664
420
890
553
780
733
944
805
603
366
185
59
557
23
151
377
946
707
230
950
448
163
397
733
673
802
695
601
9
948
623
26
720
513
579
501
598
523
306
202
241
843
261
798
218
412
527
165
119
757
467
920
920
216
5
593
18
52
546
379
352
170
757
73
35
336
926
634
211
584
836
453
427
449
251
997
861
131
162
332
888
981
604
809
197
610
754
567
14
301
947
367
823
56
792
210
393
718
844
604
302
32
57
81
481
661
78
694
792
593
379
32
574
983
193
772
945
948
339
312
601
638
679
776
695
471
986
440
541
183
396
843
215
806
276
49
819
354
95
963
947
474
995
874
810
189
998
107
489
689
419
90
680
98
218
727
921
204
167
462
387
915
657
955
721
933
356
540
640
451
503
939
278
499
813
440
40
163
547
529
853
967
971
533
417
189
260
691
393
779
505
133
694
163
440
768
448
148
308
88
951
164
28
229
15
841
21
55
5
569
584
210
888
907
743
305
96
355
996
841
486
854
326
180
17
118
300
465
266
609
554
218
125
934
799
140
127
821
195
132
390
131
694
278
390
789
935
838
144
284
31
982
138
358
163
507
476
815
324
95
424
230
313
901
164
112
41
292
933
588
776
675
71
471
305
461
260
593
299
757
229
331
739
367
41
254
226
869
70
550
964
846
781
277
748
945
742
141
589
27
730
366
55
801
189
360
263
801
305
914
558
534
597
650
253
638
904
479
508
326
30
472
525
163
102
273
460
196
414
50
223
496
768
278
298
309
991
913
110
648
179
21
183
777
671
436
415
927
268
923
254
650
748
131
813
850
404
625
46
170
675
621
19
795
252
317
104
595
582
215
243
113
236
426
890
259
215
306
186
483
581
792
485
681
923
298
883
679
923
281
202
951
903
221
746
155
890
203
102
472
418
345
585
6
772
828
265
339
486
803
174
67
596
659
101
871
309
984
551
584
266
105
887
521
326
986
28
216
189
130
40
959
475
977
965
599
805
582
938
291
385
464
711
333
475
164
205
784
148
108
721
766
565
608
287
891
946
315
459
135
445
851
446
273
828
411
872
986
345
163
629
83
627
692
416
103
856
973
239
357
433
960
123
998
921
411
241
867
726
700
3
524
551
449
797
732
213
669
70
910
184
699
993
812
744
762
915
600
735
154
309
169
467
433
519
388
844
761
255
922
461
610
798
365
412
595
449
625
617
519
887
801
570
881
965
314
643
232
267
730
739
576
251
206
9
771
594
205
532
201
480
345
812
278
710
576
226
511
201
195
30
440
348
601
321
314
915
316
546
534
47
285
111
650
843
472
421
437
678
305
991
510
651
155
788
713
731
366
225
284
561
255
724
262
208
398
576
476
714
474
10
113
112
473
764
955
946
537
745
976
843
736
486
494
243
626
559
974
993
136
258
906
392
334
520
952
732
96
428
799
923
439
264
35
264
380
342
210
918
87
538
761
175
24
607
418
3
518
744
348
655
354
606
399
689
127
351
773
575
780
924
498
571
189
885
835
569
580
398
839
667
936
600
195
313
559
965
668
78
710
16
85
416
622
484
457
101
835
583
677
967
507
527
890
48
765
78
970
345
476
809
364
764
762
911
77
321
877
745
751
939
113
836
355
88
320
813
189
508
396
218
827
255
746
718
304
863
796
274
208
272
435
924
36
197
836
466
871
713
563
974
652
677
163
359
117
835
524
306
343
272
525
171
528
623
241
184
486
37
810
46
661
245
970
49
795
806
515
18
871
431
992
523
460
155
235
577
343
759
235
686
384
760
209
912
735
450
448
573
487
610
619
148
207
590
550
2
396
65
372
268
848
365
143
308
872
730
237
215
842
473
254
226
585
463
490
321
266
938
894
105
548
866
606
755
456
156
110
204
573
482
824
422
199
320
82
72
50
320
639
892
793
245
118
730
61
960
51
327
898
298
432
798
516
38
554
972
546
16
528
120
498
705
542
698
25
976
122
427
296
113
672
441
359
142
172
420
103
575
99
1
225
531
152
741
922
58
65
468
74
594
588
572
299
482
622
676
811
96
103
107
562
127
901
921
270
425
693
373
352
144
726
578
27
230
671
949
288
737
770
362
683
710
287
334
545
261
10
356
358
465
815
920
593
716
193
215
141
238
940
494
382
18
424
409
249
95
711
537
184
833
900
219
543
539
553
88
800
915
796
510
381
612
782
326
680
975
541
174
565
833
20
299
851
444
709
100
891
772
638
428
605
890
647
500
429
201
589
229
116
737
92
849
349
874
175
382
202
68
556
767
901
576
419
105
372
128
205
263
252
195
691
857
437
691
357
866
892
298
448
360
388
540
210
737
766
737
119
968
806
27
88
59
603
507
164
975
987
722
591
239
269
282
448
707
325
157
925
217
808
725
578
196
617
140
285
384
877
757
352
683
784
440
95
388
299
611
715
286
685
306
525
955
941
325
14
266
483
291
484
291
17
414
839
634
554
124
370
431
881
75
467
666
515
914
54
167
877
769
453
563
428
979
870
369
656
884
635
139
527
471
782
544
885
621
531
791
746
901
575
627
976
394
645
844
308
51
11
185
173
816
100
601
795
970
970
452
206
605
943
734
77
726
278
314
699
161
458
797
415
33
425
391
779
422
587
87
474
950
624
647
767
77
248
914
47
218
718
254
175
14
340
604
740
970
271
791
132
729
589
547
114
366
290
893
788
230
332
262
532
308
261
299
385
509
566
433
79
284
39
607
298
379
211
390
701
482
182
185
563
123
732
677
489
375
570
629
957
254
244
489
563
505
789
948
367
355
733
798
991
772
405
290
503
617
32
557
451
566
742
15
689
475
44
530
202
967
512
159
221
756
648
784
613
789
85
332
496
818
131
488
943
536
130
446
505
162
3
957
729
746
324
770
573
368
301
127
335
813
638
909
921
286
45
534
428
130
219
924
949
350
764
892
238
894
690
744
57
46
53
138
144
377
908
717
97
561
196
785
374
834
694
647
472
739
534
900
222
753
177
171
103
941
415
341
188
105
437
245
503
490
735
647
219
643
716
669
557
912
806
283
98
852
931
571
591
465
823
165
570
0
336
673
294
103
366
482
561
156
79
64
998
814
712
570
809
780
239
366
45
45
650
143
897
933
714
840
398
890
6
968
242
694
993
888
150
711
370
711
867
801
127
218
615
191
788
777
972
27
143
17
424
145
160
673
78
227
865
828
469
223
148
711
918
141
600
420
205
322
483
424
124
610
642
91
802
430
868
126
809
364
495
233
861
7
258
292
234
124
120
55
347
269
767
617
762
719
37
967
393
520
392
517
483
386
961
637
817
181
763
978
897
258
564
759
265
822
51
852
946
523
259
646
792
378
263
907
97
653
874
843
525
618
712
8
5
673
997
174
207
112
152
104
722
716
863
340
539
266
544
837
142
803
483
934
182
99
193
631
752
420
474
629
38
187
990
395
212
987
921
419
100
74
524
822
142
739
514
33
358
58
223
500
862
706
786
44
157
980
675
909
400
502
891
790
41
881
538
253
868
459
673
320
885
549
495
28
640
9
413
998
68
636
850
930
343
637
326
852
969
353
114
369
855
5
511
896
886
49
502
106
509
527
427
394
76
922
422
716
283
836
67
351
824
917
633
167
906
959
372
875
665
486
244
520
491
756
769
377
805
271
835
666
798
262
61
226
536
835
294
820
23
361
523
848
631
157
367
537
468
739
413
133
225
9
6
68
765
775
797
923
398
633
589
548
247
2
774
784
838
68
956
213
782
479
413
413
636
781
950
457
872
363
590
450
373
596
518
490
723
316
765
121
949
707
669
196
709
795
332
899
864
288
465
998
768
878
411
756
659
361
213
884
77
156
334
802
104
852
644
828
520
410
301
821
469
971
370
530
766
702
430
982
343
247
980
463
125
743
219
137
457
785
21
534
293
355
688
397
559
332
225
80
94
527
901
563
850
271
94
968
326
876
303
669
475
283
132
600
379
703
737
836
488
110
370
781
465
410
179
25
742
756
457
189
635
358
752
485
982
198
454
308
426
757
977
901
392
109
854
771
812
943
607
653
54
329
786
871
739
317
248
834
74
705
23
61
64
127
547
398
326
353
706
104
462
683
6
854
144
860
978
308
803
937
313
209
267
100
81
358
769
329
544
843
387
567
257
803
695
804
201
373
157
907
477
619
942
835
825
86
47
155
746
203
93
60
412
712
160
845
422
281
175
967
125
914
534
734
717
581
538
918
954
47
177
784
18
119
971
843
557
19
351
303
222
444
363
986
508
875
832
930
157
359
249
634
273
784
368
990
717
906
260
24
305
789
808
323
908
131
518
465
150
869
768
724
665
484
711
525
359
895
456
516
254
57
502
527
841
870
869
911
128
481
935
433
270
95
108
530
226
627
995
729
848
115
453
514
599
516
391
311
411
847
179
17
257
682
896
98
904
117
361
33
598
296
818
220
391
927
750
618
906
97
699
754
565
152
620
164
21
12
475
784
211
655
802
468
689
698
919
593
168
280
626
766
577
797
339
320
724
441
290
630
891
989
736
456
142
357
620
515
369
448
299
580
455
453
401
144
504
320
737
672
600
716
790
529
513
129
850
237
923
140
219
814
130
955
270
624
312
890
491
33
690
790
966
145
596
367
641
100
39
379
772
991
95
562
521
960
44
371
549
967
863
768
781
345
75
51
321
740
293
812
773
336
955
91
481
551
810
123
3
849
854
775
841
301
337
362
261
733
85
810
700
300
930
481
998
5
884
319
745
530
484
871
866
439
962
699
342
773
822
345
974
28
472
815
681
161
529
294
895
614
456
595
267
386
429
265
744
313
584
841
195
420
712
61
859
27
761
553
152
935
250
126
316
722
942
997
884
823
292
779
790
748
726
57
487
155
322
231
821
258
72
16
679
137
430
890
516
191
796
668
126
46
146
442
769
440
792
5
264
84
784
54
184
862
111
671
370
785
902
191
43
327
559
74
464
989
965
980
532
761
0
11
159
146
805
928
587
597
285
203
33
421
257
218
284
720
889
654
505
792
197
900
119
756
975
935
98
292
267
982
405
267
993
564
765
799
845
704
396
130
907
782
552
164
0
188
884
889
842
389
681
39
642
152
147
617
439
597
261
706
580
666
325
573
582
91
724
427
795
473
910
703
255
462
219
255
650
104
144
844
845
178
235
487
682
382
456
122
332
69
828
264
735
154
189
318
597
914
97
392
739
7
447
994
821
667
601
471
123
97
667
320
275
902
160
958
637
616
432
969
686
612
233
773
766
774
443
363
688
541
108
427
900
555
773
722
574
726
545
697
824
213
18
99
115
178
409
104
146
193
73
184
806
658
310
572
433
753
288
473
646
748
253
899
655
378
621
230
105
518
279
929
731
649
380
199
179
142
303
678
335
729
214
141
739
524
66
172
630
706
998
276
454
251
527
461
981
148
43
86
667
323
15
750
324
396
949
856
890
605
534
225
334
748
719
73
625
785
598
255
843
596
883
297
199
411
110
180
911
154
619
578
829
634
681
505
382
630
361
624
587
247
850
921
348
569
347
973
706
945
580
549
893
463
198
444
874
308
976
138
814
947
716
643
582
749
149
316
380
862
293
319
110
143
241
810
64
940
783
770
237
363
319
482
178
517
278
405
177
254
543
992
202
611
635
136
361
136
804
93
351
97
412
813
592
5
623
656
297
758
778
534
473
97
16
651
966
294
56
144
901
951
488
455
563
475
943
276
964
99
369
315
549
133
128
141
139
103
150
436
861
928
323
334
378
691
337
344
338
746
840
239
697
328
46
612
804
341
888
768
440
609
435
989
743
915
131
234
18
633
22
231
561
345
565
291
389
254
636
727
0
828
318
698
509
364
662
665
705
903
785
497
512
220
487
255
135
970
841
505
603
864
736
516
561
653
808
950
907
796
677
908
976
347
958
485
63
972
150
120
875
287
618
388
507
105
995
994
427
837
499
30
53
587
898
966
240
706
917
500
502
946
408
831
646
718
316
709
690
819
830
566
106
448
306
966
553
301
960
332
490
812
362
895
399
260
862
640
319
131
140
173
429
900
4
75
970
673
785
660
492
615
578
598
63
884
564
968
538
877
300
380
689
14
276
88
626
138
80
297
621
572
471
50
824
475
126
794
148
263
807
992
878
385
943
293
622
859
613
160
736
265
540
425
631
168
866
609
658
298
907
279
223
378
682
47
205
160
194
706
423
1
698
653
738
641
298
360
501
263
872
589
528
765
367
511
933
233
120
592
883
27
223
106
405
905
154
611
65
700
317
840
701
367
493
439
361
791
152
214
54
24
803
934
789
170
445
75
755
566
19
639
945
242
97
351
500
251
314
917
303
983
758
4
702
603
796
63
747
948
277
153
324
81
88
466
603
885
893
359
803
912
350
749
506
447
452
6
51
118
924
354
101
34
711
803
637
507
867
384
807
496
538
483
577
978
949
533
215
842
892
19
106
594
120
613
41
572
971
92
690
895
799
143
281
510
946
919
369
165
303
176
662
193
659
591
171
961
124
387
155
368
758
262
962
878
227
356
802
198
800
844
446
599
987
727
461
285
646
830
803
302
358
817
847
370
760
371
331
885
758
838
605
868
452
920
98
679
276
900
878
76
96
676
28
83
403
489
720
402
672
523
56
30
692
903
400
453
274
83
690
384
274
295
252
726
215
702
406
843
954
636
272
50
312
300
485
67
141
206
469
813
81
525
844
126
429
596
579
55
32
269
440
306
916
44
32
484
747
790
327
701
426
599
752
90
251
237
158
745
795
627
558
229
505
754
355
934
351
286
989
735
555
781
41
471
826
73
307
573
864
635
626
642
586
378
733
190
968
891
935
115
518
493
696
23
600
51
309
303
689
651
38
596
432
79
420
610
152
727
535
368
362
162
11
301
540
744
491
860
635
426
328
505
271
24
881
871
428
542
526
117
193
564
714
978
643
134
940
148
861
476
516
576
638
879
877
530
623
720
391
610
498
719
468
121
743
349
345
523
891
871
641
437
436
355
767
79
841
707
579
54
183
96
630
821
975
859
704
951
579
95
561
429
166
29
551
261
730
896
785
974
119
426
411
555
133
530
987
326
237
566
380
773
14
363
946
990
222
650
293
154
97
206
583
263
236
486
525
318
734
662
292
854
440
55
761
925
585
748
251
175
667
631
300
681
994
246
23
569
249
668
723
346
875
658
962
111
497
839
781
231
501
74
437
941
481
551
866
67
651
117
594
318
100
894
352
447
492
727
368
741
396
443
440
271
101
402
734
950
241
515
534
742
941
971
35
423
874
901
842
526
370
436
844
470
330
548
269
174
276
637
916
672
80
356
295
534
110
29
484
351
544
18
93
838
342
128
261
216
381
103
94
751
539
939
573
221
839
195
747
115
832
15
139
265
723
434
151
833
463
635
184
360
6
629
550
700
109
811
268
490
914
363
593
805
654
519
378
493
714
125
961
898
141
100
515
864
887
666
50
702
654
234
414
12
216
964
712
325
775
332
168
41
47
113
198
701
632
928
547
698
406
508
949
547
960
464
763
199
483
165
902
137
400
316
149
968
281
213
645
408
545
165
802
945
279
0
646
263
929
193
314
335
53
263
234
366
79
349
565
562
515
819
51
267
136
200
587
769
765
232
529
663
398
331
608
677
684
254
292
613
800
606
300
205
221
886
923
653
587
841
567
102
660
619
721
148
171
308
269
937
541
799
600
291
482
560
320
166
166
612
131
318
571
783
876
144
669
799
797
257
640
365
711
653
336
785
801
507
445
423
444
986
574
396
629
56
308
949
223
475
914
354
793
837
138
669
981
159
821
131
768
813
848
832
466
184
617
620
691
62
43
488
401
617
236
30
25
545
332
248
20
246
955
165
83
445
187
416
604
8
547
725
173
395
557
640
579
526
260
623
588
655
111
341
624
347
724
649
244
408
898
616
654
205
782
89
650
321
857
606
681
405
331
854
152
240
846
84
766
458
707
707
113
170
400
89
869
124
739
114
532
989
730
538
194
864
979
196
537
837
154
570
242
838
425
746
78
271
830
197
730
889
904
195
59
304
285
929
781
24
395
313
365
477
204
911
694
183
107
231
20
261
802
614
99
579
361
530
202
543
727
932
433
631
480
844
287
765
125
68
141
520
734
506
350
938
417
44
473
876
627
494
489
781
460
941
360
173
471
915
69
550
199
502
181
679
698
820
796
824
889
937
696
975
795
398
913
564
442
386
440
422
232
282
203
45
223
916
218
46
183
287
596
382
141
129
62
192
949
858
368
190
148
64
165
943
463
430
860
257
169
300
31
753
934
587
798
157
855
369
555
38
8
151
420
502
632
834
694
934
45
62
124
193
478
642
488
293
424
348
551
945
1
934
699
935
521
849
445
376
218
0
766
227
504
187
729
136
373
775
70
418
837
547
611
315
541
100
961
965
800
512
911
801
798
610
737
320
811
182
48
30
534
815
609
38
354
690
175
727
465
597
146
654
144
109
321
685
561
282
651
362
146
914
163
945
876
252
617
687
434
665
69
969
832
678
359
186
720
534
914
537
132
412
191
628
521
865
314
83
147
317
445
646
583
608
943
459
213
560
498
647
577
568
968
410
598
680
596
671
214
862
208
698
274
752
679
796
617
345
231
116
14
676
114
597
636
57
408
849
617
906
849
547
826
169
957
777
849
905
448
416
768
656
466
394
760
145
542
729
490
773
846
504
801
312
453
790
370
861
991
339
768
840
886
946
362
843
723
563
101
171
979
221
180
798
967
940
943
510
670
786
635
868
642
789
180
96
579
902
957
570
242
77
763
480
24
125
676
99
688
777
623
20
350
803
818
317
95
113
179
765
899
815
985
894
604
518
990
535
420
947
105
14
377
220
847
753
345
523
852
386
652
827
758
2
630
576
671
726
41
851
843
293
666
829
187
622
347
177
509
119
476
614
486
853
835
333
958
532
856
163
270
860
990
28
214
973
956
885
699
998
736
894
291
754
75
478
376
774
7
885
894
483
852
380
689
39
65
999
923
273
162
194
133
153
574
347
126
531
232
177
881
321
423
172
75
499
2
804
273
361
41
519
196
245
251
885
284
316
885
560
589
399
106
74
904
680
421
30
563
6
559
444
327
983
968
754
482
970
558
107
683
600
627
880
845
230
117
482
899
354
394
488
754
500
915
658
180
336
41
744
694
600
540
373
935
509
128
417
479
686
877
515
638
856
395
836
86
512
318
985
867
712
826
973
212
741
631
744
429
24
840
124
977
381
849
912
242
329
682
73
16
559
588
6
415
983
842
853
848
160
839
715
224
17
40
788
758
23
885
187
48
77
663
25
810
865
937
52
194
619
126
562
530
714
569
297
50
411
151
898
924
990
965
500
359
5
641
117
28
526
656
428
603
672
805
766
537
743
818
731
714
944
294
597
11
215
894
61
978
45
959
902
387
924
755
746
281
396
215
661
274
872
90
229
544
895
995
81
990
814
164
57
110
458
654
121
673
900
534
652
298
493
906
685
769
13
784
402
409
999
64
35
223
154
265
119
401
260
200
744
426
365
801
537
175
807
10
201
59
545
853
357
390
111
395
512
125
179
914
886
530
978
922
754
484
539
873
238
799
426
982
226
143
135
115
670
942
125
871
1
22
76
711
413
188
106
925
665
285
839
903
167
170
177
273
654
716
499
892
868
925
874
94
420
361
561
90
303
686
962
657
709
38
720
474
578
826
399
595
463
590
499
630
760
28
904
415
97
403
659
965
680
886
411
100
247
972
190
903
658
504
560
719
895
632
193
473
458
592
69
921
183
920
551
943
300
807
710
397
210
370
362
890
608
773
342
855
745
885
758
756
389
670
475
284
302
669
110
760
613
531
681
148
803
585
444
103
392
154
501
955
876
215
197
484
989
540
340
86
425
450
842
166
121
670
451
423
691
561
536
304
92
569
453
895
154
897
350
899
403
851
854
632
419
51
116
760
591
808
846
368
259
41
535
732
63
338
507
754
899
43
410
343
613
215
590
119
112
940
18
868
144
872
852
563
924
968
675
867
129
873
588
740
914
123
824
329
461
331
83
712
375
494
407
340
709
997
459
174
289
830
394
785
702
246
700
978
566
375
198
47
249
786
139
515
261
963
845
74
647
280
786
22
126
545
714
836
894
525
362
183
355
108
969
410
706
669
388
272
397
938
672
646
724
811
161
337
127
358
411
774
639
549
148
765
94
862
953
988
739
667
524
95
775
845
505
481
866
245
106
263
184
130
909
260
293
423
598
420
781
9
194
420
911
342
186
5
556
139
346
296
807
222
743
934
67
248
768
933
845
226
549
29
356
458
290
649
233
240
422
15
249
616
435
512
311
973
870
219
465
216
867
624
790
610
558
857
210
678
142
56
904
691
437
612
502
79
614
735
319
36
750
921
4
538
433
667
863
303
887
328
871
106
304
661
717
863
870
279
893
365
687
150
408
125
762
910
556
728
646
876
116
748
149
473
638
582
140
502
238
379
182
109
486
487
123
555
702
345
834
595
710
522
97
119
999
212
381
555
940
379
783
409
480
932
882
118
867
22
972
105
402
507
214
240
994
689
795
48
35
629
995
745
503
93
216
854
305
598
762
597
977
545
6
457
830
888
928
697
263
900
154
17
759
720
257
753
410
52
801
445
33
149
542
537
242
111
391
899
709
505
496
38
51
855
848
233
95
128
282
358
380
436
375
140
508
984
893
918
388
47
715
422
196
610
311
790
721
54
689
782
560
537
172
963
392
372
196
488
500
830
198
881
266
574
21
126
910
266
45
299
665
112
73
213
74
384
3
795
790
44
929
350
582
454
313
974
826
861
814
327
691
13
560
309
939
581
436
849
199
833
500
865
945
573
78
20
309
434
167
100
478
449
450
412
903
116
739
729
977
553
408
21
566
968
330
505
901
118
707
453
951
207
318
249
133
748
621
442
534
140
542
365
589
345
777
492
813
516
574
142
70
334
163
988
655
846
846
908
964
905
361
268
464
31
517
597
132
138
392
666
278
286
31
220
631
161
64
796
677
990
939
99
325
454
440
980
300
286
888
617
543
602
885
7
633
754
605
765
892
997
432
522
635
815
94
619
328
159
415
358
501
354
457
826
161
249
158
461
887
399
78
430
1
315
438
634
69
395
752
313
744
536
188
379
703
282
998
32
793
414
390
295
120
199
473
281
449
632
95
688
383
525
119
384
841
557
370
262
304
474
576
48
10
764
427
714
398
778
746
192
544
136
839
664
687
312
298
488
296
745
177
679
270
296
415
463
205
138
726
509
612
302
557
623
418
336
337
816
114
435
360
658
923
199
675
610
512
325
99
808
70
628
840
340
924
607
156
481
745
882
990
358
536
899
333
954
235
22
770
350
457
131
360
732
330
35
694
194
360
145
355
782
773
547
475
49
154
631
530
900
513
520
610
401
419
943
355
7
965
477
709
774
960
69
858
643
457
552
837
817
698
544
952
823
91
427
873
246
58
403
146
923
276
108
324
695
51
31
54
368
508
763
494
821
833
352
464
290
256
653
459
306
198
411
130
289
838
3
535
248
758
33
523
34
141
847
82
544
230
136
264
739
900
758
560
85
462
376
375
719
29
186
377
227
950
507
869
788
862
404
389
621
790
912
655
283
112
737
180
342
874
444
433
126
555
345
211
17
721
938
88
751
124
818
330
74
325
199
215
540
956
956
161
746
868
168
381
332
258
561
675
484
358
108
610
913
454
821
282
527
111
723
278
235
541
961
662
218
160
229
758
116
537
271
214
405
440
948
738
698
509
765
534
219
225
144
132
679
317
415
559
428
490
189
15
31
150
29
249
663
610
360
779
147
631
346
905
71
294
995
121
155
760
655
375
985
151
859
17
820
626
928
248
116
117
616
499
268
997
101
931
960
461
62
107
92
760
364
516
406
359
989
562
471
645
289
809
148
500
178
969
127
106
569
595
223
537
447
843
535
548
126
847
361
541
954
453
301
671
321
708
382
311
622
206
308
263
15
456
763
545
425
242
651
347
190
226
884
637
422
771
537
548
618
898
441
925
703
743
948
25
803
330
688
425
536
996
40
903
804
155
448
582
398
99
929
940
678
165
929
100
937
466
0
907
716
442
184
419
537
132
796
340
463
836
117
351
832
157
255
989
312
703
571
62
803
852
354
481
17
283
933
306
749
933
566
465
375
750
237
912
235
385
252
698
222
721
49
406
878
304
747
543
360
318
957
163
522
312
996
892
595
929
198
697
862
116
514
590
867
103
502
454
489
107
152
63
828
553
821
59
210
569
602
570
887
911
85
762
223
433
654
171
362
852
868
576
321
734
166
540
838
21
994
327
128
146
742
308
51
563
367
613
132
321
535
372
233
620
134
808
53
788
979
767
992
199
696
313
934
214
205
772
235
199
451
715
697
193
24
749
756
743
714
241
65
250
613
650
870
99
458
276
887
790
395
231
989
443
897
923
658
102
47
245
302
498
961
999
691
337
100
800
80
815
41
497
65
6
147
287
105
606
563
992
748
311
575
737
754
472
13
412
575
60
10
877
559
971
228
602
308
329
754
740
144
795
238
561
153
385
848
258
343
764
602
91
427
178
181
181
2
194
946
577
254
956
806
165
279
35
768
939
716
522
679
212
670
269
773
175
655
973
434
350
89
388
794
516
918
975
50
921
169
996
850
775
304
657
941
935
44
61
874
760
935
553
972
605
175
745
133
830
70
919
532
160
307
326
676
578
653
726
851
822
74
701
598
730
710
891
665
754
952
539
514
887
445
838
845
620
583
978
802
6
897
686
166
556
13
194
486
666
921
337
841
347
39
791
430
101
34
95
856
986
987
722
225
784
561
70
404
496
400
558
502
649
244
668
206
609
863
692
628
136
30
821
835
421
612
265
522
646
713
730
984
700
453
209
484
14
632
240
510
32
798
13
682
394
33
240
356
248
932
984
384
314
805
572
87
769
837
962
767
550
692
751
602
497
312
86
511
944
326
374
977
476
739
11
223
124
251
579
373
535
915
109
202
720
681
289
841
871
603
608
421
296
711
376
145
23
462
9
968
141
383
297
969
474
308
192
598
559
123
323
94
38
433
296
110
466
938
951
337
541
559
111
189
270
487
335
294
301
344
614
794
79
911
764
905
219
308
855
778
432
179
224
470
964
873
933
782
811
884
472
704
444
583
894
66
422
581
712
75
925
326
870
356
589
634
261
808
942
116
938
726
295
515
549
611
388
482
394
551
366
866
255
162
801
501
581
575
82
293
650
7
972
872
715
561
506
976
722
801
93
12
879
740
527
428
704
267
262
98
818
981
316
74
495
469
575
76
44
10
722
46
369
46
919
85
959
777
61
33
930
506
46
810
599
925
590
303
193
205
753
11
186
69
437
33
538
365
110
934
375
184
980
744
582
251
829
541
29
243
927
959
101
973
121
700
898
64
355
443
269
108
807
807
529
244
840
419
961
950
353
336
486
686
433
68
937
614
962
318
209
889
630
311
214
751
363
464
815
719
908
436
179
715
243
61
311
84
480
273
386
186
961
225
872
394
293
161
9
607
480
218
848
110
881
62
213
245
527
381
316
435
817
847
502
413
260
813
497
741
438
235
279
400
460
503
146
106
16
507
713
496
726
562
958
959
976
172
556
503
905
872
290
722
72
144
135
332
958
984
425
748
572
704
500
32
559
647
138
576
154
204
424
232
118
383
192
94
907
748
950
812
973
240
886
45
385
374
377
695
710
155
795
282
211
296
315
771
943
805
699
97
361
123
682
479
858
874
926
117
974
876
281
299
468
168
344
205
894
74
900
604
581
696
887
792
992
554
563
287
359
614
736
73
90
418
552
300
644
830
418
971
706
699
270
527
219
967
732
113
393
985
718
974
33
957
766
377
511
682
664
222
296
400
295
386
819
200
687
815
30
457
786
89
508
57
616
728
24
700
841
417
685
911
391
718
868
509
95
731
191
111
954
840
512
249
578
683
801
265
498
832
74
285
921
583
694
889
311
70
589
504
487
627
768
230
697
988
91
145
720
283
256
26
123
120
627
701
803
429
319
654
613
393
291
534
328
985
775
991
55
716
496
894
343
616
476
41
604
567
186
676
202
794
54
325
915
682
379
70
463
698
724
76
443
15
962
772
352
737
115
759
453
611
5
797
579
481
190
184
401
728
212
603
522
267
281
789
301
660
860
764
710
584
840
505
952
802
629
656
539
745
416
344
356
421
493
936
255
683
472
8
763
36
611
286
303
892
75
604
552
935
368
614
872
560
120
176
362
749
832
253
494
248
598
203
22
91
491
629
127
963
637
890
351
600
176
655
493
604
611
397
891
332
12
115
892
484
291
607
233
124
860
728
724
458
283
98
902
774
727
29
89
716
919
440
317
448
447
162
404
59
559
647
743
923
763
635
759
54
594
993
178
455
73
255
265
356
353
167
130
433
548
571
149
820
11
818
620
459
980
376
870
892
23
613
167
786
600
927
841
195
272
371
2
345
626
267
53
332
787
535
765
687
106
266
507
469
437
479
280
769
855
150
13
879
115
181
17
68
460
210
263
84
582
265
781
560
884
834
892
671
721
9
711
179
276
218
648
713
50
929
834
905
431
848
136
899
29
506
967
841
716
582
925
650
847
706
211
731
892
455
755
613
465
466
144
741
36
792
806
438
73
640
696
857
488
832
756
869
690
75
62
407
657
339
57
504
397
268
587
289
724
694
254
541
512
398
282
901
543
440
339
968
432
35
825
273
220
933
494
910
360
557
317
17
896
727
873
294
347
813
935
71
859
542
612
372
940
246
625
835
38
316
804
471
352
981
96
924
267
590
834
627
147
504
997
396
583
870
42
930
683
977
354
543
519
966
267
812
565
244
999
955
560
803
778
912
137
874
188
756
465
375
383
964
231
380
712
814
603
754
744
638
84
98
533
955
417
800
119
334
396
119
289
957
274
68
221
411
294
410
167
759
785
903
76
368
635
788
182
238
543
926
877
627
377
762
934
794
563
54
480
959
173
769
268
447
189
490
211
484
252
730
243
389
985
671
757
621
460
939
211
3
217
440
982
594
203
916
740
118
322
220
429
495
342
698
943
531
540
506
15
792
236
611
181
222
634
938
195
94
229
406
449
446
199
431
393
402
700
133
872
22
706
301
870
400
351
165
931
243
671
299
35
907
262
568
481
896
858
676
991
87
83
792
886
634
224
279
388
276
764
260
650
822
913
520
222
617
685
506
860
356
805
248
616
419
816
97
667
675
774
10
114
209
803
0
843
27
631
231
655
748
843
305
570
756
826
793
725
511
299
586
220
456
834
836
875
2
933
542
29
59
553
144
268
356
496
463
735
128
46
390
876
889
47
446
998
873
591
723
737
242
661
957
698
495
145
925
850
78
820
879
138
725
23
758
81
520
222
168
0
268
910
876
510
957
674
508
183
618
231
272
860
245
581
911
740
726
188
942
156
8
822
646
733
197
405
166
717
979
334
69
599
596
297
109
554
324
617
89
942
201
361
154
446
942
417
538
668
606
481
176
614
303
823
700
500
580
866
570
911
201
991
510
797
289
620
703
613
237
792
907
790
153
413
236
447
831
127
467
437
608
644
403
263
819
103
763
751
970
685
662
523
677
172
672
318
144
728
931
734
872
190
524
26
603
113
825
786
240
293
575
848
289
979
463
460
434
578
211
756
264
873
631
293
397
656
611
542
384
894
276
256
436
800
634
39
265
460
178
505
105
753
705
746
84
168
206
519
99
417
275
363
642
259
8
391
915
971
933
299
865
561
907
301
714
542
692
979
354
222
837
811
976
542
557
60
63
763
579
162
532
207
877
526
818
885
917
733
856
203
384
73
764
291
726
478
833
770
810
539
993
647
350
321
541
907
381
604
22
313
118
906
872
347
784
690
232
54
423
440
257
807
865
373
98
943
852
284
66
14
175
411
661
526
732
202
785
113
159
160
778
277
66
650
977
203
340
209
257
763
2
866
922
219
239
373
515
443
9
581
457
184
992
118
710
724
673
496
189
832
656
968
461
74
618
438
277
311
0
886
426
354
752
349
925
992
74
440
435
83
373
245
267
365
715
978
441
388
826
631
572
834
951
34
260
921
824
890
232
176
776
659
530
881
360
808
873
434
600
660
517
974
905
784
339
973
114
133
361
292
116
934
478
67
320
739
988
496
629
573
673
757
232
555
638
592
363
863
378
964
876
895
290
781
31
981
754
498
114
468
790
582
754
269
649
426
360
990
922
989
563
595
98
147
503
89
91
218
952
821
534
828
716
824
962
99
806
68
597
272
536
740
855
642
361
856
68
721
198
991
62
113
938
160
260
793
601
703
12
554
524
898
734
592
723
696
44
881
117
641
505
5
733
712
648
94
569
716
167
767
59
229
881
350
742
493
143
343
549
155
897
425
406
984
18
481
680
62
362
797
55
219
803
141
932
451
235
501
519
755
620
579
984
853
929
726
699
424
422
600
932
671
25
338
655
395
819
336
809
533
485
865
752
288
358
684
91
945
537
963
700
510
894
685
715
175
763
766
599
185
366
531
857
392
869
512
787
40
200
949
573
686
166
678
326
524
362
770
469
252
733
170
114
979
207
829
154
970
596
753
508
314
637
717
706
858
229
846
899
782
795
824
468
961
502
146
837
217
916
306
821
1
828
935
980
387
116
486
710
64
592
218
379
229
935
85
439
516
283
338
298
430
515
118
743
17
265
580
586
181
239
407
535
419
342
515
807
459
2
517
875
946
735
254
175
22
692
614
538
975
305
189
758
820
307
501
189
572
434
776
106
673
183
641
92
878
508
899
689
862
768
564
808
855
819
335
877
511
302
768
838
607
309
596
779
616
450
320
541
884
448
647
557
632
640
1
862
500
253
551
715
21
467
875
229
286
211
106
149
513
226
988
472
535
936
603
504
386
923
45
270
372
692
179
356
684
533
218
184
138
121
251
511
588
127
740
227
338
199
376
203
425
716
675
313
5
278
817
391
553
862
14
925
906
545
281
590
430
851
126
568
972
378
80
913
505
172
140
195
371
868
398
797
937
425
462
942
703
279
685
256
493
51
534
399
949
815
341
379
19
467
300
991
197
732
904
54
904
396
249
276
265
999
425
202
424
887
496
127
166
181
736
11
233
270
410
182
437
751
913
456
570
213
448
768
945
704
822
850
453
424
478
718
423
903
272
848
790
120
327
308
301
63
319
886
333
81
420
123
832
686
579
754
251
379
874
197
436
697
399
889
473
229
959
896
132
231
96
274
703
424
582
4
487
253
243
173
686
15
296
518
701
875
624
953
607
499
502
43
548
253
932
21
482
891
269
614
474
366
240
177
790
174
533
629
427
128
802
113
144
450
983
845
678
959
150
285
458
652
328
6
257
612
379
739
503
649
705
329
15
945
506
805
119
391
786
898
520
589
363
664
39
346
861
717
658
364
354
116
368
682
475
626
294
854
717
149
503
423
478
518
368
336
675
840
80
462
738
600
403
102
616
794
800
829
864
458
193
218
927
914
253
402
540
899
256
257
49
760
680
879
630
401
568
658
241
648
120
331
600
523
785
216
669
586
397
533
396
943
752
323
857
5
77
397
904
334
6
305
446
687
185
76
440
105
734
33
753
206
716
353
81
502
921
751
88
318
284
836
261
388
160
118
393
237
867
650
923
874
955
369
913
492
798
705
597
884
738
350
443
454
55
524
956
328
627
396
647
264
233
260
652
745
731
398
334
950
48
258
824
3
979
89
848
129
794
445
366
532
148
809
339
203
685
647
532
665
44
531
929
629
143
933
726
226
331
60
177
379
670
1
735
2
91
583
483
885
380
849
770
528
10
461
84
48
108
968
713
504
499
994
485
994
927
211
221
259
624
398
990
646
751
77
0
194
660
484
432
41
685
202
569
696
15
5
744
123
973
809
980
824
155
465
819
82
29
392
693
653
790
36
651
893
113
652
88
774
136
872
167
821
426
88
869
441
94
965
564
67
774
896
892
281
362
711
364
391
103
409
396
245
445
47
490
559
699
930
685
187
802
852
9
228
940
230
669
386
196
586
454
322
482
346
604
196
409
968
939
864
729
335
461
175
735
951
86
786
882
771
974
36
623
335
265
915
565
934
302
761
872
108
84
707
454
688
903
215
8
843
79
89
530
540
264
617
843
350
756
77
473
730
114
448
417
379
716
334
665
18
448
890
126
884
597
932
572
852
147
932
695
578
21
578
470
638
547
665
340
303
743
814
385
857
614
154
588
330
489
605
700
937
847
178
821
444
110
745
297
609
29
344
539
402
274
9
40
822
675
733
477
770
899
863
979
513
17
919
844
858
524
896
147
724
75
968
168
185
65
817
147
446
514
686
849
788
48
241
962
723
326
440
845
225
655
824
91
672
743
287
883
619
183
30
343
258
351
864
796
768
681
943
215
195
981
416
336
29
657
298
104
984
738
949
561
393
773
652
418
868
939
301
488
123
683
831
381
386
47
177
155
81
472
370
628
454
786
964
483
795
263
588
131
353
537
693
747
663
345
517
531
637
170
371
760
853
203
493
240
602
23
747
683
495
117
312
949
255
276
785
402
891
725
534
245
614
579
344
277
276
861
161
913
31
532
25
236
87
519
828
690
542
575
373
389
44
37
691
651
666
476
406
557
201
292
802
167
871
498
445
499
359
958
413
742
490
790
331
930
309
159
620
203
87
345
593
483
735
636
487
401
112
893
958
665
185
113
184
408
611
981
259
323
939
24
65
782
815
396
712
476
908
332
680
347
29
625
182
764
613
669
165
725
914
124
742
99
589
278
859
200
260
119
523
199
495
941
981
310
689
693
787
597
377
819
296
407
796
479
523
409
500
689
486
415
165
580
866
754
858
726
306
118
197
830
318
692
771
651
355
460
697
142
410
74
313
58
833
109
537
357
518
390
398
4
805
915
584
671
669
794
749
327
913
946
157
583
991
280
234
346
93
931
840
503
358
153
561
543
262
451
252
132
841
650
488
646
917
424
669
586
218
419
266
131
717
423
714
708
56
301
406
149
584
246
4
942
399
565
486
13
368
738
145
561
741
633
559
658
57
229
597
628
0
863
759
717
638
826
426
694
127
184
195
63
431
199
6
830
117
844
196
485
934
341
399
675
327
958
686
736
539
635
364
539
498
476
257
488
654
35
535
133
219
730
196
650
930
202
833
399
398
381
236
333
74
635
360
401
946
46
490
485
681
206
25
531
682
634
20
688
669
907
821
240
637
18
243
919
572
428
670
971
809
907
304
883
542
664
637
488
63
127
326
744
333
351
628
368
337
0
56
358
907
878
598
896
248
193
168
820
621
838
143
782
97
447
18
640
464
655
480
527
134
806
623
819
509
603
539
846
603
596
556
862
826
507
759
74
700
279
246
674
117
390
808
215
189
826
207
653
833
39
532
319
846
508
139
707
111
678
906
67
626
462
929
452
969
40
878
22
319
125
48
789
867
856
356
56
683
563
62
868
954
594
188
800
454
327
860
918
357
766
985
984
580
266
788
902
307
667
924
978
144
324
767
11
180
123
67
215
38
129
84
993
76
272
145
882
951
357
800
308
475
137
644
56
756
433
310
63
452
234
41
596
558
161
607
90
636
26
306
675
508
390
20
936
14
517
818
965
875
971
625
350
460
622
758
216
55
68
631
859
654
25
455
564
186
414
655
822
792
961
849
652
703
869
588
717
739
759
682
966
82
659
316
542
281
427
111
688
495
742
547
150
119
354
66
305
120
721
480
913
34
329
565
89
551
506
806
290
265
840
256
347
500
924
241
133
351
704
822
199
799
721
701
918
76
767
576
196
841
56
461
227
385
27
317
288
885
475
930
150
668
538
849
520
463
442
653
166
147
475
717
946
549
418
216
625
538
792
821
379
848
635
958
586
14
627
874
899
103
157
49
771
695
250
291
510
692
296
29
191
124
746
137
673
165
354
298
55
146
471
786
347
106
744
933
472
372
159
371
827
668
772
950
364
22
593
226
67
889
255
258
13
2
748
38
519
454
336
926
952
160
712
651
618
456
936
91
180
448
814
7
116
587
309
832
961
902
59
380
792
314
991
157
668
91
196
539
545
884
465
849
44
529
853
15
986
789
458
518
237
272
878
354
859
187
186
173
90
245
553
882
912
544
391
932
635
587
824
532
472
641
734
868
171
587
235
509
376
693
27
966
966
905
320
177
93
858
350
535
456
904
769
368
800
160
652
788
100
828
672
924
470
406
792
993
345
28
502
74
721
529
40
39
787
712
217
232
570
919
767
26
175
888
746
976
48
399
116
500
579
788
424
49
547
217
42
244
597
896
318
670
778
710
62
565
422
279
149
993
198
916
371
374
156
118
702
204
869
818
705
448
958
481
850
505
50
892
750
647
141
420
670
919
131
732
484
553
363
633
898
913
901
270
287
57
388
341
613
609
511
670
57
470
152
907
327
202
152
429
202
293
850
224
564
981
956
48
886
671
33
785
584
286
407
224
695
795
917
660
756
429
331
813
899
835
73
578
37
225
8
591
870
858
815
434
191
123
834
77
794
219
214
731
857
621
307
552
768
224
212
524
653
895
690
552
730
763
131
120
340
491
711
562
349
879
348
892
2
182
969
149
753
536
232
610
157
539
162
278
763
726
154
417
622
844
321
704
607
804
824
299
295
888
861
996
119
209
888
121
743
858
622
496
746
854
106
255
393
620
533
509
699
688
926
321
532
599
377
492
404
202
791
699
442
5
48
561
214
936
34
310
146
9
806
892
215
265
148
961
237
33
470
936
721
748
609
606
347
987
450
751
541
241
803
983
598
851
896
813
787
282
123
934
291
281
178
859
898
326
820
136
712
290
72
785
38
682
391
385
669
193
489
562
435
292
545
33
143
793
198
282
427
673
568
719
307
747
578
205
425
750
341
137
40
766
923
430
800
666
815
821
860
304
383
647
948
280
32
443
73
583
78
500
256
646
571
563
393
501
121
171
251
462
308
643
580
583
73
380
250
241
201
462
897
584
109
846
864
493
641
289
76
719
142
685
366
713
600
111
567
721
282
818
536
943
462
116
526
887
497
128
128
50
942
26
635
51
224
851
897
865
141
973
937
283
658
303
348
259
766
915
332
401
86
868
344
548
985
222
435
834
703
916
884
645
294
871
49
518
723
946
735
216
271
672
851
282
327
199
541
446
467
225
847
553
94
191
453
431
765
240
617
468
156
501
466
450
725
515
320
800
813
408
16
84
432
219
366
112
770
259
558
237
485
405
142
931
948
595
362
713
836
979
182
344
832
0
147
557
515
819
357
328
227
725
412
12
296
131
124
67
390
34
656
227
439
799
158
387
746
520
452
934
851
634
279
684
634
426
593
501
597
303
181
177
380
594
189
677
77
665
96
467
699
104
695
490
903
205
229
2
726
681
936
929
668
567
965
654
345
559
156
943
214
337
120
594
283
661
623
360
678
719
180
377
824
227
219
79
432
448
81
510
129
370
440
797
937
757
452
635
316
608
578
882
297
50
477
581
711
452
293
741
172
825
118
348
52
689
427
485
137
861
995
266
583
787
64
872
545
868
507
213
828
85
96
125
487
925
58
550
377
704
291
901
529
761
249
582
450
677
67
587
890
62
206
473
850
270
345
747
490
853
960
318
290
56
443
130
981
502
680
711
558
324
612
87
85
862
669
536
891
736
475
781
151
681
606
353
951
951
100
793
156
60
111
799
469
555
929
450
409
961
513
967
285
126
54
371
340
76
259
231
812
734
364
315
416
970
20
719
273
472
513
782
885
624
581
354
531
862
156
292
175
670
259
461
796
666
184
136
742
795
719
906
529
83
574
297
405
594
17
678
419
882
460
304
858
393
658
390
607
814
682
783
484
294
596
632
960
132
120
54
927
839
960
808
274
886
106
679
833
475
710
252
357
170
556
215
916
214
957
523
380
640
658
217
934
254
849
246
386
322
300
665
513
612
474
788
851
580
819
684
55
529
936
764
52
844
331
320
410
289
843
790
929
502
7
215
108
209
813
847
883
113
512
396
77
986
536
928
918
708
612
973
237
900
89
641
744
421
961
154
710
157
297
991
11
656
558
119
865
371
966
100
836
479
497
913
817
385
194
736
93
806
709
683
59
151
676
803
572
638
310
634
147
607
977
158
263
535
277
481
258
596
581
94
427
430
359
244
168
553
980
261
712
42
296
771
193
973
926
117
611
236
751
758
195
80
268
459
967
545
292
225
493
225
319
920
8
30
165
176
584
145
437
648
187
734
419
732
59
697
849
670
286
952
780
481
32
48
292
999
945
584
576
439
162
895
359
170
926
876
346
862
22
135
510
561
221
281
294
280
330
495
302
616
448
82
98
832
482
742
184
780
327
760
219
841
8
930
11
286
159
709
500
181
844
10
94
66
643
388
698
973
236
1
590
36
435
40
868
918
782
404
698
461
517
269
302
877
551
665
163
710
374
15
243
571
377
338
637
20
78
335
345
314
688
935
350
124
327
571
394
110
327
92
923
844
713
226
73
616
243
588
679
618
603
922
189
980
612
178
0
691
865
346
357
554
633
60
30
961
631
424
423
310
868
346
507
933
924
580
549
168
169
228
138
772
503
327
753
115
857
105
158
722
803
516
628
437
576
658
750
559
82
173
869
950
871
376
883
796
309
785
316
478
365
454
602
220
781
355
688
990
813
846
712
616
714
693
53
642
351
155
553
786
680
423
88
552
151
324
700
812
109
16
290
826
470
245
47
603
600
735
593
765
581
657
382
648
350
787
290
54
943
196
840
623
971
280
527
122
604
227
287
713
243
929
540
713
174
939
668
127
674
261
892
607
271
274
255
973
62
898
27
357
94
219
332
65
500
860
539
104
87
826
170
331
108
62
396
282
1
65
409
27
678
302
634
301
928
242
275
990
140
654
699
586
874
32
3
726
892
542
182
979
721
704
662
829
766
411
111
119
828
873
146
858
175
781
160
455
23
787
446
515
441
497
101
667
529
104
393
421
998
928
753
71
632
767
900
399
178
364
870
6
589
369
865
116
502
377
571
877
164
17
392
957
867
845
625
396
301
370
170
651
298
275
723
283
42
975
34
573
691
904
579
280
273
796
396
775
525
968
652
689
337
396
999
204
241
976
953
894
346
123
546
997
750
621
632
792
596
666
365
640
570
297
920
196
445
669
971
971
637
976
12
326
372
11
883
966
987
836
860
686
311
758
35
61
379
667
205
328
685
923
968
255
220
240
451
17
909
775
988
898
103
1
225
827
364
108
793
704
296
6
742
959
116
129
372
496
148
577
176
833
852
144
440
424
736
244
442
646
19
430
544
474
783
121
301
500
581
95
204
229
453
298
188
569
427
560
417
927
490
593
760
342
89
200
767
826
444
209
824
815
991
720
641
775
842
943
275
775
390
831
5
843
129
193
764
556
754
182
483
596
127
595
938
569
147
705
747
944
266
571
111
258
291
753
33
485
696
660
261
86
491
618
281
972
811
45
880
917
579
715
513
707
310
804
276
457
509
375
401
128
946
513
386
589
618
771
427
314
783
40
752
274
658
33
246
821
430
126
739
10
193
604
717
503
408
345
312
270
720
66
750
18
931
136
959
549
259
738
215
42
778
967
668
788
0
914
610
430
392
701
792
937
657
509
440
418
206
104
688
278
170
790
648
101
926
608
2
185
346
217
579
477
184
247
265
536
513
227
319
257
280
111
194
938
621
634
356
179
738
396
810
261
186
458
362
464
418
717
649
117
934
228
594
119
475
211
7
340
791
326
597
71
438
791
9
411
425
717
590
515
113
752
776
651
211
491
115
981
208
116
98
142
344
44
613
171
608
621
511
399
947
460
470
737
251
832
148
28
549
91
544
663
843
672
666
406
163
782
388
723
898
486
218
595
531
831
118
491
804
982
890
104
442
712
841
694
544
990
722
94
433
266
109
276
291
775
683
454
909
71
178
808
909
396
403
792
579
521
283
384
503
173
840
946
886
681
640
782
23
714
228
456
981
689
85
624
817
120
78
726
191
608
534
452
356
937
245
288
459
528
24
314
54
864
260
292
545
252
74
921
967
655
729
300
344
814
924
161
934
354
888
477
315
422
930
671
712
527
959
523
407
335
837
461
199
450
753
97
54
180
18
21
835
747
673
179
914
949
693
200
656
581
678
971
355
960
994
67
839
306
590
246
641
428
708
841
230
813
290
284
993
308
658
180
407
331
712
673
633
405
874
289
986
904
260
341
864
254
761
703
560
351
949
202
131
9
395
713
823
685
998
168
345
656
349
104
339
61
778
324
818
4
613
804
908
225
497
124
480
610
179
392
962
480
946
445
490
693
159
665
378
509
833
75
165
182
180
856
595
958
181
413
962
794
569
222
372
419
346
852
29
525
596
343
5
895
789
495
588
300
160
967
809
346
42
326
880
574
182
476
884
715
241
198
862
811
420
234
230
766
438
611
643
34
955
649
929
744
496
518
44
9
837
205
355
231
531
235
806
713
63
42
781
305
241
643
468
661
877
50
780
315
661
423
701
616
424
631
712
921
501
756
282
690
313
637
921
844
224
79
910
288
122
691
945
363
334
413
376
211
463
156
526
124
932
227
741
356
210
453
629
63
562
911
753
875
548
27
72
125
458
982
413
932
25
358
647
359
771
24
922
586
532
800
710
464
379
803
173
590
609
802
5
171
714
111
398
614
138
822
739
948
804
504
881
829
214
528
540
337
552
462
923
437
262
634
253
642
789
426
584
398
581
589
921
647
700
672
261
190
494
353
139
299
209
372
480
424
900
21
761
805
835
37
242
98
23
847
92
812
274
676
211
855
617
484
502
318
156
115
860
651
820
351
302
382
723
782
158
624
155
919
781
991
308
375
441
331
222
533
144
496
209
707
703
826
191
557
496
700
25
709
351
197
60
653
579
784
787
737
760
295
9
541
286
317
916
727
649
490
612
145
987
821
852
42
999
395
952
848
95
977
557
798
526
617
451
106
753
591
195
513
886
556
406
524
226
674
251
227
165
215
372
504
36
576
546
387
323
850
235
419
827
144
217
354
762
21
812
867
612
359
381
850
916
139
374
494
814
977
721
331
192
445
835
580
21
733
967
344
584
555
115
763
699
685
469
813
706
281
681
670
993
414
520
261
905
246
755
719
223
476
402
415
921
237
347
294
323
314
990
259
221
106
22
273
143
844
438
201
477
471
223
470
237
95
731
143
341
486
214
564
314
617
331
235
206
678
881
881
344
872
140
918
330
515
191
473
359
629
674
836
453
897
659
690
992
742
833
685
229
400
249
543
17
932
131
575
610
12
457
306
884
597
224
214
112
767
39
823
749
713
12
202
962
671
892
306
413
78
991
994
478
592
890
847
524
21
422
486
385
879
145
622
477
369
188
941
137
228
765
238
293
129
440
608
800
684
914
565
762
258
560
240
850
450
439
727
823
862
565
560
741
710
182
570
432
371
864
921
951
981
159
244
110
599
852
910
283
767
827
398
25
387
990
227
189
430
954
364
292
872
925
385
582
107
956
366
830
820
287
781
153
446
26
263
397
878
173
33
997
0
431
374
740
421
954
929
851
260
646
495
132
571
881
715
678
189
81
509
361
721
290
514
519
668
777
917
899
302
950
896
654
733
623
746
154
577
28
358
837
674
205
970
245
86
37
275
627
470
784
988
191
427
854
63
95
983
980
346
637
282
243
292
367
218
390
521
147
418
231
336
92
437
658
689
875
695
965
503
518
101
843
61
528
50
124
976
33
456
322
671
738
917
315
457
487
705
979
634
124
562
971
568
351
629
258
227
677
575
82
547
676
277
608
557
679
85
533
713
541
207
736
632
125
51
89
612
108
420
599
584
335
922
153
686
903
763
265
932
690
699
479
366
329
440
923
8
877
456
73
418
16
809
402
493
212
844
105
321
616
56
257
951
978
762
990
882
525
607
166
215
659
646
934
988
438
857
348
315
666
422
733
682
231
488
175
444
684
632
117
300
41
374
604
19
137
594
253
14
553
420
582
212
418
516
552
856
725
901
171
391
323
256
425
906
744
600
702
428
585
819
81
626
546
685
997
683
631
603
49
536
375
631
101
793
499
653
649
225
906
172
616
581
428
394
488
525
994
190
305
931
362
386
557
908
423
907
943
406
510
344
943
885
328
44
30
827
49
31
52
956
203
21
537
983
415
377
508
761
920
166
45
282
904
954
542
680
861
837
86
723
181
29
608
509
425
990
337
475
21
741
783
576
114
320
560
881
50
420
995
970
586
40
252
843
994
146
523
856
983
609
579
164
991
540
674
416
530
363
243
904
456
26
480
571
699
392
804
749
813
799
719
751
839
323
946
186
469
469
42
804
431
973
968
422
865
994
190
748
357
434
652
814
460
484
737
511
877
541
260
42
341
331
793
532
6
740
718
827
561
112
631
992
86
600
766
951
594
309
51
304
743
703
118
555
540
855
67
417
748
679
459
89
11
604
974
369
696
692
197
258
805
828
602
243
428
369
546
375
678
598
679
773
653
149
680
545
356
99
962
104
779
773
546
142
730
520
511
426
564
60
684
721
889
287
316
669
8
863
396
38
813
75
811
818
576
843
364
932
943
678
389
74
452
287
216
534
159
79
960
723
140
645
797
381
284
113
50
292
976
447
682
141
874
493
960
803
688
324
735
631
2
476
705
806
763
273
340
922
705
301
998
197
298
795
578
934
908
980
578
237
779
260
378
6
105
690
809
793
14
544
425
369
21
482
175
136
108
868
59
813
521
57
10
171
852
940
105
112
272
35
701
52
295
432
58
400
122
867
545
489
763
970
858
136
805
385
273
913
605
684
78
126
93
440
297
297
380
754
409
652
789
463
56
84
895
466
836
17
685
382
858
449
704
716
937
509
454
562
774
59
246
852
538
339
644
835
636
24
590
398
29
731
861
437
816
756
904
4
125
589
386
984
390
91
52
328
952
858
242
79
270
841
931
808
180
576
995
169
952
937
919
333
669
780
123
485
888
27
489
365
968
228
701
359
671
106
39
975
316
633
54
586
474
986
746
7
914
742
176
218
679
95
904
700
227
27
537
467
406
379
184
726
607
886
85
278
344
476
605
660
462
660
247
936
998
993
943
264
87
119
482
767
566
738
819
145
765
357
964
523
736
149
250
343
387
687
973
731
516
578
391
978
590
638
914
588
984
858
852
71
329
687
190
248
425
10
745
543
367
710
66
103
859
316
798
246
356
123
977
872
53
720
850
644
359
116
232
695
974
85
766
656
772
957
904
549
319
649
92
686
359
159
141
570
827
291
168
183
414
497
407
467
218
257
111
929
374
696
624
700
781
390
356
905
699
260
454
18
262
547
56
973
58
549
544
237
840
64
421
254
562
180
74
132
438
185
61
164
881
685
864
14
427
573
271
479
185
726
497
447
625
906
421
35
455
317
272
296
381
45
902
295
226
976
427
16
514
840
180
395
877
396
762
657
321
33
136
507
111
985
306
88
891
79
123
347
748
748
995
482
793
897
777
371
874
557
387
388
749
919
135
627
668
249
284
989
635
772
848
98
757
155
187
649
586
662
348
335
410
695
817
204
592
946
927
818
503
315
558
253
586
46
232
254
295
868
596
282
640
444
381
397
951
568
398
890
230
98
225
993
793
42
549
738
340
476
556
844
791
467
449
730
513
33
984
160
901
932
443
893
729
824
642
680
392
41
570
974
491
147
967
637
541
516
375
882
993
283
78
136
750
527
866
615
912
203
776
165
135
219
58
216
43
700
897
787
93
819
761
585
319
81
222
860
949
949
742
294
232
820
431
335
699
649
950
611
204
726
776
692
945
186
908
988
887
157
127
980
329
241
917
648
322
139
508
271
440
251
566
673
423
349
8
475
350
310
438
555
37
567
599
334
753
507
675
640
17
802
973
346
43
890
994
365
382
502
989
822
105
907
847
881
256
207
356
958
518
146
513
555
713
464
241
467
324
916
459
341
719
784
687
762
27
33
480
409
535
469
583
993
728
783
226
984
990
582
294
508
728
808
415
794
624
9
261
948
925
72
289
644
857
328
759
884
361
239
645
249
60
580
594
788
363
820
124
706
754
418
566
834
578
334
628
203
343
241
503
268
314
145
913
523
473
672
407
187
263
404
788
323
984
382
463
700
202
587
406
308
357
972
142
936
306
771
491
649
12
994
918
678
139
183
201
965
855
960
152
118
364
940
793
701
674
256
753
876
843
159
184
552
131
678
488
790
449
331
439
814
326
709
492
817
892
46
782
99
6
934
217
723
226
362
776
900
618
529
128
813
688
664
366
171
343
206
961
144
538
753
958
864
462
803
33
707
201
816
806
207
102
376
282
329
738
58
581
709
587
710
522
627
726
240
151
69
447
464
566
337
569
876
553
32
31
586
91
232
402
897
440
857
625
74
538
364
133
119
425
72
181
947
52
908
540
203
329
339
19
247
676
589
124
229
973
155
815
64
388
570
313
180
427
939
254
965
655
387
84
80
812
618
379
864
878
271
419
559
610
438
807
286
379
931
867
352
86
683
768
474
605
82
6
32
373
261
997
380
0
433
812
812
403
543
28
281
815
799
841
777
238
648
416
969
931
283
322
17
318
442
844
923
876
850
955
249
111
304
981
464
738
793
276
493
337
657
775
504
456
968
281
46
968
49
16
899
333
690
916
651
132
112
575
9
963
882
610
426
187
592
890
277
385
519
770
74
176
897
930
984
865
564
31
833
613
47
732
946
89
1
950
221
465
525
230
780
759
193
207
946
785
449
575
170
320
698
597
848
595
527
833
813
91
864
998
705
263
83
651
352
84
953
573
549
478
156
682
590
349
889
536
134
690
464
656
11
162
605
211
757
133
44
570
224
908
569
281
523
4
285
875
88
238
801
989
69
309
671
659
10
912
547
496
955
11
152
318
173
758
529
283
243
574
205
467
834
126
101
710
130
386
585
218
624
738
560
693
47
583
352
409
848
900
