393
758
155
548
334
387
916
602
962
404
398
179
455
134
843
149
170
907
874
335
473
652
480
356
217
686
29
845
898
76
81
644
834
236
192
520
623
460
475
938
864
873
117
671
7
312
821
529
219
47
864
44
51
344
400
620
30
781
465
281
857
546
925
44
134
469
916
110
930
391
48
146
264
517
818
271
181
991
800
753
38
16
797
89
360
550
709
743
683
174
376
893
72
301
289
206
122
205
668
52
949
68
199
213
937
369
837
119
360
989
872
398
6
21
839
718
923
900
813
607
426
189
500
498
842
789
56
965
346
725
17
295
793
568
861
731
937
698
202
649
39
74
399
45
447
238
116
371
490
929
978
916
471
830
414
313
971
823
278
669
548
648
965
693
568
826
776
858
876
978
507
915
404
907
313
852
497
429
223
988
710
553
904
533
735
671
199
58
494
829
727
394
477
692
87
398
870
216
256
746
194
763
14
951
22
327
803
520
108
378
860
170
283
116
704
370
787
255
428
281
84
155
675
562
200
115
312
422
331
568
169
877
683
535
828
58
862
983
930
322
713
790
844
996
906
900
366
46
155
794
327
240
302
355
154
854
822
466
276
153
386
797
382
69
332
211
479
546
546
409
868
260
551
65
256
458
965
975
856
121
121
183
361
423
890
515
629
712
333
906
217
719
703
600
140
388
163
620
934
709
29
155
969
581
572
578
391
537
553
247
658
26
782
19
802
25
886
431
737
219
337
307
290
393
259
431
133
422
51
419
483
432
926
453
365
498
383
108
36
288
355
694
314
490
66
468
515
304
900
604
524
589
263
166
334
522
597
467
944
0
887
428
433
813
233
150
312
968
259
348
608
614
394
922
456
460
391
323
765
643
928
641
232
191
159
567
66
757
386
10
757
273
790
542
439
375
693
751
695
952
451
303
918
197
226
375
658
969
698
775
964
978
768
548
522
927
115
588
36
854
950
146
127
93
688
566
820
733
669
516
37
472
819
956
670
397
683
680
718
733
807
682
712
575
231
586
854
698
526
243
552
828
389
32
921
77
950
94
163
972
610
200
444
429
156
466
179
191
146
897
925
953
932
989
880
163
927
87
213
453
330
118
633
719
502
907
148
452
1
311
776
611
864
221
392
372
39
571
564
186
821
841
491
753
830
724
268
109
811
481
562
141
951
547
212
453
454
712
258
455
24
34
66
240
607
811
612
647
734
176
185
555
17
676
660
199
400
928
308
563
762
222
56
65
770
620
519
224
333
777
680
709
163
98
949
771
909
561
770
996
90
955
551
107
983
212
659
736
492
319
299
254
542
708
320
664
328
191
888
661
320
920
370
483
371
671
254
280
233
376
276
323
331
180
782
315
744
441
403
236
113
54
843
655
762
515
319
443
706
559
104
378
480
827
861
851
850
468
483
83
844
112
758
528
644
893
195
388
686
598
976
799
652
819
454
415
686
125
210
744
685
314
122
517
493
336
720
344
804
555
779
0
19
538
528
663
431
723
403
117
321
380
917
326
551
723
93
590
849
303
334
886
617
809
755
463
145
827
159
301
382
938
301
402
828
830
417
611
553
173
81
227
905
350
553
808
425
646
398
274
949
85
512
918
894
619
733
391
446
892
692
829
183
993
583
11
823
352
975
729
525
56
308
430
758
861
591
183
859
989
810
160
74
322
78
320
942
812
711
740
56
403
569
239
397
504
603
572
857
578
653
734
986
961
517
744
174
108
927
385
97
737
545
524
412
976
844
706
788
908
446
196
311
368
788
60
872
391
985
81
321
638
168
307
952
685
403
126
145
330
512
242
420
409
118
184
385
315
242
525
223
40
722
534
408
510
947
633
901
932
66
222
570
234
881
522
919
284
1
64
966
865
659
386
274
129
922
660
444
164
185
667
205
259
554
965
769
501
950
22
433
17
596
355
251
477
878
523
113
231
939
80
96
950
818
370
80
741
382
876
257
568
896
814
179
450
780
949
303
730
323
88
99
920
443
351
749
673
226
863
904
517
295
352
468
113
75
900
206
457
776
816
377
672
630
557
474
762
858
777
845
181
865
944
101
661
647
203
334
873
66
591
743
713
943
563
826
18
463
385
828
591
201
557
616
831
114
442
946
324
572
791
506
437
735
959
450
735
162
785
960
580
376
703
293
671
266
472
42
729
857
870
673
58
427
641
241
894
83
187
218
655
978
76
445
66
388
895
801
550
32
761
483
408
465
776
432
83
248
474
165
105
696
838
515
475
479
757
369
562
296
940
570
627
368
15
693
756
910
846
659
943
607
142
703
424
918
135
508
519
961
25
976
657
863
492
133
694
601
854
608
897
146
178
876
867
545
921
623
456
767
282
751
727
424
806
503
695
294
363
214
255
388
190
265
603
34
750
297
635
956
258
885
103
436
761
970
982
35
945
790
802
580
541
881
4
699
385
51
993
748
265
249
489
808
866
92
842
616
742
830
572
0
67
27
788
180
349
122
215
295
912
18
875
805
899
231
505
636
635
498
737
900
99
226
60
965
670
255
933
412
85
858
412
152
885
553
332
587
675
900
234
940
918
461
745
169
44
602
158
679
453
895
932
552
473
992
870
143
247
803
908
684
661
672
188
899
225
873
838
901
773
72
841
43
533
938
564
577
893
722
257
346
969
541
250
442
533
120
938
133
276
846
817
289
518
358
540
96
231
378
349
4
450
542
47
335
480
963
265
373
686
874
71
7
415
322
450
948
794
740
433
70
586
251
712
456
609
252
904
192
631
253
196
433
795
595
121
628
558
386
1
596
260
425
604
27
747
406
327
541
146
761
964
84
364
676
892
325
928
797
517
911
50
713
697
846
660
818
474
218
204
827
167
816
252
771
843
351
177
170
245
675
283
209
759
647
237
651
972
517
800
489
429
851
554
478
49
214
296
875
785
852
702
952
668
307
75
863
10
252
385
255
927
669
816
38
316
53
689
641
571
490
130
352
693
685
830
742
251
478
969
388
330
671
340
350
330
767
565
693
19
950
948
298
971
117
336
640
522
378
281
93
220
763
797
265
800
979
359
52
457
328
440
139
351
133
489
682
900
406
727
272
709
27
922
680
144
611
672
667
989
305
112
561
69
910
178
869
241
537
273
51
865
66
190
216
551
32
250
803
438
977
75
499
5
998
180
501
609
204
168
950
510
281
863
579
543
41
800
136
578
426
187
795
844
730
363
395
762
614
550
552
943
626
52
300
976
584
802
937
788
970
239
298
603
454
229
498
847
382
635
425
160
174
572
4
904
935
751
18
901
653
923
197
279
327
497
607
911
299
896
51
622
487
702
577
941
931
428
788
665
415
565
177
589
489
181
846
777
284
864
678
938
139
875
569
466
725
529
377
24
777
781
998
265
483
928
558
766
356
699
432
771
616
609
360
106
143
558
883
779
423
913
69
914
789
991
381
866
520
110
890
297
891
241
914
726
169
825
493
525
524
925
648
140
886
8
598
381
567
833
161
342
747
582
608
888
573
989
754
93
452
996
743
343
237
9
70
758
834
915
635
710
192
283
203
78
644
801
812
563
635
973
257
734
555
865
622
481
855
376
574
659
724
669
354
314
679
776
72
865
691
708
928
883
343
131
314
987
284
126
550
271
451
807
5
358
673
627
839
880
355
766
539
80
435
893
394
466
670
818
332
713
878
260
597
222
743
911
209
27
389
112
299
840
271
304
198
296
284
38
176
991
804
67
423
591
313
169
58
335
988
742
400
218
354
997
440
97
260
2
476
649
114
775
489
737
432
688
34
68
78
562
411
234
982
835
825
295
4
883
982
344
977
382
563
331
732
355
780
992
357
257
994
823
384
483
561
168
523
947
236
953
509
648
187
491
835
13
138
839
248
472
536
226
855
99
557
939
454
690
931
164
947
925
987
331
761
900
852
636
847
88
590
357
88
777
200
275
790
339
115
39
811
3
617
18
454
526
957
908
216
241
424
163
518
412
847
631
664
699
268
512
139
858
221
580
635
421
855
778
112
322
169
924
325
786
294
779
312
252
40
881
845
464
44
363
228
243
347
245
294
615
757
434
473
330
14
460
751
221
238
216
544
759
140
221
897
434
1
562
38
393
443
235
209
839
951
790
83
298
35
377
913
144
163
738
826
529
198
577
751
789
145
295
548
285
516
798
72
869
360
462
262
803
698
824
994
1
614
77
299
1
807
212
497
970
950
323
500
500
252
251
289
398
898
190
35
414
988
107
636
348
922
250
503
972
74
497
973
40
927
272
393
734
836
890
56
138
213
556
638
466
159
928
216
57
470
251
824
458
711
460
158
633
710
661
605
137
510
578
529
437
202
923
171
38
813
228
528
379
136
166
197
296
446
413
705
916
664
529
726
375
341
884
360
404
545
965
893
56
895
422
845
449
345
17
839
511
597
367
242
85
886
439
381
332
852
439
601
868
320
327
596
14
564
956
418
461
922
663
869
169
85
715
619
783
84
458
646
681
826
888
766
712
327
500
396
531
291
349
751
611
29
347
977
593
304
395
54
578
410
924
747
496
639
718
631
723
177
629
756
355
517
522
419
196
374
167
727
17
517
830
629
546
178
606
139
482
354
193
60
116
469
159
964
108
878
595
183
407
224
939
114
93
814
533
289
540
52
368
558
569
199
539
115
377
497
606
211
203
152
623
320
621
134
284
82
364
880
265
771
456
205
237
550
371
122
191
911
175
912
469
744
111
8
212
840
506
170
51
61
322
26
381
296
160
666
378
525
898
995
648
706
200
886
608
571
8
800
835
535
712
304
632
175
665
844
15
523
14
418
584
689
796
966
985
956
984
715
833
882
710
834
940
263
720
549
186
80
701
21
968
413
326
600
940
343
444
307
866
810
77
450
851
873
768
836
181
752
903
15
986
614
201
927
229
921
476
415
353
177
437
321
942
115
921
882
458
717
541
676
880
618
126
731
491
895
920
24
999
823
39
986
789
592
913
18
513
741
786
219
918
223
892
212
690
166
446
500
235
987
176
115
605
654
847
448
901
119
472
901
942
864
239
84
456
152
454
322
245
240
893
515
463
137
727
505
303
525
5
539
512
533
6
469
188
853
269
441
324
93
342
267
957
933
703
766
85
157
440
682
398
333
197
213
470
924
719
126
801
76
665
313
610
23
134
150
877
755
591
201
849
286
820
158
219
875
924
657
33
364
339
431
49
537
996
872
813
715
998
615
144
15
280
754
38
767
904
267
522
847
821
723
133
993
882
353
869
158
10
902
875
701
685
924
238
681
148
404
749
146
19
893
513
651
999
552
418
255
819
293
102
992
16
236
986
898
941
855
57
951
757
932
4
794
208
243
827
357
647
576
855
18
821
369
669
820
921
440
75
92
733
530
437
101
766
423
0
59
278
409
10
387
693
14
533
901
609
360
610
608
937
466
978
110
835
0
931
108
440
358
552
525
888
989
626
6
412
978
65
42
387
427
781
80
794
314
334
755
675
296
364
964
762
342
74
949
694
357
409
134
68
314
11
308
303
990
315
68
968
732
462
356
512
244
788
306
558
474
413
585
771
129
549
885
824
976
187
518
333
948
5
753
262
16
62
918
6
729
986
975
461
800
683
325
44
823
983
955
650
397
540
773
526
442
10
350
418
197
869
103
498
226
857
760
242
919
678
601
0
16
928
461
817
611
139
213
786
122
168
788
871
61
561
398
503
572
100
273
121
321
376
619
547
585
732
790
504
762
391
504
131
319
318
300
282
809
513
420
931
34
561
803
447
122
553
302
46
653
575
520
975
303
491
874
889
575
16
745
338
407
250
469
78
920
769
712
729
634
485
12
20
46
167
819
520
720
121
919
726
48
439
53
352
930
927
241
506
944
986
196
703
588
17
134
860
138
198
941
772
35
954
145
81
121
964
954
194
438
873
920
486
312
325
838
594
252
431
452
548
418
0
604
358
17
738
219
155
288
160
280
324
466
777
757
940
741
711
486
531
584
758
18
248
83
208
195
687
640
647
236
410
0
840
768
17
930
339
173
218
852
805
542
318
582
300
610
675
363
96
207
948
854
577
548
937
785
743
625
777
743
213
187
743
53
308
760
983
647
285
553
499
90
448
170
672
748
780
348
463
229
555
763
83
484
312
373
269
407
998
47
150
211
586
245
616
894
6
951
894
643
504
745
734
952
267
758
52
400
458
516
629
365
279
712
849
943
437
119
351
787
518
853
350
104
99
966
351
105
269
597
100
774
342
186
78
610
945
483
10
403
351
991
769
982
55
618
926
493
89
629
280
607
482
631
64
581
949
415
38
219
12
139
345
706
325
423
668
622
906
678
26
257
21
147
240
77
117
518
570
207
147
202
166
629
833
230
211
135
997
601
354
361
740
699
68
418
474
736
40
381
767
418
990
140
917
582
217
35
100
139
242
599
342
760
229
527
343
792
662
340
745
368
54
486
67
122
256
894
210
296
627
329
67
617
822
984
552
39
19
4
531
613
604
873
374
185
752
717
329
767
409
74
135
463
912
555
937
168
449
500
817
428
181
884
397
3
220
949
395
240
306
926
205
910
151
931
447
255
0
128
22
410
554
510
225
467
417
515
987
218
367
156
646
548
392
43
904
613
993
299
205
299
577
410
561
728
342
360
983
694
840
358
456
394
868
682
213
637
549
553
855
916
709
501
816
102
544
720
715
889
371
920
540
948
682
453
28
376
165
364
71
5
722
527
400
942
561
965
931
110
518
786
378
228
287
195
682
183
915
749
425
639
669
965
587
703
771
968
80
936
684
151
294
406
30
694
700
592
11
631
54
530
769
785
110
56
980
144
591
247
893
16
886
914
334
826
617
105
146
697
393
830
200
687
588
583
733
288
527
745
271
581
627
392
366
89
448
698
233
391
946
126
408
184
40
94
10
9
551
508
59
944
338
611
632
926
194
717
566
721
814
189
655
441
581
373
882
381
72
115
773
370
593
533
906
985
627
269
995
178
777
54
474
116
665
458
42
212
176
961
933
990
150
940
784
732
314
666
113
738
782
238
108
375
771
366
713
750
635
708
928
413
114
755
529
131
213
923
343
389
884
629
732
35
569
516
767
883
182
232
973
316
471
81
44
242
800
757
345
435
817
625
848
931
380
377
62
594
301
758
335
537
387
419
572
956
935
691
192
470
924
165
138
747
599
182
341
399
291
686
834
108
312
683
391
692
412
454
638
65
564
326
603
951
745
175
907
33
219
451
855
495
617
993
242
216
528
583
615
819
622
801
280
934
484
671
978
897
477
617
962
41
295
917
992
40
93
252
425
664
703
280
159
320
274
401
888
802
336
503
973
310
305
253
244
141
925
575
390
402
544
353
444
839
270
436
231
715
40
657
379
744
937
890
64
211
291
305
365
980
808
339
290
465
592
887
959
517
462
349
272
6
54
716
197
325
504
428
392
545
85
124
641
23
14
57
586
658
362
952
990
523
291
280
988
235
519
299
105
981
649
377
339
703
445
888
380
949
317
773
846
402
249
487
777
263
545
364
273
907
316
263
430
959
896
771
194
415
70
299
749
719
676
440
423
121
329
155
423
646
280
269
400
529
109
178
145
654
542
418
913
210
34
344
521
930
467
715
345
537
367
94
609
395
887
384
869
216
539
292
862
820
913
262
701
22
792
846
28
686
617
942
896
651
638
417
581
105
485
926
994
852
373
955
247
260
339
116
828
231
760
690
403
674
304
104
48
97
951
77
783
568
371
32
219
9
801
152
466
286
78
812
490
803
768
90
415
459
206
595
690
319
285
93
993
942
198
393
391
501
822
526
421
193
910
640
554
712
792
372
350
222
185
841
378
305
283
145
764
841
741
807
160
378
252
505
672
802
899
63
303
721
942
724
267
852
716
173
916
860
546
267
435
83
460
165
388
743
310
504
584
403
663
97
782
916
602
454
70
501
870
726
575
812
802
194
16
871
367
933
731
913
200
166
348
12
331
736
107
994
593
691
397
608
140
531
876
743
338
947
596
208
673
523
372
475
717
388
346
85
321
430
350
873
948
699
237
632
787
344
626
732
388
375
341
528
907
217
271
245
164
220
805
189
743
177
17
461
565
715
898
239
145
248
464
94
299
702
78
87
398
704
171
138
431
512
667
338
82
290
935
598
510
740
788
606
917
805
67
835
872
965
426
18
565
242
464
865
296
542
304
695
598
475
185
29
340
852
720
422
495
655
20
357
748
160
963
17
317
30
204
190
347
630
208
913
225
24
130
521
918
434
568
516
261
754
897
601
958
617
375
453
625
396
811
373
908
126
390
226
509
595
416
856
577
976
121
802
352
251
324
270
37
892
786
299
998
35
252
957
653
628
410
278
376
573
3
284
700
393
862
209
340
630
417
918
958
891
72
310
142
396
580
532
641
718
831
639
106
435
596
759
63
359
389
791
284
744
428
984
489
290
545
830
273
315
100
231
206
172
894
700
921
826
232
914
545
415
905
651
851
854
762
914
213
503
58
497
247
486
834
736
128
731
566
401
46
18
633
604
543
527
305
464
353
537
730
250
953
635
253
804
489
367
70
702
870
480
552
117
966
738
206
95
469
124
496
868
143
481
472
686
360
777
502
66
667
232
316
620
867
922
776
709
289
198
763
512
679
315
981
997
53
187
92
875
312
941
743
807
774
215
845
487
345
347
553
12
931
221
984
150
143
112
859
785
662
623
649
341
290
630
339
344
170
783
571
482
76
314
641
203
529
486
690
226
185
243
238
468
464
574
618
960
38
830
97
701
805
98
42
95
728
733
791
898
869
362
732
945
676
725
148
558
211
838
784
748
433
375
216
250
301
187
562
340
17
11
41
822
109
435
917
837
169
61
88
390
423
172
687
100
898
188
10
109
378
794
210
812
521
778
62
823
965
976
515
334
987
556
156
96
991
426
933
512
839
373
254
262
546
942
714
444
130
724
905
508
871
467
672
392
246
86
567
211
62
82
546
49
990
54
145
334
832
431
846
671
156
101
934
702
395
0
498
525
725
756
385
596
223
58
340
469
144
260
33
207
694
931
256
685
985
754
19
170
537
217
841
693
670
127
748
65
128
246
942
205
354
328
153
578
386
493
399
530
105
432
89
800
363
698
837
701
452
856
871
341
425
64
34
96
544
134
161
24
733
456
229
87
784
382
17
522
227
417
52
333
201
494
485
917
192
322
970
644
178
193
337
603
609
723
51
153
858
565
177
591
21
406
30
157
140
400
679
368
169
83
53
370
577
538
639
769
860
961
765
390
154
102
345
764
826
397
269
36
962
799
979
983
557
9
140
698
761
171
66
930
254
471
653
832
9
292
601
869
254
719
611
760
821
956
876
999
353
146
35
667
297
14
650
854
376
142
552
137
665
970
68
920
441
721
752
450
365
705
671
971
424
282
732
598
591
960
597
944
458
633
612
755
647
614
610
375
109
162
513
774
485
581
694
926
302
798
729
19
856
752
991
632
387
723
230
978
35
828
922
494
813
886
249
812
853
211
188
962
726
701
736
211
282
783
489
936
933
570
955
789
323
298
422
62
373
652
40
409
832
314
903
997
553
504
810
406
716
998
368
442
51
456
5
685
591
494
973
525
65
280
314
740
579
88
802
952
93
194
361
925
508
616
923
61
121
85
819
189
435
187
983
486
996
340
171
587
834
144
112
251
424
779
343
3
867
497
308
960
691
669
238
552
286
161
965
759
598
785
300
33
324
635
519
320
975
42
260
161
186
372
765
962
151
460
318
371
958
626
331
1
647
569
553
285
82
871
396
680
656
48
65
332
683
584
653
10
626
913
172
164
637
289
479
141
749
797
512
59
775
195
61
422
117
966
60
199
837
456
232
845
505
649
178
540
234
831
551
212
96
75
729
85
364
208
226
465
357
90
877
132
638
938
906
755
904
966
306
742
775
890
587
280
540
117
820
126
300
371
338
748
798
419
834
514
627
412
980
984
855
857
468
493
147
727
248
51
693
554
145
468
445
85
100
337
554
273
463
855
644
153
603
443
573
437
957
200
202
289
537
57
498
357
550
645
84
150
49
130
56
546
950
853
983
51
190
538
324
653
393
320
807
348
115
380
786
425
932
340
66
469
397
565
827
299
562
263
449
963
393
505
510
344
711
845
747
901
383
423
555
128
743
714
477
211
446
615
636
378
955
702
200
704
619
379
3
182
642
804
145
36
661
7
732
372
853
831
274
588
254
181
69
997
895
546
560
341
513
196
71
468
251
271
172
870
650
527
404
645
331
902
33
992
261
765
717
466
596
991
55
850
524
124
199
771
22
760
464
887
308
535
707
559
807
231
782
809
758
538
454
441
792
487
785
54
604
502
520
552
845
575
754
369
51
954
140
425
66
604
664
374
140
371
286
299
602
420
460
360
958
267
801
751
106
939
157
711
441
677
263
287
605
18
8
8
324
149
434
390
105
450
116
597
822
754
248
424
526
61
137
837
328
938
588
434
229
97
145
671
774
761
310
379
779
318
388
455
819
174
197
277
624
665
226
446
420
475
223
946
536
360
783
216
650
723
650
880
820
148
903
947
909
213
678
40
883
66
495
55
592
44
332
569
709
558
367
129
385
590
428
273
302
563
489
953
639
140
185
811
288
88
758
549
301
437
941
536
855
788
591
800
832
275
369
541
186
88
23
923
679
451
197
981
366
686
286
5
178
471
817
818
559
927
367
212
716
308
749
924
96
692
724
280
320
445
822
506
533
845
781
564
648
978
898
14
665
184
372
843
8
541
662
567
468
381
132
537
42
233
461
490
277
537
771
597
334
593
455
867
790
237
784
438
215
682
804
232
218
176
428
226
717
442
146
538
823
278
427
217
863
888
708
140
777
479
90
111
424
545
330
214
134
114
4
702
148
808
934
367
985
362
945
54
156
443
944
332
73
371
549
936
611
257
429
388
88
519
851
512
416
534
78
551
0
82
253
149
243
187
868
580
902
165
634
410
609
579
742
682
302
292
619
914
549
400
654
990
919
506
502
335
392
933
238
392
15
491
893
610
31
761
190
285
279
177
695
888
756
438
922
410
730
893
324
631
293
331
621
212
189
476
900
581
409
138
973
776
630
867
739
13
980
929
298
611
106
993
499
214
431
422
625
513
315
301
145
961
632
118
173
821
594
425
402
355
564
728
484
546
947
223
559
279
152
857
891
611
850
390
825
634
164
802
147
832
104
292
793
88
411
318
910
357
744
664
65
660
744
549
206
691
124
765
971
628
974
214
239
176
956
417
810
121
219
310
305
675
602
98
764
365
768
26
75
512
690
140
172
435
41
730
478
165
847
801
145
821
15
737
998
972
154
160
93
725
470
750
753
425
848
517
142
968
895
217
481
585
709
5
372
750
736
203
267
583
4
413
757
20
150
107
992
656
267
437
733
90
187
486
515
387
355
657
355
250
227
836
188
936
194
560
687
930
115
954
865
120
719
622
140
221
81
484
877
349
921
963
791
108
449
306
495
805
315
202
55
542
391
243
479
585
156
518
867
271
824
84
743
544
59
883
117
140
367
347
841
640
310
632
748
759
938
595
916
606
798
972
148
541
567
979
126
75
497
345
699
322
429
442
218
488
678
335
629
397
682
470
38
992
103
138
104
393
86
20
351
236
992
852
777
912
831
255
987
681
600
38
3
29
481
573
518
511
908
499
908
943
321
298
287
776
789
391
170
875
412
521
463
756
373
240
20
557
847
8
238
447
46
593
828
879
166
346
390
426
197
651
721
519
301
9
295
90
400
817
317
164
691
780
273
416
372
293
973
219
653
563
18
52
508
847
931
26
545
674
805
743
677
526
614
978
535
261
69
288
79
738
804
770
519
77
538
243
371
864
463
376
427
481
428
936
680
360
314
226
386
119
321
63
646
935
393
533
196
462
173
627
201
978
397
72
55
288
315
778
152
130
155
931
964
583
219
644
295
534
222
33
653
543
96
299
830
490
833
27
304
358
654
857
336
404
281
744
692
949
874
196
79
381
127
395
965
347
392
612
881
614
646
534
510
94
186
340
936
371
367
593
729
374
802
66
778
84
162
822
33
36
18
464
418
497
212
735
844
604
699
77
570
697
964
80
792
150
773
80
873
492
673
602
866
476
20
996
912
182
818
945
571
188
761
989
686
973
76
882
929
775
960
852
473
924
284
617
426
57
697
299
550
723
253
768
551
274
765
463
808
935
760
379
476
873
720
514
199
796
396
128
924
708
980
397
632
265
366
410
674
415
709
224
138
963
993
41
237
110
856
397
397
968
129
873
842
849
739
41
998
136
521
922
844
502
671
829
119
37
239
793
452
949
370
943
264
715
984
853
825
193
250
574
161
379
800
355
581
539
748
579
675
270
853
872
124
524
701
243
561
292
388
13
593
758
956
857
825
293
710
650
486
313
577
999
44
377
355
625
916
455
556
944
725
409
816
849
933
869
444
846
513
833
212
107
943
168
316
769
813
379
771
651
692
348
3
736
77
710
714
994
165
270
290
891
32
458
92
317
327
537
164
192
722
376
299
665
896
616
786
62
995
910
713
39
258
716
127
688
426
841
34
592
464
324
835
496
782
927
813
461
464
329
653
538
705
305
556
954
921
342
16
268
252
729
659
863
798
786
551
576
980
937
520
444
261
355
292
43
635
457
504
99
787
157
990
844
462
546
798
735
240
166
355
845
248
366
708
398
153
611
974
133
548
495
929
161
202
221
204
837
678
60
289
817
569
279
662
384
825
812
119
417
331
827
262
579
193
322
977
698
285
303
183
833
798
112
346
353
333
550
190
364
962
479
181
532
110
195
916
287
360
387
705
691
566
967
622
760
642
599
810
927
902
994
113
53
106
459
758
440
10
948
156
972
780
337
856
242
885
772
530
245
160
235
288
726
554
910
838
196
861
649
476
115
643
589
168
101
48
926
893
410
227
49
735
359
739
591
601
624
364
131
869
876
718
157
954
625
67
145
173
928
146
649
395
141
238
564
242
639
842
136
49
421
185
784
780
276
728
382
900
444
865
769
320
584
278
626
561
697
771
734
977
917
384
373
58
974
289
653
613
483
789
663
905
326
799
37
603
527
419
503
971
285
625
643
221
255
270
782
305
393
516
282
663
252
7
73
227
296
726
192
132
515
855
37
194
655
426
797
534
846
652
506
483
629
501
56
237
123
190
542
517
706
824
180
311
184
253
890
832
332
82
964
847
938
353
393
945
780
542
831
626
195
689
461
176
191
869
413
314
59
955
183
117
132
715
428
316
321
318
148
653
753
113
852
43
466
246
988
246
788
171
224
335
861
37
512
52
258
277
718
317
233
902
435
365
617
215
33
290
886
181
943
639
646
796
682
465
394
22
63
182
193
640
870
406
29
382
810
288
659
529
605
244
783
392
961
752
608
346
43
494
880
986
485
526
134
167
343
528
541
407
63
734
399
933
141
428
667
951
716
678
832
674
923
967
66
236
720
26
583
115
520
463
101
5
341
588
524
685
116
65
444
531
152
843
464
293
623
131
596
692
810
781
366
85
748
784
321
820
811
256
935
683
719
389
41
413
977
565
98
445
631
542
977
783
737
793
428
360
925
376
404
87
509
122
524
610
907
197
430
70
454
718
105
525
107
146
938
436
64
36
233
47
930
562
182
19
356
962
732
633
338
136
72
200
259
596
810
518
793
240
940
599
958
45
125
417
544
63
205
608
452
439
7
734
353
189
754
709
151
838
694
841
974
766
41
585
362
851
455
508
444
395
107
402
793
232
172
689
648
377
649
452
168
656
538
522
197
292
583
348
482
630
189
809
396
231
394
111
434
202
971
878
949
78
633
742
663
805
783
663
534
432
467
55
440
5
929
637
298
864
985
132
494
527
941
243
110
688
706
544
890
677
775
839
107
408
934
122
565
717
137
451
150
604
506
590
610
787
228
260
652
565
392
146
92
334
741
202
22
447
99
264
476
874
103
584
282
37
58
199
107
196
650
257
800
509
199
410
296
779
670
948
345
415
447
789
749
188
992
123
636
443
739
464
317
842
48
951
232
459
150
339
655
152
948
807
661
499
570
958
279
592
258
976
7
705
765
108
246
109
583
882
552
322
346
221
165
747
172
749
558
674
440
565
827
388
372
840
239
942
150
518
535
409
494
542
466
612
3
712
721
586
946
626
909
293
847
426
392
372
175
302
46
967
867
225
707
239
66
946
534
216
817
421
977
663
963
444
275
318
156
349
905
103
975
814
748
822
240
492
546
767
794
593
86
661
170
793
252
236
739
786
805
908
207
782
572
523
226
847
841
383
196
746
838
523
912
586
698
152
78
244
271
872
837
357
533
360
150
785
596
242
924
753
150
131
536
722
654
114
922
848
849
470
594
687
346
859
273
44
363
351
288
635
575
478
344
460
838
847
598
786
89
522
540
591
5
428
666
12
542
940
860
744
410
806
431
756
665
57
152
29
760
441
16
336
271
360
148
109
207
746
247
648
268
139
592
274
567
258
286
462
550
498
206
312
304
989
421
970
46
573
351
807
14
367
495
637
79
643
98
287
390
346
287
658
485
879
284
53
489
922
867
39
420
73
352
77
414
773
399
461
698
750
268
65
469
763
702
548
406
801
187
148
147
475
159
984
706
443
389
196
718
256
587
490
681
291
567
96
416
966
909
115
68
177
180
537
292
234
86
50
35
273
199
534
100
358
871
807
153
260
355
871
869
294
362
550
586
929
998
354
896
907
821
316
436
353
854
728
588
292
779
623
565
330
510
666
688
381
825
841
993
180
713
862
474
427
765
412
356
763
119
604
23
940
921
459
294
127
540
882
419
671
857
984
1
719
2
689
100
179
882
94
711
595
308
538
374
73
950
731
837
421
687
860
362
960
671
8
87
211
242
506
882
99
843
883
171
197
924
623
377
807
69
440
754
378
978
129
451
281
212
288
702
251
500
416
212
172
424
299
735
666
158
618
118
353
853
289
550
778
912
279
585
982
720
339
712
698
820
163
331
32
804
34
284
656
450
848
828
227
499
916
245
657
534
363
10
387
4
913
165
269
544
102
603
616
794
315
315
614
478
998
999
634
32
283
291
835
131
471
414
982
387
659
640
921
375
2
661
379
267
178
0
812
281
603
428
75
918
95
41
749
94
40
383
478
675
674
665
158
498
431
141
885
91
781
159
466
135
820
197
755
350
198
567
631
801
347
58
72
795
100
173
241
492
556
71
168
583
737
326
81
520
467
318
611
600
477
429
88
649
979
843
0
177
762
631
330
461
42
754
608
494
927
849
986
836
921
506
771
10
833
204
530
652
522
494
605
0
923
45
649
902
240
1
431
354
985
114
815
27
868
424
521
148
625
859
984
546
366
107
908
551
311
791
555
833
285
512
185
560
557
187
815
149
188
246
503
173
712
671
552
581
95
425
81
72
285
65
619
3
524
879
906
835
670
461
20
307
326
558
868
235
745
683
385
285
281
888
811
994
911
363
927
358
789
8
431
426
73
50
781
949
281
687
784
952
500
156
259
826
714
479
62
811
162
799
97
796
39
908
790
951
623
717
309
764
725
740
542
150
142
323
99
776
362
235
728
863
743
339
41
458
171
455
269
685
606
718
481
646
978
271
949
602
340
258
718
65
351
261
567
845
584
18
621
299
605
701
514
349
41
555
807
564
363
428
249
969
499
731
967
477
2
916
431
695
527
502
760
878
763
680
723
699
698
345
998
304
46
512
653
439
420
812
3
135
592
605
456
91
336
424
921
690
340
704
385
219
206
498
97
321
178
173
21
228
870
371
884
916
236
889
708
8
53
63
143
646
668
599
89
4
375
10
47
68
67
432
287
273
930
385
947
460
558
968
41
428
691
925
696
927
815
756
287
868
820
430
866
840
382
956
197
757
318
244
825
385
676
113
11
959
850
958
419
760
278
460
540
969
738
236
249
905
345
888
125
165
319
992
357
53
300
554
162
618
798
340
356
827
453
367
786
655
677
557
415
955
18
955
276
108
543
877
13
888
766
138
405
437
130
115
842
782
669
4
401
820
344
757
647
149
476
433
804
153
990
219
108
360
526
736
468
422
614
481
662
732
972
420
169
102
535
11
237
556
367
638
376
712
747
23
861
223
808
18
728
799
237
188
511
116
924
332
890
890
813
552
622
785
972
143
240
859
506
829
416
874
467
792
938
566
168
799
789
976
817
517
127
407
705
639
875
981
971
765
872
136
669
846
274
642
342
866
853
848
695
269
74
514
414
12
80
582
164
221
558
981
738
38
740
795
677
967
776
0
732
0
488
402
847
114
396
189
980
249
389
27
871
464
541
285
828
973
219
992
194
129
326
284
167
66
79
196
34
208
196
118
560
37
872
759
151
268
300
484
870
690
511
93
506
405
378
334
730
949
679
925
78
5
209
246
423
641
794
809
201
991
928
113
380
800
873
531
421
173
367
643
215
879
736
73
636
466
760
366
415
439
643
845
796
205
443
219
198
238
29
399
581
309
864
961
461
737
492
234
263
212
877
478
91
613
904
79
431
664
797
198
455
793
44
251
998
487
470
196
725
851
947
306
160
811
619
622
901
464
208
164
676
86
994
119
51
898
198
483
914
347
681
369
140
77
620
490
565
91
38
642
942
337
301
455
501
920
429
402
384
637
918
412
723
912
531
127
163
81
610
429
429
643
799
921
721
419
764
638
862
802
280
157
140
933
964
641
854
393
395
590
382
313
3
458
577
886
585
92
968
195
522
749
190
321
670
911
92
434
549
307
589
182
464
729
115
428
722
321
173
117
912
555
782
267
13
359
153
598
452
121
145
974
222
336
647
893
599
739
679
501
46
268
683
862
349
798
642
71
120
815
540
384
723
322
3
88
682
156
39
486
630
536
812
852
224
459
97
824
550
129
325
597
749
360
811
99
510
454
522
982
621
63
366
696
385
721
785
419
878
176
257
860
712
69
64
937
528
514
113
79
643
790
28
392
150
839
843
12
293
366
995
267
429
361
963
166
83
100
938
313
276
195
525
989
265
941
278
145
455
743
576
450
533
604
195
35
796
38
47
441
756
42
708
185
756
24
704
191
124
642
856
401
837
733
742
454
674
372
600
482
115
176
932
0
133
479
35
929
870
434
722
626
829
431
164
937
455
868
128
579
862
336
332
699
69
74
154
743
798
106
225
913
634
510
913
767
989
300
48
859
87
771
486
916
554
650
853
361
870
333
940
732
669
625
783
738
51
289
833
850
395
59
115
30
921
29
149
910
681
550
122
768
321
608
684
227
610
889
588
832
222
880
916
243
505
699
981
557
989
167
759
736
578
874
118
499
255
268
409
937
818
531
57
491
491
94
70
453
983
658
285
558
538
201
801
396
253
135
305
242
302
64
978
880
290
97
379
546
717
140
835
887
24
892
730
515
338
800
969
322
458
606
232
348
160
33
96
413
168
401
655
822
817
985
702
108
434
81
6
503
222
841
390
598
85
120
113
424
272
434
98
730
41
330
431
553
715
527
966
884
281
621
58
98
958
761
558
393
194
564
248
768
405
639
366
491
111
480
267
384
266
365
466
659
695
249
212
410
777
178
646
410
151
705
508
110
818
67
855
12
631
103
781
389
94
147
232
206
979
499
942
246
864
760
257
911
10
470
321
139
0
320
549
152
377
57
614
195
476
821
207
460
276
340
849
371
488
433
929
819
932
223
65
148
983
675
59
993
145
732
132
145
52
681
649
781
91
263
976
919
84
536
379
361
876
228
84
716
13
13
536
945
588
953
93
571
980
152
565
125
885
49
623
289
83
272
71
526
536
399
445
972
287
825
333
516
405
769
232
419
134
120
364
722
426
810
294
406
314
211
884
199
612
507
841
695
779
264
221
667
663
667
640
303
492
325
819
897
95
51
668
229
524
33
952
302
195
598
60
509
809
944
61
421
803
902
469
583
166
690
250
181
709
242
484
201
568
655
451
663
707
119
892
583
504
196
237
699
146
297
561
307
594
622
81
397
524
550
332
42
592
583
575
302
177
412
855
745
67
658
408
126
778
653
709
634
201
298
686
348
596
247
655
190
869
736
587
745
638
920
787
231
855
714
533
32
126
740
130
194
399
538
672
529
543
382
163
97
32
201
445
628
448
452
818
669
541
758
414
179
30
553
762
885
268
647
269
394
388
399
940
787
290
613
316
185
347
831
282
379
33
79
360
833
884
530
855
425
288
621
956
670
175
71
907
795
718
177
189
106
928
482
245
570
95
913
756
794
745
390
525
130
470
885
315
354
416
170
131
56
144
87
727
319
158
634
114
229
163
655
687
92
137
933
14
584
846
770
730
943
161
256
425
983
141
741
337
909
263
820
966
407
259
693
78
770
679
192
999
843
200
686
287
337
619
301
274
818
424
4
761
585
612
187
920
106
280
609
15
895
429
981
303
688
26
381
458
706
926
457
549
126
144
836
815
115
489
441
933
913
798
47
850
410
586
770
516
218
379
884
113
160
865
768
849
244
502
307
950
428
117
499
906
613
687
73
728
176
515
14
442
313
413
292
75
999
415
944
569
146
828
682
307
45
451
156
289
953
815
239
733
932
90
639
545
129
712
626
306
227
992
100
892
405
392
968
756
159
264
325
306
92
359
613
489
810
121
779
115
936
370
848
221
461
487
118
942
552
744
248
131
88
700
24
493
445
344
601
604
960
926
910
52
286
875
893
448
348
24
564
637
395
412
858
208
252
976
150
804
73
751
935
161
451
311
7
896
7
608
853
967
887
115
371
525
991
265
973
691
289
889
328
36
302
186
244
554
515
747
710
940
498
997
453
301
309
812
550
316
421
403
284
660
518
7
185
861
272
510
553
914
400
233
950
54
420
195
960
287
294
670
579
792
667
32
445
328
845
995
997
618
750
633
630
621
640
167
482
913
677
387
827
429
621
777
483
393
324
795
32
618
465
611
762
485
995
560
165
192
907
162
810
658
795
792
279
436
959
113
701
989
501
880
418
474
9
254
867
334
49
251
304
867
862
419
704
857
979
869
50
886
32
212
896
179
5
175
967
316
641
668
305
494
548
76
968
558
682
187
244
83
438
900
950
652
319
6
861
298
876
263
537
260
476
433
439
833
961
407
149
602
427
807
96
328
883
416
238
565
603
482
648
393
734
951
397
54
957
258
704
185
522
593
797
350
27
589
535
340
348
36
294
775
843
742
455
78
158
693
643
113
527
644
858
262
947
255
668
904
513
372
442
387
966
591
89
345
180
624
37
528
661
331
656
856
73
111
935
583
805
930
48
684
926
258
946
873
513
614
130
378
339
924
118
305
515
207
2
696
832
39
576
845
370
232
53
795
696
340
730
853
623
130
537
549
388
484
775
253
450
905
631
789
181
749
446
696
309
800
744
493
839
321
338
561
905
743
708
601
84
790
806
707
920
344
608
308
180
383
561
630
640
545
772
821
646
570
870
955
371
614
448
562
287
138
476
193
882
184
146
318
975
953
25
247
649
633
556
829
369
469
811
361
366
583
183
13
506
405
320
877
19
121
791
659
611
267
852
493
804
350
811
131
655
188
378
304
174
286
133
895
756
945
256
122
880
439
487
738
196
808
967
568
281
759
227
892
26
431
738
182
781
901
313
437
90
692
741
616
978
227
511
86
524
767
561
404
559
48
495
755
208
462
323
489
221
550
382
600
333
120
782
115
21
96
904
463
140
997
79
470
224
590
557
748
710
118
505
269
166
0
24
727
462
700
216
36
602
598
636
936
70
770
403
444
218
307
907
358
304
987
829
881
929
738
981
639
856
486
260
374
838
637
101
653
689
318
689
291
268
677
227
691
799
982
135
18
289
394
728
946
381
909
827
663
647
808
654
503
647
267
230
837
904
331
490
593
1
531
236
622
560
464
313
360
798
800
730
88
194
810
386
928
720
565
943
367
725
597
223
372
864
805
562
120
488
52
65
490
936
302
464
496
766
129
208
916
929
290
4
475
101
390
403
821
307
346
540
33
296
115
405
512
272
319
985
761
372
50
603
660
352
67
508
470
196
717
387
477
7
391
952
460
134
708
633
441
406
526
826
702
993
584
567
266
903
552
27
275
602
630
287
955
697
796
425
245
513
164
722
872
908
26
685
42
734
318
835
141
844
662
195
190
246
114
456
149
666
483
777
621
465
64
928
514
212
705
759
725
870
833
950
778
859
635
172
946
305
359
87
502
21
634
692
619
749
148
121
767
983
250
388
800
666
668
314
879
374
425
956
244
610
906
374
469
893
546
767
199
905
206
53
279
841
745
250
942
893
723
709
228
325
450
28
344
118
694
223
844
471
531
440
81
790
814
902
683
712
670
234
970
876
287
249
69
384
851
11
629
927
73
857
252
875
237
596
345
283
171
190
754
703
630
835
493
797
738
528
509
408
115
479
636
402
80
706
139
284
69
768
211
142
978
463
17
215
412
363
499
583
905
253
638
535
441
131
684
179
12
194
939
127
25
927
881
106
633
20
390
55
789
601
197
767
416
567
334
180
282
185
764
539
439
402
74
232
886
111
411
898
305
702
377
330
629
258
788
615
631
530
22
772
131
219
891
900
138
225
80
772
411
196
311
202
951
738
434
837
849
197
87
506
899
464
836
880
74
977
847
705
507
869
477
991
441
368
891
931
946
323
704
357
520
367
911
471
457
345
660
306
542
99
812
793
563
1
25
989
330
873
47
837
742
524
828
535
245
71
467
191
747
523
900
619
890
163
442
348
508
102
6
402
201
171
547
116
524
572
457
854
797
504
43
892
381
224
427
978
647
894
521
394
769
421
365
660
936
807
360
796
909
366
198
462
889
97
930
413
21
740
619
819
244
15
63
625
239
490
955
238
737
476
633
506
249
998
518
185
158
230
981
419
949
531
882
838
628
164
604
2
904
575
173
501
590
236
478
181
78
434
420
167
910
405
26
160
755
544
345
913
775
327
333
76
858
567
914
839
83
870
841
988
446
366
841
388
602
319
570
680
105
342
200
16
747
226
528
854
770
225
768
897
552
453
973
763
20
240
954
103
110
147
443
908
513
636
297
467
956
219
147
413
561
699
429
660
925
309
514
696
535
634
945
439
87
271
202
107
511
508
563
973
655
6
882
520
643
531
987
951
750
487
364
663
186
146
323
112
455
189
160
990
824
457
430
911
728
984
19
591
845
934
565
852
940
799
373
935
330
712
238
80
199
603
95
738
101
418
850
908
959
362
251
783
819
681
695
548
17
66
139
214
0
56
67
292
855
792
580
185
504
818
617
56
773
712
794
874
482
996
783
442
358
34
577
177
67
624
77
436
690
569
651
42
625
70
687
833
862
267
18
366
437
988
774
211
700
568
437
535
564
572
329
922
958
906
452
377
531
529
166
573
450
169
968
76
239
7
909
453
274
279
171
63
267
946
274
320
514
64
207
431
636
536
353
947
794
157
324
677
39
842
603
489
11
571
917
602
578
178
55
204
458
227
267
77
173
894
749
39
958
956
470
946
844
176
245
639
333
570
668
372
764
271
862
776
194
131
378
124
310
786
680
120
13
948
197
538
194
299
929
504
255
400
450
452
928
696
443
261
618
111
986
734
735
200
510
929
331
241
406
993
27
86
113
40
386
663
930
580
962
859
84
569
611
887
21
539
935
464
153
905
928
491
639
663
691
150
592
374
743
998
720
770
437
833
162
823
848
92
404
162
303
840
732
267
727
105
158
662
570
311
567
498
154
207
161
197
709
105
924
452
456
644
574
893
829
736
716
678
180
472
840
835
313
924
102
392
30
261
55
952
924
974
450
79
533
963
628
594
420
552
398
228
196
972
121
26
708
190
704
240
14
896
76
679
821
530
72
851
791
479
803
68
805
605
499
339
920
127
933
692
680
332
921
876
656
394
902
365
936
958
957
951
855
33
630
28
564
54
879
707
533
34
775
339
991
274
678
911
402
963
955
82
647
876
310
304
623
565
21
559
875
978
862
82
364
493
110
280
547
341
339
433
375
115
772
718
741
802
629
495
117
937
929
117
813
240
773
788
157
146
348
32
476
210
115
840
55
225
472
955
567
812
388
294
279
160
13
20
314
994
516
431
931
797
548
97
37
673
885
546
819
585
579
296
148
694
488
203
271
961
158
190
773
898
485
52
58
850
424
724
196
292
156
480
90
56
577
479
82
814
26
901
752
605
197
900
651
38
103
922
999
614
465
124
512
950
176
923
152
952
647
348
245
155
180
335
564
109
166
646
924
192
899
28
149
97
928
152
135
383
427
486
997
892
610
510
194
138
785
346
90
432
46
335
940
227
22
504
336
189
502
612
381
401
640
883
850
920
35
985
304
814
823
301
706
433
163
900
571
300
598
662
733
997
349
673
576
372
529
912
561
31
877
294
432
869
529
283
790
917
620
446
731
444
99
438
229
263
690
153
563
641
167
648
990
516
673
566
888
554
830
801
585
707
96
370
929
625
653
719
894
625
165
626
421
616
416
3
879
458
156
795
99
323
795
441
191
821
7
432
375
838
233
313
897
681
683
826
659
688
897
553
665
414
179
87
31
947
90
262
406
598
409
857
273
557
299
464
378
306
896
105
496
482
418
394
163
101
572
822
141
822
376
807
588
907
246
619
855
688
234
613
638
995
470
911
552
121
727
930
428
624
36
276
458
806
22
621
260
595
796
401
769
524
560
357
431
806
329
638
846
915
603
484
910
74
395
463
547
475
745
327
451
133
604
909
940
626
530
200
573
678
953
694
202
514
52
986
672
733
624
871
648
580
355
558
6
103
373
553
578
471
881
29
604
485
938
896
463
820
96
389
499
402
83
53
268
487
39
940
220
16
163
220
596
519
131
602
974
504
155
552
327
36
933
932
873
223
828
689
395
277
78
894
31
513
300
299
1
339
591
221
355
755
442
951
274
925
905
600
429
61
504
757
449
437
41
675
12
221
716
407
850
794
654
881
307
954
180
660
293
772
882
1
527
676
304
153
601
210
105
382
623
609
491
424
46
884
451
58
106
167
817
956
313
471
190
621
425
370
633
71
494
515
72
373
543
376
878
496
586
983
231
561
592
74
986
990
311
437
400
417
605
218
725
270
689
267
243
467
638
877
538
484
744
610
858
288
338
736
136
277
720
719
838
312
794
824
303
105
614
703
874
571
273
951
841
963
219
85
782
209
962
320
693
706
282
551
346
972
288
483
249
360
202
88
672
348
912
327
805
878
383
31
449
656
983
291
971
554
376
753
763
338
425
456
44
707
360
743
680
0
226
281
360
780
369
384
481
634
712
286
512
447
318
962
103
653
605
427
207
981
180
322
671
606
778
67
665
490
810
697
490
388
979
850
169
348
235
650
334
299
288
847
98
958
161
201
963
766
628
170
747
161
844
770
767
623
837
784
113
648
482
604
36
813
806
557
513
41
559
848
692
200
695
790
158
208
344
122
974
324
644
73
485
489
843
604
464
32
389
929
680
223
885
69
36
692
626
549
85
538
397
778
738
444
920
896
652
616
370
978
941
15
403
778
856
598
383
320
631
124
249
663
347
487
732
383
179
711
932
264
249
682
394
987
126
667
235
131
283
606
461
576
973
865
355
829
463
90
501
446
214
102
110
561
589
842
296
120
905
580
737
154
262
131
141
741
150
377
872
786
335
333
362
308
550
69
489
366
159
990
812
725
92
274
638
34
469
934
154
374
867
891
529
129
375
22
870
525
751
94
663
86
780
378
394
330
447
883
48
959
225
213
684
670
487
675
704
956
961
210
683
828
102
212
958
829
586
180
706
338
275
370
424
55
748
171
737
547
406
786
506
632
351
543
302
838
570
6
147
531
568
830
360
670
394
670
851
980
850
558
670
477
928
447
532
28
618
622
575
24
760
434
656
111
977
958
949
547
316
448
430
885
630
790
907
24
812
759
357
15
669
27
492
949
474
377
977
444
999
904
469
759
338
477
870
667
436
171
566
104
620
997
341
250
139
249
627
304
360
336
319
29
715
811
978
542
540
307
986
539
211
455
650
902
285
520
921
73
44
488
177
16
837
519
618
328
120
245
632
832
581
951
213
297
115
191
839
655
850
177
547
413
985
197
315
270
70
237
343
114
77
872
130
914
391
748
594
863
346
227
47
279
530
260
576
645
803
767
653
653
297
200
67
282
749
382
552
819
971
247
933
48
119
415
314
863
164
909
78
510
488
126
141
18
386
70
16
190
837
21
195
486
221
262
768
322
997
672
142
968
919
427
369
39
843
35
902
359
296
332
221
784
458
362
155
845
432
171
387
622
544
582
108
765
197
229
87
194
901
581
514
173
9
883
564
852
271
818
211
567
150
784
704
609
146
211
806
579
734
193
201
278
127
309
43
324
538
482
518
792
416
33
965
425
268
529
629
539
347
192
459
497
976
515
106
122
726
264
701
460
457
902
738
937
564
133
261
454
615
132
598
383
517
563
808
785
444
437
677
791
629
488
641
605
3
99
728
729
364
781
189
173
36
927
462
952
60
76
406
27
208
5
411
77
920
571
862
365
9
891
508
990
379
501
948
382
601
28
463
317
809
652
842
197
931
305
149
343
381
908
723
941
913
486
18
185
57
232
550
418
124
411
761
855
264
709
590
865
737
53
534
898
58
377
96
341
34
597
685
415
505
760
356
418
246
726
956
303
958
858
74
434
269
835
290
534
896
880
751
985
285
638
235
695
367
331
37
401
281
74
168
786
834
876
557
80
602
513
735
560
371
161
995
993
996
637
879
244
869
982
229
154
620
465
202
339
148
239
740
429
313
260
568
499
136
125
579
90
638
666
651
361
828
998
354
824
635
233
421
504
216
2
10
188
467
212
528
968
803
620
749
468
881
317
967
369
794
898
460
784
565
111
146
393
461
500
569
96
86
990
952
654
993
314
842
812
527
370
132
682
991
234
151
224
551
470
593
698
369
53
482
934
164
628
679
977
481
248
73
919
591
377
573
584
692
415
748
571
138
881
253
129
115
756
705
18
227
298
68
948
352
551
234
868
531
913
846
12
161
919
931
104
649
856
40
341
272
789
912
762
22
165
891
489
274
596
507
501
246
576
801
598
479
35
467
10
948
313
375
461
584
658
566
233
515
606
574
139
747
838
901
769
4
144
258
278
92
118
131
338
46
932
937
525
319
756
887
267
69
262
80
5
273
998
239
140
957
165
279
704
4
532
826
360
676
436
990
120
554
121
458
600
405
747
477
724
503
365
343
924
979
423
930
252
422
521
392
379
38
23
435
42
555
261
754
583
698
744
703
604
865
162
557
622
261
34
698
117
399
41
41
731
465
323
983
239
844
728
970
883
751
405
277
659
19
32
242
69
776
946
673
994
460
230
968
721
617
667
838
16
708
232
99
525
555
435
116
752
163
86
987
266
844
264
925
215
648
520
284
425
466
309
771
926
892
739
999
509
758
190
877
467
422
977
344
329
412
461
81
927
547
420
193
743
685
471
958
685
991
594
110
809
904
233
87
796
325
86
305
83
628
182
902
402
159
247
732
923
708
165
850
607
586
44
351
623
867
661
308
210
256
771
19
512
4
106
660
681
544
965
765
525
499
19
927
11
266
659
934
974
177
785
582
763
181
285
738
400
946
46
610
554
169
629
66
526
87
726
207
983
43
324
508
895
344
788
906
610
799
192
937
976
329
519
91
862
156
829
262
454
228
872
9
397
853
427
923
292
506
483
628
901
807
136
796
151
276
54
114
76
599
51
52
928
922
496
791
78
677
405
884
905
630
245
655
483
673
578
128
531
61
756
784
221
244
933
372
521
987
486
597
586
889
1
867
811
497
658
241
175
415
126
432
45
371
87
881
396
18
9
279
431
117
64
652
713
997
377
234
984
215
183
923
105
537
790
916
386
800
158
561
567
636
346
613
7
433
846
756
803
855
35
235
324
99
887
37
96
264
624
433
480
807
708
585
696
850
853
83
650
363
644
217
999
342
182
359
128
28
115
931
235
150
166
559
250
54
949
698
670
573
483
502
732
191
87
429
41
293
512
43
656
508
613
8
851
795
367
979
176
482
262
411
984
429
323
586
835
624
285
505
197
120
8
281
312
447
710
705
92
574
749
749
83
362
757
286
509
476
617
685
310
879
449
294
660
124
881
495
748
518
353
297
990
713
578
302
512
641
8
605
567
109
706
2
823
463
288
684
291
257
722
601
489
171
247
149
647
480
997
395
998
702
44
341
767
622
643
279
615
3
236
183
464
942
185
287
757
826
972
48
435
694
1
924
217
249
426
864
729
775
611
80
829
655
421
596
629
416
227
597
420
464
132
236
406
317
876
164
495
848
564
283
894
566
559
463
815
985
679
544
112
642
976
941
649
397
889
630
814
117
227
586
933
359
174
339
29
50
855
876
250
420
159
496
338
719
959
153
56
990
49
521
632
378
462
633
775
704
264
941
173
491
879
106
203
54
797
232
456
653
460
707
425
620
203
763
339
515
268
747
505
669
268
490
47
83
475
175
787
739
468
312
231
700
418
786
106
215
18
562
220
830
621
645
450
825
760
141
340
380
889
197
402
509
39
801
592
515
328
731
606
149
43
837
849
813
623
307
29
993
221
601
824
843
599
626
668
359
120
360
92
361
909
846
870
301
647
463
168
328
546
774
477
590
964
678
403
939
985
784
285
206
386
461
49
985
87
69
696
559
429
140
920
691
986
791
992
986
606
512
314
152
286
791
94
250
469
498
190
806
282
827
364
20
288
414
5
727
835
54
287
617
194
207
308
181
998
652
167
956
164
833
109
802
624
203
53
445
53
595
603
688
774
967
708
62
733
66
789
569
120
76
186
666
284
846
199
634
850
718
591
14
551
52
168
175
255
573
972
661
520
575
349
294
543
409
356
276
475
146
197
947
574
383
614
210
581
813
845
431
532
788
797
83
840
966
611
447
539
583
108
60
511
809
354
406
219
63
682
694
209
880
994
135
615
608
346
549
421
543
980
305
331
778
389
523
96
352
322
635
287
783
47
798
592
402
204
811
465
239
858
26
471
852
161
438
812
859
987
585
754
320
891
437
450
632
960
546
984
635
533
623
418
581
774
10
983
978
174
800
569
384
826
392
588
339
831
400
551
170
985
305
490
228
743
940
860
55
486
196
690
20
820
108
601
946
471
936
276
997
736
846
381
914
238
969
253
421
721
804
592
58
110
82
287
205
375
147
260
861
696
951
233
868
411
186
814
882
474
90
879
210
288
260
124
879
581
730
300
654
886
892
713
996
327
0
553
702
499
814
915
547
765
501
415
176
687
581
411
514
24
290
724
312
903
201
191
836
931
844
491
817
88
204
166
415
556
719
469
55
885
385
603
2
238
370
531
277
952
942
791
328
584
516
992
839
69
184
676
0
380
519
169
468
75
687
236
631
407
705
38
644
442
641
647
32
364
178
310
668
120
101
996
56
969
988
896
390
524
572
390
256
91
912
725
518
599
313
149
358
18
187
3
813
181
650
845
897
180
155
565
652
609
913
708
930
253
604
321
130
528
63
386
619
975
111
137
927
424
638
285
795
178
640
960
359
642
805
256
822
313
173
474
922
86
183
204
691
139
525
821
668
941
208
639
916
671
129
195
448
767
481
243
945
121
203
656
116
360
264
938
673
437
765
947
875
300
152
567
439
29
740
459
970
948
99
239
620
228
434
420
347
267
663
645
741
218
301
857
930
566
147
604
355
912
903
583
212
55
502
4
437
242
463
407
191
562
998
163
142
433
583
490
52
598
487
793
168
788
650
98
706
798
54
414
710
958
997
275
365
499
279
802
741
94
562
284
657
560
447
151
345
382
993
398
980
480
191
500
621
194
599
327
344
653
93
54
963
90
681
329
941
312
131
35
407
45
319
416
958
119
919
303
853
913
53
834
393
597
686
14
791
285
694
135
291
787
541
254
230
575
935
523
887
419
558
646
464
230
414
422
701
334
78
554
247
131
740
992
728
427
359
871
64
405
358
355
192
900
962
774
827
897
298
714
316
208
713
133
790
127
907
491
813
985
46
412
469
786
405
549
213
116
421
278
521
131
985
65
383
299
840
210
549
490
925
865
50
990
350
841
469
258
332
283
595
730
695
64
517
452
614
82
568
387
712
89
870
50
155
254
349
347
464
898
189
741
116
591
731
466
432
201
76
117
836
672
847
531
736
716
336
702
799
904
441
511
346
312
913
853
566
263
200
30
161
741
124
629
332
855
96
117
408
172
234
244
196
433
128
933
150
464
987
301
720
429
164
66
93
78
919
659
341
471
41
854
212
165
484
897
373
932
14
781
456
600
378
653
33
858
938
535
674
925
836
394
706
353
461
799
431
732
810
124
204
204
978
768
369
814
665
94
746
31
228
203
631
958
856
17
816
794
904
490
71
93
884
778
446
697
929
877
782
740
353
986
944
331
106
665
498
124
760
244
155
340
799
139
298
655
508
114
801
412
956
225
505
192
3
951
242
284
180
24
24
533
362
320
217
468
338
715
592
98
311
100
790
111
239
88
118
747
554
272
511
510
497
17
702
852
320
944
136
501
968
513
386
682
833
603
151
171
670
95
621
982
195
411
445
786
851
563
533
405
835
45
915
684
414
970
536
734
266
673
235
587
186
974
269
371
577
420
895
600
868
868
934
63
280
379
850
483
942
735
889
130
780
156
814
546
478
351
281
745
376
868
332
914
842
953
637
772
726
532
372
594
401
306
657
33
685
859
516
979
595
757
109
727
914
276
274
744
627
907
489
355
775
173
269
618
127
258
390
205
791
762
799
544
420
808
577
457
668
445
436
615
203
898
694
469
174
968
213
153
875
55
508
3
580
129
621
707
387
11
264
530
125
63
74
897
224
3
354
892
449
142
859
4
40
553
473
214
874
38
719
101
445
579
104
26
708
725
733
448
88
350
330
565
413
757
462
637
760
816
881
561
959
92
565
351
646
390
918
520
781
637
973
226
217
78
252
277
155
338
725
244
688
56
809
453
165
624
443
925
440
324
487
751
769
404
103
415
147
21
287
928
658
612
154
227
690
407
505
846
97
582
442
785
638
251
238
155
227
681
81
668
358
920
771
127
676
226
894
823
247
533
751
258
145
258
837
836
665
342
34
114
925
476
899
915
79
489
71
307
523
504
327
881
424
450
360
100
677
606
924
924
139
27
534
636
285
372
824
302
66
858
416
991
334
315
907
766
157
330
73
680
834
752
913
258
202
273
710
879
879
986
156
370
14
42
6
299
414
831
602
481
41
370
824
728
38
83
494
195
413
919
875
247
671
788
857
225
413
920
457
292
906
613
14
920
7
20
572
422
203
526
255
245
896
431
973
934
515
467
129
928
738
356
528
761
496
737
986
909
9
443
553
916
408
567
188
416
940
112
190
495
638
797
740
887
228
65
821
743
884
303
24
622
11
904
383
508
993
722
769
3
165
323
271
926
242
459
694
534
924
884
30
562
681
122
801
261
188
623
5
72
278
381
47
289
285
430
149
630
504
919
633
670
594
904
948
188
716
642
723
640
526
105
202
559
579
4
820
767
979
177
192
609
558
239
898
195
21
48
826
526
319
811
548
913
716
848
453
432
490
528
72
368
633
626
279
565
982
451
684
313
629
876
922
539
467
821
87
841
221
913
719
540
724
619
805
792
467
258
224
309
787
648
677
772
275
308
337
609
759
22
923
388
250
845
280
70
18
367
263
239
632
982
131
708
601
288
501
420
899
77
729
38
726
758
810
353
418
500
314
177
874
237
918
476
435
198
546
453
565
161
45
197
143
528
905
96
817
758
868
716
836
949
106
914
707
268
619
125
768
933
655
994
523
573
823
958
771
721
411
688
883
456
885
378
985
142
475
154
901
695
222
89
645
328
3
704
596
974
182
717
907
837
63
430
762
886
740
533
608
152
573
491
960
458
869
297
952
696
451
853
744
673
294
389
353
649
445
302
623
627
19
883
816
434
313
578
321
406
463
929
558
36
772
518
846
993
816
799
42
619
4
786
645
299
527
998
948
972
300
572
952
671
455
768
106
120
699
427
526
162
708
436
199
832
307
45
177
475
844
219
94
201
357
91
500
236
90
800
561
742
724
865
414
531
633
872
4
684
651
882
847
711
319
398
543
978
443
720
453
640
292
899
841
1
991
693
590
433
493
151
175
570
16
941
101
1
813
105
686
464
988
885
175
659
283
70
637
78
143
442
718
435
341
911
788
332
956
730
765
802
233
293
372
601
234
473
603
48
579
641
864
919
878
40
578
161
110
567
239
253
9
310
40
350
573
181
35
882
911
152
684
497
445
56
98
32
881
701
80
812
694
296
731
572
688
661
85
799
228
677
404
237
987
797
588
912
330
975
794
593
127
478
90
573
886
189
957
768
242
37
580
289
685
664
213
374
325
299
525
554
976
281
143
315
78
731
227
760
706
22
706
186
852
796
111
739
337
68
859
580
457
439
221
142
103
434
516
781
733
41
687
709
323
830
24
753
562
604
866
620
626
572
806
830
720
917
569
58
337
428
990
794
220
211
937
675
997
805
456
731
847
143
792
522
326
169
275
888
773
493
860
751
65
19
581
786
288
503
196
626
283
186
420
855
749
709
531
746
515
339
829
714
835
622
236
161
791
863
401
916
357
613
667
422
632
600
560
921
455
756
899
739
294
671
594
43
381
477
142
248
817
971
962
4
593
198
517
736
413
918
652
770
531
671
193
516
624
105
789
79
862
688
818
156
711
765
552
92
242
694
692
411
665
654
767
611
204
284
347
618
554
352
388
438
375
933
954
999
391
95
431
253
783
249
761
494
366
313
939
609
7
983
372
673
638
140
636
194
776
335
164
331
39
905
769
415
190
75
766
581
170
197
834
953
799
948
799
165
261
90
126
269
426
499
294
64
991
282
610
767
617
775
98
657
680
219
72
870
294
190
452
464
740
638
769
539
586
921
56
848
363
535
469
789
386
115
205
377
397
816
496
14
591
947
23
623
166
447
493
813
638
297
277
730
936
399
621
874
320
677
74
35
564
895
825
950
10
382
679
759
198
176
126
141
123
149
116
641
597
610
454
587
259
84
317
547
483
938
422
155
967
848
190
532
744
367
834
106
750
514
866
300
690
344
442
165
493
910
806
442
520
613
381
132
697
50
679
532
340
453
687
308
302
229
192
398
949
26
504
699
540
370
351
582
66
145
747
560
56
906
354
928
519
736
60
568
786
92
100
479
545
787
787
199
368
331
597
317
709
454
368
602
176
720
184
243
865
284
155
921
190
509
850
61
597
910
629
736
354
729
215
252
868
354
451
236
37
401
554
746
207
274
348
383
994
533
626
860
169
781
133
359
643
983
420
592
246
49
328
600
130
895
852
998
249
656
234
286
409
140
385
968
767
733
351
761
618
330
973
787
463
107
498
106
442
918
699
40
319
379
641
801
275
845
799
876
853
386
515
614
526
900
582
645
633
286
407
604
616
732
391
79
839
890
538
634
160
589
674
832
968
667
633
595
865
433
472
718
171
339
685
49
239
619
695
224
905
102
828
873
834
572
953
26
462
843
12
974
432
686
158
400
706
792
348
571
577
172
641
748
511
326
797
102
298
492
326
203
946
155
77
133
727
382
511
541
225
523
867
9
561
26
409
267
170
109
838
99
281
832
199
144
158
996
246
808
841
573
12
139
80
441
272
159
175
135
700
752
658
919
761
572
297
522
191
467
632
30
566
265
214
765
410
724
114
8
533
307
581
897
446
661
338
71
172
865
206
872
617
217
144
730
789
441
252
980
261
236
362
827
502
928
945
264
653
411
272
186
718
206
83
516
219
773
939
392
990
146
616
607
715
760
689
856
554
941
188
815
530
903
994
32
831
939
648
484
702
272
670
772
478
105
289
698
878
228
442
220
726
58
827
441
171
868
649
725
810
838
540
340
741
534
724
572
826
724
409
528
996
431
301
475
537
942
525
767
522
967
988
249
25
167
42
196
36
692
273
198
882
813
890
623
700
614
547
526
338
956
406
686
388
59
161
277
1
686
44
876
5
384
125
383
552
519
931
588
563
205
138
445
370
28
420
70
994
320
948
684
276
707
370
16
766
532
645
120
570
690
996
928
426
473
311
978
344
242
918
908
447
56
705
818
436
126
240
430
446
189
114
74
896
485
443
14
369
88
486
291
130
834
219
557
659
530
887
4
773
806
264
572
214
969
390
651
95
631
81
893
172
548
320
420
33
115
786
402
203
625
693
686
459
265
595
471
795
482
475
920
640
739
493
855
60
235
506
508
218
939
401
390
487
73
162
872
188
949
274
744
574
320
430
385
585
377
856
732
859
683
653
500
422
146
355
835
733
213
343
952
504
96
342
992
170
857
864
710
806
491
454
732
163
236
117
748
613
974
480
473
657
485
325
432
631
32
619
717
597
962
669
101
58
363
445
580
220
310
291
26
153
745
110
316
334
228
416
947
554
248
772
563
734
449
347
717
481
966
434
78
280
103
180
339
467
625
271
687
287
562
66
440
660
528
108
994
756
524
293
662
773
418
578
507
867
925
224
349
244
11
779
524
114
311
215
933
289
487
621
576
49
39
369
709
567
829
55
676
354
349
338
127
767
268
986
986
194
562
687
790
573
467
314
40
130
530
973
419
17
946
348
418
985
69
480
905
898
535
581
252
236
271
731
355
540
69
694
86
632
381
876
557
200
190
597
331
72
571
750
441
517
450
860
855
519
692
760
418
579
693
22
816
316
106
523
856
175
217
294
159
599
170
69
151
713
666
482
785
589
585
579
459
35
439
666
907
131
778
677
710
471
699
878
787
157
754
996
685
971
290
844
922
813
265
426
526
284
908
663
225
493
242
36
881
33
702
788
164
480
817
227
303
516
457
443
26
211
439
711
535
81
907
809
894
173
235
420
457
144
84
34
989
678
71
222
712
773
362
228
606
179
455
909
48
265
352
74
476
143
137
363
225
44
173
119
569
408
540
26
904
976
61
246
6
484
820
718
257
183
299
863
714
754
125
114
371
829
188
200
973
325
563
198
722
736
317
291
497
209
670
753
537
83
351
544
567
172
614
176
707
913
40
421
20
517
888
391
346
428
591
319
106
507
869
828
243
187
119
92
748
141
198
638
224
549
534
143
721
148
320
780
414
712
554
434
229
442
177
575
870
121
247
976
628
116
156
223
655
628
668
404
769
866
42
346
767
576
489
841
76
809
621
490
521
175
276
750
969
806
678
840
279
925
168
259
41
325
834
49
953
502
453
74
720
847
420
840
775
910
681
851
719
302
694
593
830
322
695
799
480
373
991
759
650
512
370
44
837
205
93
142
59
898
216
132
745
637
972
520
547
653
723
618
307
769
563
137
92
259
289
924
632
632
684
635
144
406
679
981
611
772
123
671
22
692
155
767
329
127
639
228
780
714
198
439
484
762
577
928
21
218
852
5
850
888
640
995
295
671
328
258
795
804
281
817
496
436
936
177
563
575
405
695
642
955
135
478
717
64
406
90
634
610
448
484
851
440
831
498
112
160
756
907
964
390
77
812
826
13
989
742
589
394
437
583
701
924
61
419
340
467
861
974
429
309
459
632
750
642
482
862
802
239
121
118
981
198
930
807
212
919
549
153
665
339
736
367
263
797
138
956
616
999
930
397
309
741
30
411
384
512
273
538
103
746
657
84
945
587
244
509
507
793
14
172
484
750
891
100
899
29
56
867
29
338
264
690
80
646
101
816
511
374
354
966
472
11
403
769
951
999
278
458
144
644
982
629
746
874
729
645
255
137
864
284
475
481
974
907
479
75
723
342
801
430
661
274
793
64
395
744
63
26
554
559
670
889
188
417
115
269
414
370
406
279
655
234
112
981
141
591
409
217
934
210
647
947
836
792
11
232
537
426
258
443
985
928
332
526
697
447
147
112
170
554
743
825
140
855
158
633
798
567
850
84
130
849
31
966
642
394
550
531
172
808
974
510
89
659
36
138
106
183
602
628
89
345
805
229
552
964
215
351
531
65
787
661
267
819
980
909
213
530
792
386
691
766
896
132
425
284
270
884
819
873
512
909
570
318
490
123
634
705
826
517
123
965
531
390
784
511
651
350
393
443
88
84
209
336
568
987
620
191
223
439
64
87
700
986
405
543
461
391
248
639
909
723
605
440
113
741
303
764
91
696
559
179
133
769
515
701
108
487
892
331
927
308
418
979
295
176
522
108
567
123
748
828
846
353
268
312
94
923
428
538
620
988
717
753
109
585
454
217
72
699
900
351
359
670
331
654
846
205
115
766
328
863
946
175
568
567
487
662
490
915
552
110
255
622
215
364
207
670
933
631
721
833
335
80
504
18
87
702
223
202
820
552
417
767
79
985
686
918
999
176
185
552
639
441
174
854
157
733
876
91
364
597
276
51
30
132
69
117
835
293
671
7
197
88
126
628
73
812
898
72
341
83
624
980
876
150
834
34
883
711
477
600
308
753
651
690
886
73
807
73
718
830
80
267
918
559
895
343
723
793
416
64
228
392
44
457
895
879
491
778
590
320
730
250
73
734
941
311
807
100
384
525
931
817
792
201
728
39
545
451
184
313
516
412
705
560
869
600
791
712
731
733
32
461
984
458
547
277
769
354
729
506
879
12
323
23
214
51
62
759
854
246
72
370
11
129
283
232
82
74
297
165
808
681
978
144
491
526
773
261
880
502
119
112
515
794
135
729
197
550
840
51
148
264
422
511
745
705
96
827
131
393
992
291
426
323
787
918
849
560
531
729
63
650
193
930
444
681
11
641
583
203
44
731
467
818
595
212
875
691
392
7
436
736
298
862
59
86
132
908
998
663
990
413
665
535
343
109
216
706
102
799
909
499
883
376
317
478
941
193
521
685
200
957
773
850
171
833
288
304
93
287
319
435
700
985
971
396
446
539
102
901
339
364
400
222
92
717
52
33
910
573
70
462
882
844
313
53
29
953
709
474
240
381
262
293
366
233
41
812
124
495
65
463
859
465
37
952
183
89
337
445
14
760
908
896
604
221
302
985
526
363
811
767
744
73
412
462
658
805
275
783
300
692
246
512
158
636
816
341
77
153
138
92
913
46
340
869
619
994
854
146
358
18
265
454
91
677
917
750
834
544
533
486
236
131
998
394
119
166
87
197
320
226
289
585
624
981
807
244
976
13
390
686
31
655
140
123
684
409
873
518
953
758
356
542
241
707
936
361
873
376
558
545
954
199
131
578
180
938
822
508
303
212
194
335
867
687
458
903
96
683
421
402
793
778
944
34
485
232
747
710
608
305
256
914
856
739
493
389
677
315
897
980
880
444
667
99
483
125
3
931
160
776
333
305
906
629
340
743
862
439
454
822
97
710
737
953
449
230
342
478
897
592
810
129
388
478
229
871
955
584
802
468
360
488
773
619
117
465
362
331
905
168
154
2
230
891
307
679
473
2
509
370
594
672
500
982
502
81
205
457
665
7
277
377
847
51
348
317
868
711
648
125
231
802
127
462
693
787
493
166
789
3
889
383
675
741
717
177
822
922
986
839
281
616
568
129
19
917
798
887
980
446
13
211
249
492
673
294
279
167
813
420
522
702
155
549
443
872
726
617
146
64
456
428
32
24
909
51
941
707
939
921
505
304
485
754
796
158
49
428
677
214
848
199
916
4
748
711
228
826
328
375
243
784
155
275
160
416
327
102
475
618
375
980
922
860
87
70
371
136
498
48
702
699
600
618
55
348
329
283
527
9
10
770
145
517
45
305
285
724
759
760
342
487
93
616
347
180
687
70
668
537
471
370
236
71
340
291
771
669
927
298
30
289
420
175
807
466
480
444
542
240
205
237
727
650
853
426
830
892
849
498
430
320
220
18
743
560
662
866
581
941
165
611
230
585
786
389
403
618
834
298
210
391
535
289
41
740
716
223
633
917
73
415
589
293
785
332
853
799
550
786
740
715
397
323
653
535
64
408
153
898
706
716
641
593
5
682
334
73
257
967
990
330
734
579
623
519
263
828
319
814
614
411
881
363
734
886
898
151
647
404
49
353
472
43
947
477
77
281
551
335
600
893
665
686
473
289
205
88
117
876
254
84
288
488
447
374
726
698
525
373
454
927
727
926
322
26
403
399
659
306
734
611
200
400
297
25
41
502
465
510
731
720
946
371
560
394
97
286
444
975
660
898
902
739
176
224
117
931
975
776
238
710
387
438
462
684
815
855
538
280
365
621
352
664
992
912
58
90
551
854
65
211
104
319
302
280
895
419
563
870
547
801
932
934
591
746
970
406
601
860
39
319
482
391
983
474
656
393
916
207
247
333
770
351
652
72
983
899
843
546
770
390
700
54
676
291
801
998
50
402
858
441
73
692
832
56
519
488
801
435
47
48
121
817
751
773
241
86
673
84
985
795
826
685
849
502
328
2
852
730
405
711
171
830
403
4
239
922
844
40
710
892
89
831
61
192
956
303
279
981
739
264
128
918
301
978
772
629
332
625
360
89
688
883
920
91
239
159
366
84
199
428
328
640
611
741
833
567
44
464
901
136
80
29
406
381
359
178
362
692
803
74
781
491
958
53
935
197
212
653
633
764
433
961
404
44
703
589
963
99
405
864
587
485
246
993
218
605
172
581
649
327
7
431
171
317
484
106
515
49
111
148
813
544
462
217
588
517
159
551
968
564
768
908
50
14
901
620
619
425
553
269
105
561
52
276
878
888
734
745
937
845
246
102
389
708
672
329
577
831
232
545
395
0
453
797
14
707
770
986
484
323
607
589
884
11
865
115
899
599
860
189
796
106
291
185
166
963
514
95
146
747
641
894
99
446
43
466
505
813
804
990
137
411
931
373
774
149
488
25
100
701
566
897
807
858
82
326
173
949
421
672
48
414
566
499
213
609
965
718
423
769
60
912
532
992
637
306
141
126
332
241
179
898
138
338
108
573
664
634
874
438
306
274
852
224
773
65
833
739
136
608
860
196
520
393
188
510
51
681
636
383
923
167
634
413
505
94
338
170
80
564
960
386
838
812
610
964
230
796
703
366
404
915
562
277
308
103
787
360
136
775
95
411
942
81
177
799
176
515
321
256
80
281
995
270
94
957
234
676
753
289
42
510
205
956
139
513
411
278
225
548
53
321
311
347
754
488
146
282
4
820
891
436
101
886
706
547
195
293
223
301
582
265
811
139
574
302
5
337
580
230
885
985
903
197
684
658
685
182
940
41
2
831
829
104
69
888
651
265
181
227
566
115
844
729
255
418
383
260
756
963
490
993
300
746
542
984
404
580
166
696
621
521
528
803
977
949
691
980
566
872
207
484
339
52
213
594
822
596
206
930
911
49
924
211
795
818
547
199
398
714
247
372
587
127
175
564
77
866
544
643
90
752
128
429
804
693
24
978
642
582
909
905
631
185
117
426
3
16
977
402
730
225
126
669
352
301
233
429
519
778
425
609
882
905
38
38
598
414
16
592
997
925
498
628
110
967
55
466
983
384
220
66
609
346
735
962
647
321
743
166
99
520
127
981
425
165
19
376
932
387
968
929
313
818
909
775
137
964
593
473
701
813
891
310
159
978
624
158
299
720
676
750
240
803
731
666
969
102
42
901
490
362
182
155
533
91
282
22
408
876
495
109
689
386
419
201
365
396
359
16
116
36
767
356
839
850
374
160
953
768
413
795
483
595
302
16
687
584
390
447
812
886
556
502
624
327
55
341
75
414
358
191
802
477
900
994
327
274
154
632
395
568
779
878
515
81
246
554
666
636
1
830
874
909
332
851
589
387
192
664
154
902
208
956
731
108
950
59
734
457
43
129
377
823
7
892
904
605
447
922
242
448
753
468
710
437
319
299
177
864
315
331
766
523
639
498
983
942
909
718
399
952
847
776
775
207
20
32
164
467
954
406
268
59
875
978
497
546
629
674
410
296
357
529
820
348
379
803
642
640
873
393
592
73
169
720
632
542
104
796
9
410
555
629
470
430
959
319
328
588
345
739
237
54
620
57
402
999
212
45
639
438
438
583
511
960
655
143
502
759
939
863
170
494
493
992
276
452
311
957
393
656
696
630
710
668
39
464
667
603
509
658
41
300
241
552
612
897
47
114
656
339
329
178
185
174
170
814
627
481
771
372
489
819
354
199
487
393
16
506
996
525
164
390
177
405
942
789
654
342
255
663
681
585
841
866
111
364
680
738
197
803
462
687
622
816
238
461
561
254
967
910
132
131
300
309
889
242
451
895
936
706
558
617
643
752
484
755
116
516
845
313
320
308
352
294
476
591
756
38
845
723
300
329
207
600
639
96
194
90
991
131
148
902
748
144
6
584
251
122
453
96
787
125
756
492
419
585
83
175
975
280
251
275
610
458
875
601
906
421
43
249
552
191
151
653
687
157
589
938
631
42
387
771
519
143
263
939
80
346
466
55
978
717
330
588
527
557
189
433
979
584
683
883
776
186
888
815
344
478
754
327
872
141
98
392
636
713
683
717
59
149
124
390
219
455
330
746
364
872
532
695
456
567
931
232
753
819
48
97
649
154
777
522
647
875
266
283
589
949
352
0
98
477
742
669
284
73
768
648
945
300
696
401
867
627
986
620
446
386
70
96
540
199
970
187
426
236
822
15
185
175
368
635
4
462
657
288
535
425
288
480
725
984
234
944
963
220
916
410
958
338
858
850
537
828
389
964
416
211
331
953
738
51
588
94
514
245
734
401
670
23
882
747
359
468
43
323
40
312
85
998
650
295
200
540
475
589
856
891
152
539
844
243
943
784
337
457
382
72
858
404
447
92
504
158
912
547
833
952
859
270
302
862
565
502
754
392
443
610
635
596
501
831
191
444
616
528
901
998
952
112
754
751
556
258
910
469
158
743
773
17
14
428
231
931
930
337
676
726
947
311
322
449
143
513
893
111
393
147
461
346
611
215
97
519
474
359
988
632
103
114
1
469
542
585
752
824
922
428
550
222
740
224
671
235
89
916
346
483
415
807
181
378
22
630
898
848
990
238
480
445
352
834
266
246
419
370
423
341
799
973
563
891
550
586
126
639
855
472
474
622
631
655
1
5
638
899
854
980
137
686
777
842
520
43
440
291
413
863
985
564
837
900
807
739
487
933
378
694
757
853
316
740
860
669
746
498
568
600
830
58
286
607
252
159
650
692
450
416
556
787
332
745
688
140
484
175
425
214
221
535
419
889
275
280
559
21
130
127
973
961
537
260
568
789
771
571
834
573
339
742
361
671
839
49
811
675
576
589
889
797
124
309
686
399
941
597
773
71
77
746
32
614
358
953
756
129
524
590
703
863
684
416
886
523
465
50
198
393
639
439
190
763
748
228
514
41
178
287
113
255
34
497
869
392
802
977
874
326
919
929
541
603
345
428
126
162
478
676
555
469
116
97
232
216
677
98
258
855
386
371
110
772
220
332
516
23
309
390
701
229
319
243
184
16
23
311
178
501
339
733
970
455
830
554
672
508
4
930
363
742
653
826
514
225
158
31
600
467
773
302
48
445
545
233
461
568
896
640
421
235
725
743
43
908
649
715
416
653
997
131
396
2
309
910
227
467
293
828
287
419
130
335
864
27
568
325
947
816
317
720
52
43
463
95
951
464
162
719
117
511
202
865
513
512
128
740
331
421
920
618
840
402
954
56
781
874
382
80
691
51
800
95
94
615
542
397
79
56
468
549
567
671
414
80
535
542
172
866
316
93
485
508
847
791
565
629
665
299
709
708
350
862
803
797
477
697
194
909
753
15
810
320
686
224
400
573
119
925
439
435
18
276
295
217
67
212
846
85
511
908
793
214
770
949
11
599
646
557
860
752
572
670
72
610
247
825
183
366
102
975
153
472
251
800
689
671
13
888
756
876
796
549
90
918
498
453
869
497
11
730
249
935
752
673
546
999
850
81
365
952
56
870
424
660
671
466
331
36
354
87
912
150
988
355
420
839
808
289
336
171
19
937
107
124
962
653
123
813
86
841
117
143
711
894
803
734
360
486
770
714
925
35
216
913
390
636
752
198
277
440
370
649
729
477
773
692
482
896
857
568
737
326
63
801
220
218
887
932
704
10
998
629
45
214
543
435
202
647
985
480
440
355
129
521
184
902
213
18
798
422
939
888
101
2
41
673
221
928
606
277
938
604
907
335
171
802
770
373
801
108
853
241
815
982
763
0
236
328
370
35
103
309
275
204
664
316
229
885
596
835
162
535
792
421
222
963
223
345
336
377
453
542
618
268
876
733
620
113
414
991
148
869
652
775
73
316
91
654
553
39
842
68
926
634
489
149
949
65
494
637
442
947
179
412
567
56
146
188
169
912
531
669
781
535
444
206
852
887
860
757
926
702
825
205
688
667
354
637
732
848
627
174
147
806
586
66
214
84
606
735
996
137
756
129
25
552
335
229
791
548
986
70
250
164
275
291
831
629
928
563
829
907
737
328
66
675
394
280
760
1
368
108
490
124
238
867
29
925
96
820
473
83
890
76
599
165
367
430
146
647
993
327
555
82
655
621
757
402
253
869
403
621
978
245
98
568
113
127
493
209
299
967
644
190
43
243
707
410
25
206
57
370
533
964
452
189
585
562
943
839
431
346
812
761
943
910
329
408
389
823
618
41
142
614
231
185
210
290
947
587
496
356
958
382
321
410
923
906
972
866
97
756
564
910
869
507
172
199
916
914
374
886
955
516
852
538
701
414
828
0
2
677
356
960
59
677
370
334
936
695
200
33
803
764
295
672
623
468
871
539
734
597
777
689
113
630
227
166
44
407
166
46
436
875
6
847
552
729
181
488
776
381
874
579
145
169
603
769
989
475
660
723
424
438
764
538
420
343
56
464
751
223
863
187
98
869
35
2
950
216
843
726
950
717
657
447
238
261
568
228
88
229
303
512
19
68
50
439
411
107
255
162
682
118
702
132
340
89
134
290
657
977
369
607
46
26
407
285
287
975
865
375
556
168
240
927
236
290
718
648
749
974
162
783
444
216
915
136
305
50
779
315
379
148
274
778
526
681
63
166
9
928
893
565
448
133
845
685
776
563
685
525
889
847
309
686
64
224
822
721
626
953
36
358
101
663
136
980
344
551
146
353
831
39
271
279
525
116
964
301
31
649
826
921
849
487
959
265
64
781
986
42
735
375
400
188
38
888
520
734
439
18
88
270
410
711
550
935
827
866
236
858
868
414
131
717
254
90
334
318
224
672
360
311
47
113
851
437
353
372
172
793
390
612
415
152
675
317
87
502
536
675
712
404
90
196
473
344
638
807
14
862
479
726
525
879
191
377
316
545
101
840
690
843
804
105
996
479
775
435
333
311
111
398
715
201
594
540
897
232
347
263
447
826
989
972
57
181
701
374
726
802
566
416
998
723
873
994
202
648
429
888
311
892
286
378
93
880
918
342
464
265
605
911
444
947
236
501
128
937
227
206
92
146
974
90
869
847
436
423
848
217
311
159
110
597
538
555
829
456
898
294
74
855
557
870
802
145
723
282
83
303
488
527
449
462
617
670
310
405
445
158
622
757
669
732
706
207
288
888
664
538
534
90
393
91
960
196
589
683
478
672
986
319
551
787
781
168
809
443
573
255
953
547
364
623
280
70
830
568
310
846
106
844
288
851
288
248
399
877
284
230
901
622
549
452
410
682
972
219
126
897
474
79
444
838
54
724
261
237
644
571
435
102
768
724
954
56
324
353
285
608
583
186
231
484
990
993
167
962
212
293
859
39
724
303
229
131
380
842
368
24
766
155
127
534
879
433
942
556
138
227
164
722
765
747
558
755
740
725
717
305
370
928
344
95
231
925
578
611
768
946
988
534
453
115
68
333
900
10
889
38
589
405
112
354
153
671
461
245
396
530
550
767
458
246
214
689
172
792
653
940
90
641
474
543
108
894
228
8
904
469
46
845
227
159
551
732
830
12
977
578
542
880
697
0
126
911
41
298
55
694
238
497
687
64
393
795
958
973
803
862
443
850
59
22
9
610
754
191
974
731
769
868
963
467
220
90
730
262
388
138
308
979
635
348
43
28
143
2
2
947
216
797
149
276
819
510
238
925
701
213
8
822
81
972
641
302
62
372
916
450
510
576
429
497
924
825
526
68
827
880
367
43
29
516
319
200
378
910
125
79
123
133
253
556
105
895
210
519
267
478
970
129
55
751
626
331
576
504
751
755
384
470
799
413
338
470
965
716
380
90
147
855
224
401
412
681
296
974
201
915
453
523
396
860
626
22
191
555
527
943
310
263
413
461
29
104
932
994
820
664
85
968
872
661
721
284
342
369
258
895
284
63
418
680
923
45
54
115
600
581
410
262
845
175
724
226
279
8
220
100
24
657
420
896
318
141
532
13
510
791
908
146
854
327
178
778
724
232
245
676
814
655
938
11
182
14
589
462
22
809
914
47
467
334
295
785
827
828
150
689
971
59
835
825
738
13
955
462
245
552
138
411
559
428
774
742
443
363
556
465
525
470
864
344
156
512
481
335
340
632
24
311
691
859
488
429
224
796
891
821
348
381
233
908
809
359
2
604
75
558
422
952
380
286
296
888
150
777
223
490
409
599
801
100
458
642
881
34
438
772
855
786
505
440
46
667
152
48
271
227
606
693
179
338
332
827
226
482
604
449
973
14
48
126
466
858
120
348
244
558
472
100
697
978
540
743
645
692
792
268
271
750
962
802
89
294
629
315
128
234
117
453
600
517
932
66
728
52
766
972
611
239
72
308
569
965
51
566
9
195
834
281
946
796
435
387
442
65
702
571
651
171
376
251
41
308
669
769
361
436
93
972
27
518
632
596
483
35
162
844
231
996
125
529
145
561
916
587
978
970
510
629
494
887
232
535
195
901
656
908
689
749
232
716
619
864
312
102
900
826
947
483
823
424
12
968
337
280
907
315
250
770
296
96
657
528
631
204
782
287
465
471
389
697
540
8
562
204
463
814
31
762
649
854
538
13
174
876
293
433
543
895
203
840
992
860
368
975
417
502
263
882
974
4
579
866
12
493
70
827
659
101
589
308
307
128
321
481
356
966
915
899
862
118
91
206
331
812
181
100
314
444
334
288
800
913
154
165
759
225
992
418
678
934
79
986
414
400
819
122
367
86
21
581
557
465
787
888
277
968
340
591
765
674
232
565
939
738
82
698
315
75
469
994
361
548
332
775
300
151
897
19
238
270
600
795
735
387
35
364
708
375
956
473
49
540
390
988
278
473
39
594
900
860
588
261
760
920
388
60
423
637
432
661
907
32
808
995
772
843
711
480
570
667
305
971
559
47
312
838
520
703
432
420
563
372
33
323
644
421
735
67
58
167
81
318
552
241
665
324
437
376
156
7
396
813
979
955
860
643
145
381
346
577
153
909
949
539
584
945
960
671
13
371
839
446
41
743
687
58
419
124
786
575
484
182
740
815
490
600
458
635
333
804
565
839
65
866
378
1
812
690
672
177
413
863
623
454
606
662
512
25
139
651
952
623
833
692
790
675
645
248
663
978
404
580
817
821
446
547
822
610
238
494
787
3
358
762
458
316
777
322
694
916
973
646
891
159
691
681
186
336
281
201
666
37
781
836
858
580
383
680
190
973
526
330
977
884
444
787
553
221
461
247
489
787
893
732
298
936
413
836
272
46
38
291
83
819
127
941
399
862
973
942
188
500
272
165
736
716
304
289
290
117
536
779
256
782
864
906
718
629
743
343
676
781
634
111
952
113
53
704
975
378
646
163
878
918
680
615
986
336
256
276
806
793
408
62
575
272
969
293
901
64
636
929
845
622
41
149
735
446
853
711
824
499
226
55
769
907
670
756
595
278
384
401
71
792
816
646
416
785
292
670
849
280
599
46
903
640
195
638
86
401
701
263
900
928
318
22
187
340
778
134
618
514
536
690
307
352
688
75
489
980
745
338
261
345
736
516
337
283
154
776
684
856
39
585
136
357
607
675
49
737
809
667
251
697
709
910
49
398
986
538
730
731
228
343
428
316
859
118
600
14
894
284
222
933
869
710
642
828
385
691
917
546
358
169
244
68
79
645
818
417
536
548
501
116
892
929
433
751
399
33
117
293
317
339
226
539
401
220
719
138
911
637
685
622
158
281
42
237
926
860
7
814
760
508
931
652
789
364
756
189
749
873
482
418
565
61
309
318
281
29
457
545
18
494
167
176
775
561
765
53
773
772
868
533
280
151
538
422
515
294
611
616
519
445
34
84
506
344
403
140
373
212
37
743
706
556
919
833
117
684
238
890
809
458
423
89
609
961
511
476
607
474
92
127
920
127
563
778
471
966
918
196
530
955
291
588
511
210
421
980
246
12
870
55
470
646
497
432
959
360
908
567
835
1
694
107
480
257
885
303
576
156
851
106
463
142
695
327
704
468
659
302
480
530
358
303
528
207
735
487
919
643
54
106
996
100
213
828
358
451
131
934
959
982
392
774
476
439
453
180
260
113
483
92
995
193
395
523
400
482
10
671
478
417
778
474
517
991
303
227
794
786
513
105
121
906
880
597
697
333
778
957
798
613
50
793
806
797
316
558
280
679
229
110
448
7
936
965
351
591
193
497
378
58
603
499
964
483
96
14
168
226
323
967
191
725
112
997
523
429
907
155
460
489
265
908
848
201
225
551
793
770
49
523
829
4
22
145
487
470
159
7
49
835
326
240
560
439
590
435
220
849
590
680
690
207
940
539
761
165
442
906
936
491
781
117
847
803
262
334
625
774
694
674
609
20
267
169
459
857
605
679
58
547
711
749
107
651
288
220
169
82
478
105
574
259
222
773
414
836
108
39
610
154
66
219
526
685
741
986
542
698
17
952
245
81
701
704
732
341
924
901
424
402
358
350
661
932
123
75
769
583
467
731
737
885
303
264
570
44
602
464
742
971
416
339
52
118
44
137
459
320
390
883
723
101
233
736
385
357
164
154
292
631
238
30
516
541
646
86
937
248
550
679
571
318
370
976
436
766
465
896
87
855
131
162
308
717
898
694
426
414
200
718
45
438
748
913
331
394
351
268
994
253
299
566
572
670
894
8
436
359
256
875
566
740
37
875
457
936
921
883
702
121
601
748
912
350
13
595
96
717
864
443
970
515
361
894
185
255
255
974
614
863
849
180
603
887
407
60
175
328
943
877
802
545
977
66
247
343
661
695
60
877
138
382
393
499
629
930
754
884
904
368
747
106
901
703
345
308
763
872
637
59
101
439
604
431
505
203
774
518
898
186
396
389
920
789
888
549
719
995
785
976
715
885
434
616
588
131
925
351
3
562
410
104
353
366
887
210
921
13
728
172
199
124
561
472
913
801
21
985
796
159
313
864
44
99
480
632
230
405
335
233
319
98
689
672
816
929
234
738
942
963
910
494
87
823
966
353
624
339
690
773
498
355
637
542
454
117
526
684
875
862
269
194
960
310
219
776
591
805
866
534
768
776
28
208
599
346
561
576
685
603
349
184
958
986
78
764
455
605
800
682
819
69
229
779
731
800
907
323
605
774
209
374
902
589
582
854
935
495
430
620
450
779
804
760
117
235
524
924
840
324
607
659
745
836
790
828
636
49
503
241
175
712
967
78
301
901
932
236
748
714
857
198
845
13
958
314
600
834
238
440
158
845
451
903
33
241
732
21
643
235
263
818
300
582
896
601
484
180
190
232
894
399
783
91
764
93
405
365
928
644
157
86
841
609
342
875
202
426
248
845
13
511
16
665
446
912
267
930
445
809
514
691
208
649
783
324
743
188
41
23
832
199
461
26
160
803
253
714
581
501
912
947
365
928
612
811
192
231
741
637
40
607
329
600
257
464
925
352
652
318
375
837
517
836
863
29
992
468
744
573
969
656
520
334
584
485
497
128
716
238
766
757
198
447
709
807
263
986
159
915
305
886
104
822
722
319
204
66
787
948
992
109
604
864
795
540
349
293
20
66
883
138
175
81
937
884
888
200
871
399
468
528
285
572
702
360
892
906
778
31
854
770
140
810
635
288
702
336
581
723
402
464
861
929
898
799
814
138
999
37
538
467
565
175
392
619
887
636
526
666
667
380
436
160
543
423
448
245
760
29
320
514
845
182
444
743
333
258
234
684
647
124
504
564
299
896
183
187
532
709
205
199
442
641
711
337
417
159
582
177
540
255
691
386
789
135
481
122
745
67
806
744
191
310
308
491
558
492
30
90
553
587
642
347
228
353
684
997
865
619
174
405
874
218
143
15
705
977
137
803
44
295
547
236
606
856
79
164
700
461
607
605
48
249
305
628
602
341
626
467
960
152
225
186
370
368
201
76
345
690
231
742
986
778
330
944
986
409
460
38
222
67
996
270
668
301
898
623
642
876
90
955
29
667
141
399
388
695
827
85
385
58
827
371
189
157
667
175
918
128
214
140
547
562
410
216
863
661
839
505
537
281
460
566
949
954
318
337
649
145
422
386
556
602
110
745
759
777
920
678
257
486
170
805
48
581
21
263
594
212
769
131
493
581
50
442
887
368
131
888
865
906
275
421
508
737
166
267
866
439
297
124
277
468
281
678
401
654
941
995
866
62
478
711
644
880
506
883
600
637
772
466
543
399
239
51
136
758
671
354
549
320
830
826
788
111
504
541
117
798
888
983
860
367
695
856
599
201
740
200
190
512
18
86
263
257
489
751
367
160
105
916
481
936
95
621
47
599
163
165
749
51
500
610
770
547
466
722
100
558
922
291
422
940
377
685
549
218
436
917
379
894
185
212
830
280
185
229
232
700
746
981
752
599
591
874
146
410
596
247
968
870
890
391
162
619
428
64
837
217
981
568
111
518
132
941
799
318
522
31
18
269
364
122
868
308
997
366
70
945
965
38
168
207
781
330
826
562
394
16
779
727
936
890
246
69
183
397
387
57
780
405
326
144
528
546
804
877
265
874
174
230
265
694
790
46
25
968
960
771
984
739
499
921
981
97
342
516
494
729
574
274
486
252
770
366
151
575
595
416
449
770
998
66
464
788
113
841
757
425
613
93
165
464
366
498
561
708
15
407
437
589
33
924
841
803
642
992
730
238
760
532
360
759
598
824
899
63
18
8
489
983
102
6
447
468
504
360
529
519
767
318
460
152
594
302
955
237
646
38
475
407
570
835
518
520
11
417
936
29
778
425
12
880
783
811
700
287
171
581
159
290
900
619
442
494
273
750
731
272
140
206
679
62
393
549
582
405
318
870
786
96
295
799
328
78
962
381
718
486
962
229
128
862
200
923
357
474
25
88
746
165
647
777
227
40
678
161
445
996
32
232
445
679
383
773
110
697
154
180
183
117
409
664
331
609
587
688
435
612
129
533
777
128
662
356
168
340
869
966
689
901
550
134
581
285
259
43
982
766
223
518
235
632
534
566
593
121
607
29
85
736
914
862
864
577
570
384
917
439
702
958
693
252
444
626
889
56
669
224
822
892
94
409
876
628
975
821
749
934
850
834
22
765
48
886
694
970
623
963
761
325
922
454
930
718
80
819
774
749
43
948
993
137
357
221
765
685
43
866
619
245
52
642
362
452
880
56
422
503
20
184
181
294
638
111
12
71
930
787
820
326
735
166
463
93
387
229
130
782
447
749
28
500
743
390
952
624
799
727
479
819
263
660
113
253
123
125
324
406
264
497
732
0
15
195
445
754
776
575
537
224
676
917
76
420
659
380
396
458
107
875
629
722
888
742
328
363
220
4
769
484
501
501
836
868
49
633
623
825
560
512
401
589
429
477
9
440
858
757
899
317
984
528
392
872
623
720
588
195
724
357
31
578
211
868
446
612
853
421
437
766
933
191
355
714
20
716
155
878
473
406
548
457
286
292
682
261
12
270
456
88
979
488
666
542
708
465
154
561
238
944
327
524
135
34
238
155
750
745
386
223
151
286
33
790
578
715
51
590
337
508
30
316
996
49
211
56
514
365
617
104
661
297
628
796
331
219
304
434
964
42
657
468
328
690
258
906
757
309
848
94
169
878
763
517
927
974
573
793
691
543
898
353
192
878
501
523
97
805
957
62
199
967
530
527
9
140
785
767
801
633
213
971
512
328
488
791
654
414
937
346
957
187
51
149
65
552
24
163
710
334
577
909
653
459
789
662
599
574
781
400
208
347
723
72
675
564
215
330
978
152
28
287
339
79
788
405
631
812
920
693
498
497
603
151
956
392
166
555
318
299
307
526
646
31
950
322
595
166
4
925
670
32
212
10
111
0
767
94
164
687
788
663
184
743
166
140
487
332
47
805
984
354
684
630
737
634
304
684
152
308
609
823
692
173
833
155
525
600
250
42
287
38
705
823
781
223
963
620
908
10
425
892
716
109
874
454
96
179
490
248
839
452
71
532
977
256
687
503
856
289
545
495
327
602
318
460
177
633
80
85
995
858
329
712
967
204
518
415
383
360
664
574
812
735
458
790
992
498
293
200
787
190
48
467
144
718
279
321
352
712
759
699
570
88
763
889
292
281
305
27
642
969
602
806
56
412
596
400
910
241
953
50
783
353
517
927
71
796
601
775
508
360
475
430
448
238
320
93
872
977
472
866
298
74
672
354
839
269
107
749
862
412
799
646
765
668
925
836
817
526
612
325
238
87
108
687
677
428
132
549
405
604
415
703
31
88
409
870
709
868
971
923
280
123
569
45
791
847
882
608
373
846
286
612
285
394
651
962
174
783
864
931
739
279
986
122
719
747
992
780
616
316
704
896
439
625
294
582
472
176
543
198
374
181
810
659
927
813
621
101
948
837
384
39
469
722
162
540
469
154
321
85
822
377
334
613
354
628
196
827
156
91
377
530
272
539
189
551
352
162
4
652
0
388
691
469
110
853
9
579
360
682
17
182
59
703
796
766
331
344
593
487
787
322
17
411
861
558
962
213
720
966
865
72
354
908
893
816
762
903
747
122
937
116
304
349
819
452
115
150
148
60
989
935
382
358
346
243
916
308
808
637
274
25
61
980
933
955
148
695
210
896
817
147
12
474
496
832
278
611
334
427
23
324
362
405
682
61
648
599
369
808
588
996
833
1
328
767
956
477
462
166
725
632
314
89
458
162
273
736
126
608
515
149
284
230
907
966
291
555
917
12
364
857
8
549
859
689
316
167
166
131
334
243
763
0
332
573
514
606
309
640
566
825
142
850
55
49
168
698
956
438
710
672
295
71
222
506
760
538
674
278
21
8
521
136
360
205
709
874
163
371
867
81
548
9
931
955
58
452
653
366
890
363
39
185
434
261
44
546
151
718
824
173
78
697
309
438
903
19
312
418
390
531
500
938
540
431
893
950
235
898
317
125
613
356
663
48
969
707
946
120
425
771
293
503
468
955
941
723
974
605
494
716
137
994
6
29
777
251
980
13
149
649
138
762
357
801
162
326
860
461
798
285
232
444
140
52
399
433
128
725
39
622
441
528
616
799
909
745
402
889
758
551
890
249
665
247
402
180
925
263
641
724
548
225
168
689
629
919
122
109
644
513
731
437
393
699
236
303
445
638
544
555
541
787
804
558
34
207
90
312
470
83
388
370
660
556
411
290
827
886
399
471
399
483
908
145
534
496
800
331
134
344
887
27
131
691
937
518
250
28
182
72
463
570
443
124
478
854
766
305
92
517
776
492
0
36
989
887
532
789
218
18
485
105
397
969
149
334
839
399
714
21
472
178
943
267
654
421
473
420
78
566
937
206
410
290
242
751
177
126
540
395
496
377
501
893
346
2
579
537
401
646
910
225
824
853
844
478
274
670
898
352
236
187
558
998
477
152
749
654
278
289
402
126
18
255
371
717
257
951
254
10
597
165
588
773
18
432
603
645
102
853
349
690
40
260
688
870
412
437
524
43
78
278
169
449
533
541
166
790
844
772
801
793
937
389
918
308
173
521
305
628
726
654
670
118
914
359
988
327
148
865
722
579
143
243
28
677
136
546
819
980
318
620
125
608
361
395
916
887
268
221
515
994
227
537
113
142
896
101
821
397
318
543
328
462
786
356
491
275
254
310
255
572
283
733
180
996
128
448
883
397
669
750
743
897
288
856
391
536
310
212
933
980
107
261
794
245
969
285
520
223
948
128
148
231
861
328
579
341
777
463
90
798
213
834
47
853
42
790
390
704
2
675
685
461
289
479
59
258
765
579
834
65
59
334
648
272
14
227
614
143
690
56
942
256
890
341
109
933
132
499
637
486
175
674
300
464
154
359
74
271
290
260
336
350
946
336
622
961
563
588
104
254
645
398
862
887
92
971
172
224
823
810
62
350
836
714
166
990
73
592
261
716
205
949
66
151
285
40
112
201
629
569
455
626
967
669
513
411
992
686
635
815
848
50
517
684
764
683
27
190
628
640
906
833
942
324
336
579
364
801
780
345
370
587
323
689
256
189
101
249
875
88
416
75
490
934
111
607
969
490
797
949
131
55
134
425
379
471
4
95
624
785
441
994
372
764
35
629
305
488
230
532
929
998
607
771
932
71
378
254
561
527
555
44
582
690
821
961
161
826
57
785
611
850
131
335
966
518
316
272
359
546
804
640
545
764
411
829
835
790
435
748
317
991
145
252
681
966
213
194
144
622
331
755
824
814
91
791
332
407
415
43
306
571
683
203
335
95
384
522
237
820
623
554
163
120
158
196
86
724
390
231
346
73
338
523
887
781
666
571
541
81
615
199
652
298
402
340
745
786
214
982
958
837
889
121
957
47
317
396
771
59
979
470
132
669
993
19
451
659
943
344
92
558
543
96
208
945
436
954
83
3
936
42
192
825
163
150
225
481
898
996
892
229
466
25
898
811
396
701
822
339
45
914
897
588
11
106
885
799
412
969
154
348
11
347
526
526
849
751
359
747
99
252
328
918
277
226
729
25
280
552
365
325
466
614
266
829
72
503
981
484
472
135
833
835
482
711
362
331
462
721
430
561
325
758
479
954
337
561
980
969
113
345
294
931
311
912
113
384
416
94
868
240
581
53
428
416
764
142
99
578
215
530
140
541
640
971
495
329
532
475
298
997
172
945
929
484
857
42
220
625
488
440
218
421
494
646
837
610
788
937
189
3
819
681
896
459
4
392
789
537
867
87
886
392
32
815
228
242
209
448
219
49
240
437
823
734
435
660
697
575
949
238
931
768
271
827
580
275
571
721
164
791
160
51
183
545
218
763
139
780
211
358
829
451
148
652
538
935
665
587
863
966
825
794
87
448
973
667
723
545
740
240
336
252
291
871
149
861
634
288
641
197
999
823
0
499
475
890
434
492
477
297
459
654
443
546
102
769
565
178
314
657
418
2
909
709
225
59
922
859
699
564
408
698
387
408
197
214
299
984
59
128
633
518
783
77
416
885
846
981
63
512
990
833
866
899
542
91
310
817
302
10
381
62
60
120
470
610
334
121
594
393
250
579
263
33
8
679
270
206
12
686
718
354
519
936
606
414
379
916
231
33
278
612
95
691
84
566
301
418
39
247
164
289
826
779
674
835
811
945
41
823
983
112
530
502
48
136
916
780
52
499
813
683
463
909
374
547
827
675
318
866
274
482
508
100
613
182
287
424
479
329
600
462
793
130
965
193
266
233
973
670
733
787
353
196
48
79
96
875
106
414
93
380
248
601
833
861
136
120
286
615
801
238
78
594
368
395
140
634
628
113
656
713
900
10
262
948
89
358
175
196
772
269
928
372
222
761
585
358
234
871
974
35
461
52
982
829
447
122
815
427
587
472
141
488
834
403
788
275
113
316
823
237
937
752
609
159
865
194
518
99
418
844
487
879
248
469
61
47
943
876
474
530
700
615
370
534
370
511
162
483
827
985
720
116
89
681
275
955
228
145
406
646
989
893
877
589
714
938
636
9
815
111
540
867
78
262
402
801
125
916
636
304
901
357
420
343
390
48
650
618
193
56
264
535
950
142
124
664
80
761
26
247
872
918
115
302
180
869
103
658
785
740
962
38
449
735
733
839
783
383
810
976
440
426
511
742
920
988
758
353
749
784
600
973
702
67
275
235
288
731
893
73
471
855
464
272
942
197
463
725
933
273
702
373
52
565
115
972
553
225
325
654
10
278
627
712
345
255
947
634
986
192
59
809
400
875
433
342
425
896
68
358
522
122
83
574
687
550
898
593
775
224
247
785
502
227
850
199
834
149
185
172
342
597
333
742
824
766
84
249
14
152
959
888
274
394
814
314
944
713
259
72
937
858
209
791
85
59
342
271
561
880
443
903
829
776
997
653
894
81
255
909
586
214
149
212
609
964
878
905
677
137
977
966
996
187
109
433
598
803
705
159
683
148
414
512
277
411
166
171
845
773
432
783
987
582
995
948
898
226
854
575
363
183
893
359
370
2
145
321
805
850
832
841
350
247
705
627
10
223
151
855
996
935
990
984
517
338
284
767
564
138
694
927
674
587
639
396
941
784
717
99
986
550
940
336
149
645
964
159
869
467
367
865
402
357
201
272
695
486
39
259
976
734
539
650
673
178
47
615
314
116
714
300
18
6
636
167
3
952
679
872
419
46
90
174
403
643
446
451
129
837
710
458
923
601
460
597
779
859
212
445
976
278
745
346
284
382
514
639
686
545
864
458
591
954
632
346
949
430
149
431
267
860
889
191
461
701
140
593
561
352
38
889
982
784
235
618
518
101
257
556
646
121
14
589
427
998
288
377
428
437
808
48
649
49
591
111
750
731
56
311
435
446
200
417
582
788
35
100
889
644
9
888
118
375
477
545
374
765
274
154
555
434
202
204
835
793
667
586
876
723
249
311
170
802
80
752
590
115
205
831
112
566
719
230
941
549
127
667
666
402
822
221
188
376
426
24
170
445
962
398
169
211
710
691
365
790
795
307
258
352
139
722
270
210
952
212
111
431
879
778
185
701
351
374
78
777
398
600
223
712
350
744
923
60
787
641
203
934
948
813
287
439
535
557
2
839
121
113
270
353
891
456
406
243
182
836
372
932
788
947
644
139
43
919
551
182
560
754
117
509
919
756
300
454
665
302
293
787
416
564
492
659
372
898
254
554
735
979
486
523
278
130
662
674
49
566
856
962
672
973
823
592
81
123
46
747
778
340
886
194
256
378
205
980
276
812
534
363
791
372
887
421
854
901
95
255
467
952
217
140
277
392
732
359
516
130
106
646
822
344
192
430
722
397
410
350
209
296
714
352
20
953
774
874
206
869
482
26
173
51
518
451
444
602
810
312
732
268
958
555
612
150
337
686
547
748
36
109
396
102
813
417
407
939
643
614
161
125
640
334
177
510
137
621
112
947
285
844
567
243
751
531
393
441
217
292
189
606
753
937
60
567
354
468
858
350
82
19
475
74
354
4
936
491
977
48
791
262
244
710
505
348
242
250
789
459
543
330
417
648
267
478
215
974
946
74
676
380
445
151
806
151
156
742
643
485
142
786
748
386
496
253
86
90
504
227
902
399
557
319
47
177
797
615
503
95
41
179
827
486
682
633
638
190
727
633
676
869
771
424
608
619
29
46
710
885
274
612
284
831
283
684
360
433
299
215
528
340
394
356
178
429
341
168
619
421
801
295
642
572
71
250
192
101
297
254
338
923
866
975
106
501
659
467
934
310
682
815
650
429
523
180
858
864
349
477
637
150
125
280
75
196
530
619
649
179
873
340
454
91
315
561
592
974
28
879
284
62
694
286
491
217
818
701
433
167
179
71
670
656
351
97
204
233
716
854
765
941
546
219
32
861
780
976
187
160
855
471
223
901
109
66
118
927
768
552
447
299
975
469
955
326
566
159
911
634
365
676
575
911
248
959
772
28
287
959
189
143
782
764
396
243
830
515
523
598
419
322
897
746
791
204
424
709
364
335
343
729
364
270
993
612
229
765
992
868
77
181
11
211
297
760
807
128
275
330
78
46
652
328
792
443
532
216
504
896
903
847
978
267
117
971
879
698
88
872
566
517
405
930
81
703
690
888
183
317
218
261
715
222
941
507
665
474
75
169
722
978
368
700
598
837
23
477
887
464
701
453
333
107
735
414
162
777
302
697
446
872
958
161
94
900
20
111
726
95
632
448
426
0
501
24
189
876
853
76
340
555
882
26
14
617
440
528
747
95
225
193
967
535
355
62
435
375
173
513
823
158
962
601
158
463
977
700
691
182
776
32
737
658
58
103
628
850
983
727
945
208
920
913
744
627
327
531
355
852
45
178
10
359
131
521
174
460
221
865
642
997
249
732
8
307
187
988
510
171
715
455
379
635
720
123
615
47
7
970
252
52
500
262
763
631
783
937
443
4
802
85
354
52
817
362
711
5
350
221
176
417
29
907
404
101
383
19
501
390
989
753
794
489
15
557
472
799
494
915
155
648
353
509
700
522
871
764
879
573
985
407
990
366
315
395
468
698
414
969
440
756
722
234
597
89
791
70
240
637
337
396
285
42
905
338
565
777
102
444
702
439
852
693
806
519
88
626
217
854
595
657
610
669
243
208
110
386
630
351
375
319
747
12
362
652
350
279
781
804
75
484
244
279
177
50
798
617
28
367
823
975
376
786
644
619
346
754
357
976
105
732
647
204
745
361
857
447
640
638
252
68
474
496
347
3
898
146
972
926
865
796
901
242
582
897
213
928
3
923
256
461
655
903
665
752
617
522
200
257
513
452
325
987
948
25
343
198
171
315
124
388
111
377
630
45
274
196
973
277
119
581
738
126
485
404
879
102
278
79
711
791
531
389
131
831
414
826
29
937
141
505
325
605
882
308
650
156
856
624
785
975
557
876
453
42
280
332
496
910
763
560
54
646
949
537
477
715
363
858
652
504
363
329
109
245
637
760
753
493
736
891
820
293
767
274
688
399
958
536
309
722
96
363
368
397
900
198
464
263
56
116
120
772
446
229
369
435
341
123
281
429
14
101
75
781
727
763
180
686
651
841
760
100
205
480
849
457
678
314
721
87
782
193
859
580
422
228
16
116
703
297
545
717
398
972
850
478
87
382
164
739
576
924
839
781
756
40
238
435
354
311
874
137
504
733
717
279
313
85
747
17
382
644
86
133
617
289
611
704
23
127
795
599
403
986
732
159
27
971
594
381
634
468
870
491
553
940
122
867
25
869
236
408
513
322
893
130
963
504
187
987
631
982
938
34
969
671
545
996
994
492
729
628
960
600
471
866
540
593
85
565
462
321
325
976
995
218
458
959
722
997
298
705
980
236
91
949
907
637
297
901
129
26
882
441
978
705
659
518
299
744
436
761
65
761
89
413
332
900
724
406
897
22
112
877
610
555
178
870
192
475
771
673
854
5
467
832
711
126
351
362
871
139
123
288
252
565
701
584
465
777
991
714
799
103
592
762
10
122
632
203
950
755
228
804
761
695
636
824
822
339
186
693
478
661
333
83
226
35
667
43
164
658
758
964
113
702
726
124
176
358
679
126
113
907
930
226
603
919
402
777
258
940
470
89
602
155
172
180
542
191
224
707
850
334
671
315
36
749
439
212
459
470
691
924
378
621
503
333
540
905
110
151
846
932
592
800
87
764
980
630
955
556
337
157
890
360
473
278
461
264
843
272
87
534
196
465
155
51
150
48
309
612
551
507
896
143
307
335
259
639
317
566
196
6
76
86
366
901
365
179
165
560
451
252
94
0
69
601
403
571
1
712
183
552
219
79
47
878
767
306
518
84
225
714
91
301
800
809
202
517
989
719
77
792
972
523
792
393
125
196
965
126
260
500
31
832
932
78
710
699
737
228
783
962
294
226
263
447
36
817
964
25
536
394
817
860
917
962
606
394
510
571
873
770
423
904
954
707
982
665
406
719
245
542
33
540
768
648
987
804
465
303
181
2
49
351
214
319
313
820
713
175
743
586
297
167
842
252
874
177
917
633
248
514
527
282
54
295
930
41
452
748
697
985
750
746
336
316
65
1
137
131
176
880
69
826
399
912
78
626
89
347
259
337
861
786
971
268
433
902
661
885
650
358
871
752
457
559
420
522
561
557
5
89
790
75
915
189
339
993
815
780
692
426
117
906
212
441
174
998
695
835
235
697
194
458
449
651
18
221
525
579
779
883
668
921
310
936
462
649
929
630
429
974
56
898
880
621
691
54
971
386
889
206
83
435
665
884
438
683
106
316
614
237
199
634
158
509
570
972
510
852
602
291
826
11
541
58
632
233
112
603
619
353
161
703
789
826
587
227
861
693
895
827
282
94
814
440
955
384
765
465
588
367
756
766
378
650
824
362
883
288
317
502
642
831
557
783
657
145
362
871
190
258
698
473
352
864
265
308
601
30
125
189
750
234
308
480
884
132
195
767
773
864
621
415
695
179
198
705
676
912
576
866
170
626
691
875
491
309
183
92
691
660
633
441
894
941
274
130
426
469
897
199
333
871
966
381
50
516
86
726
428
662
944
599
640
988
474
131
297
9
575
988
669
209
430
916
150
56
46
928
525
296
127
210
519
93
591
569
609
677
647
38
691
943
989
332
931
815
815
580
824
391
569
845
600
351
113
102
407
512
31
284
808
510
494
679
604
86
600
565
115
599
955
807
542
944
139
826
759
954
406
935
697
327
781
649
30
894
752
789
758
135
73
918
645
568
597
601
6
197
519
121
796
474
928
691
771
419
869
882
374
627
818
71
955
951
73
985
197
825
775
956
312
200
