565
653
145
560
655
561
438
331
483
494
722
353
462
952
673
587
88
430
863
943
116
704
684
851
551
651
82
495
323
748
7
889
753
505
801
409
418
239
92
901
86
814
255
548
766
280
488
206
62
351
150
178
408
186
29
959
837
111
806
160
211
166
401
964
23
203
725
441
794
818
342
880
984
949
781
103
229
269
309
291
972
811
469
380
997
850
692
834
313
850
347
876
368
748
841
391
303
918
832
450
88
527
682
73
476
463
176
58
84
837
349
57
649
171
789
646
373
833
481
687
684
180
915
404
928
756
796
584
27
980
34
115
859
68
540
688
532
716
746
968
554
447
25
555
970
167
201
344
0
34
383
684
214
298
441
495
407
589
79
434
569
465
901
781
533
442
469
417
510
215
738
416
14
763
971
985
930
525
329
931
559
64
967
126
362
760
621
121
349
52
555
271
869
457
52
402
251
521
172
761
88
910
530
102
25
501
439
308
26
120
591
938
184
910
64
899
671
37
20
20
89
576
291
958
385
695
712
988
216
236
101
656
498
631
111
524
133
550
184
511
23
775
449
207
685
865
106
356
902
127
729
343
55
372
653
792
68
366
780
636
954
881
293
453
513
756
329
998
658
513
861
681
288
311
889
325
528
347
34
431
826
763
126
233
487
780
25
555
498
157
192
452
391
837
257
256
593
586
606
251
451
467
933
91
130
174
417
659
521
803
442
700
566
568
933
53
700
959
961
198
468
153
3
211
990
260
467
583
199
73
186
2
893
119
94
23
645
863
682
167
666
124
867
584
45
152
989
745
463
950
296
932
103
299
143
445
911
963
380
462
36
567
465
281
38
559
305
684
422
987
203
88
464
70
672
509
574
661
254
38
964
902
970
419
553
465
865
465
428
245
279
817
164
744
98
203
655
403
239
77
743
442
517
207
864
541
716
438
555
322
476
519
225
798
938
778
264
155
595
692
753
875
861
917
971
312
472
627
715
711
56
810
153
574
17
17
467
85
456
22
408
284
893
985
83
832
115
347
339
63
391
92
938
605
10
909
917
482
888
984
546
945
795
699
871
812
69
690
898
877
65
658
161
958
643
244
142
110
943
482
173
687
574
463
292
936
725
209
771
613
193
317
910
340
368
781
153
437
472
403
314
537
61
828
847
56
424
990
518
368
824
692
407
398
507
699
335
232
908
458
846
453
775
756
794
143
890
299
581
714
54
247
251
467
427
98
523
204
440
393
572
264
437
331
15
945
30
702
177
290
160
375
95
935
484
241
430
726
540
363
440
946
963
43
413
390
493
288
946
934
682
870
550
119
201
917
64
231
971
594
521
131
321
617
418
157
858
201
883
751
564
675
697
527
718
111
270
212
399
216
498
81
87
400
553
288
318
969
872
289
563
393
773
237
362
191
394
221
392
630
324
309
305
21
188
376
484
458
588
884
27
438
317
466
838
870
106
156
192
978
798
107
372
571
344
86
114
91
307
859
73
983
168
378
5
356
106
841
167
694
725
546
484
395
12
323
617
118
831
809
449
629
917
821
552
613
259
667
704
567
878
777
902
46
508
907
754
614
749
273
661
826
819
145
573
183
820
191
654
652
352
103
633
621
276
538
235
535
557
291
454
435
69
357
833
929
616
939
543
717
213
556
896
384
702
469
920
874
12
574
878
365
29
864
986
305
402
573
192
959
865
647
746
934
356
579
863
972
870
758
42
435
315
938
820
369
759
740
243
772
666
122
489
695
986
827
352
740
401
544
51
266
191
797
552
899
728
767
872
598
525
266
34
192
556
206
561
315
298
157
439
316
631
928
11
969
756
363
709
509
907
760
775
451
909
679
350
637
446
574
