520
356
541
421
448
596
45
455
861
982
32
489
354
745
654
976
431
206
404
594
42
110
730
26
888
931
313
23
209
864
711
82
221
604
503
669
200
901
124
61
235
509
551
589
254
205
917
685
763
673
631
806
783
361
184
671
644
497
46
205
714
109
287
287
714
143
308
914
44
433
328
279
294
879
869
548
436
138
585
199
812
216
357
595
929
542
267
925
391
665
130
457
775
418
744
841
561
53
107
957
838
435
236
132
314
457
32
102
596
617
302
408
185
659
355
466
553
622
391
297
288
521
754
415
291
851
256
204
904
363
161
94
799
750
578
465
559
610
568
507
579
222
267
764
881
623
230
787
597
973
84
237
494
190
652
138
41
260
342
297
624
856
391
775
958
321
592
517
931
160
25
862
382
644
626
616
267
208
755
865
181
839
102
28
29
107
166
71
367
860
720
343
716
112
118
26
433
711
544
717
223
921
579
958
565
558
926
185
118
681
