998
603
355
736
270
308
332
332
760
100
536
174
867
616
991
272
476
435
924
960
651
604
882
654
279
469
978
502
804
570
650
154
173
357
242
444
665
927
128
426
27
665
600
894
633
943
518
109
378
794
69
381
398
303
35
678
773
366
180
929
936
183
435
110
540
29
906
206
956
34
632
984
51
584
230
684
527
101
145
257
895
567
638
646
870
673
324
995
39
504
924
328
687
711
790
580
741
696
786
697
82
770
33
486
354
616
170
233
69
316
490
964
235
128
610
105
153
286
453
545
143
377
873
182
441
663
762
182
711
548
231
145
670
265
631
24
233
802
609
302
470
99
266
705
227
229
162
381
867
615
926
10
345
151
193
786
814
955
320
877
856
551
22
878
168
654
255
401
808
864
703
278
964
322
335
191
903
497
924
770
465
202
133
162
705
326
948
519
633
620
748
841
523
771
720
692
777
975
445
585
839
501
215
803
823
902
347
78
399
623
200
216
826
333
378
531
11
678
403
645
298
151
486
174
274
206
866
51
181
663
988
21
164
555
176
339
457
523
417
209
147
618
425
325
303
156
208
315
834
611
960
485
115
798
659
741
5
877
145
538
540
485
911
705
41
88
396
498
611
814
707
110
784
133
435
439
641
996
754
475
607
66
960
74
865
619
168
222
848
313
760
389
798
672
446
839
112
842
690
75
8
397
186
144
882
973
584
523
969
338
999
929
405
311
355
622
283
523
844
131
188
604
872
987
628
318
178
740
513
868
816
873
618
354
18
500
327
602
376
649
292
727
930
49
38
285
671
673
161
515
157
349
472
29
688
452
700
867
545
565
87
361
438
705
715
456
558
394
410
934
395
703
13
325
752
51
963
424
77
124
291
234
825
115
263
514
920
315
733
465
880
820
826
319
878
893
775
788
639
538
74
35
241
87
712
993
490
27
769
567
151
413
801
977
880
417
843
800
732
576
265
613
748
91
284
978
336
59
766
328
949
840
715
190
927
427
536
770
455
657
337
958
70
491
287
303
908
130
103
992
58
369
605
807
812
889
137
501
301
904
829
602
96
544
793
376
971
329
146
778
338
835
89
761
326
728
64
586
211
167
579
269
536
536
428
701
778
566
202
431
822
31
33
918
575
826
646
898
507
792
29
198
628
118
959
306
846
23
893
409
190
824
679
79
360
459
132
138
377
334
921
199
717
955
470
292
133
116
542
993
261
571
191
241
41
150
547
240
173
792
649
715
616
680
146
977
140
278
467
517
612
389
717
329
344
539
973
829
655
516
822
916
439
13
509
833
515
57
73
40
849
74
756
466
755
254
795
247
533
262
764
497
651
833
827
347
372
152
177
380
20
999
648
460
365
158
293
232
215
718
273
416
792
381
234
899
635
29
146
168
292
263
666
295
96
845
995
821
349
172
201
370
523
201
182
240
359
827
473
926
545
746
695
689
127
929
941
114
311
87
283
603
350
301
250
799
498
245
972
847
769
173
217
293
726
751
885
86
578
358
364
123
456
59
165
935
989
106
50
300
545
685
255
248
338
857
47
836
455
371
35
224
896
605
869
622
356
755
708
935
465
425
410
922
484
575
857
825
33
259
477
579
944
84
179
634
942
578
822
749
949
858
973
845
815
843
467
171
950
528
458
415
953
869
689
789
796
899
615
830
158
444
761
455
529
940
89
823
518
912
572
819
122
897
664
937
740
131
460
42
659
919
458
964
140
499
754
936
398
369
118
909
165
231
364
694
523
805
869
393
69
793
212
543
691
876
480
783
360
293
826
371
212
636
336
704
135
442
992
886
163
111
795
328
694
511
375
218
316
244
611
738
38
176
281
729
404
114
864
764
407
690
488
971
678
176
675
166
618
667
52
781
130
847
461
825
358
836
395
26
433
6
764
471
534
398
552
939
512
416
55
271
459
543
242
137
719
269
655
689
936
707
822
419
906
284
244
616
120
639
643
553
997
759
376
532
157
280
823
21
49
878
292
508
422
534
997
493
803
653
183
92
360
357
511
619
641
107
235
114
98
878
19
95
990
396
979
147
28
154
521
77
33
813
585
807
700
935
652
503
588
187
947
300
545
810
919
186
917
155
652
15
385
672
463
727
420
442
227
448
949
748
526
982
561
463
141
261
398
793
117
338
981
416
639
526
227
910
64
144
417
717
512
803
389
975
530
809
769
757
609
718
505
487
700
419
951
841
32
701
987
149
392
968
918
31
846
145
293
910
289
711
627
801
866
368
128
396
529
898
506
139
616
363
626
317
134
929
510
167
983
497
668
375
817
586
758
663
731
51
926
373
762
553
526
628
274
655
377
803
553
235
294
169
598
921
838
85
202
349
252
537
198
920
264
368
507
22
31
590
426
957
963
540
863
842
169
137
497
898
292
402
133
587
571
83
860
762
168
62
463
772
952
661
45
216
381
904
591
413
494
17
722
810
557
937
652
78
74
501
976
367
903
461
306
826
897
166
588
417
580
403
190
532
417
235
101
798
491
692
563
985
709
286
147
266
223
799
697
650
652
25
369
555
487
675
734
736
841
674
153
773
78
695
306
495
282
407
645
773
99
209
759
160
495
258
778
70
58
475
72
62
501
793
970
988
820
704
76
13
730
229
787
808
925
93
655
559
852
301
333
951
510
444
463
357
702
241
779
112
717
852
175
218
997
145
558
818
201
634
831
931
215
618
92
492
63
99
52
915
752
737
218
262
181
681
971
235
923
751
700
992
955
875
562
952
372
120
122
925
106
954
856
673
924
300
166
340
400
570
607
152
307
826
767
840
859
90
427
134
841
127
126
148
354
688
453
78
160
575
3
618
881
212
644
158
512
810
498
264
732
105
769
39
283
888
231
143
978
658
629
172
786
108
320
492
796
125
571
309
701
574
279
934
138
923
92
651
85
942
267
817
400
36
208
683
276
439
178
255
98
808
427
236
916
747
80
64
225
651
725
926
578
357
212
716
632
657
719
70
599
339
887
999
727
96
35
4
887
213
259
337
373
686
925
641
785
6
58
10
657
135
288
587
492
501
656
477
158
375
547
109
66
434
461
794
882
496
798
770
61
57
459
787
95
385
428
880
391
838
243
400
974
531
988
466
384
996
295
542
723
842
4
790
277
465
584
511
961
382
633
374
439
93
161
534
478
942
766
221
780
9
621
106
893
961
925
277
957
220
172
681
63
176
823
692
641
407
203
954
789
837
680
580
282
194
466
760
136
232
333
268
594
954
375
487
268
652
764
225
872
288
258
935
464
433
627
457
840
183
763
981
372
444
561
654
638
379
766
126
964
99
746
558
405
473
397
673
125
513
251
998
802
861
285
266
295
265
76
135
448
839
117
820
635
30
826
625
410
592
103
374
43
850
284
448
675
681
122
801
194
725
151
996
586
788
615
881
53
691
17
853
882
486
25
870
516
851
847
278
795
951
4
838
153
288
639
828
969
761
981
516
486
484
512
424
273
479
306
678
522
675
532
757
161
557
627
29
761
474
660
556
777
664
747
930
953
386
759
274
499
92
790
337
577
655
761
850
486
67
528
9
94
412
766
255
322
745
637
83
571
297
991
349
313
738
279
266
476
390
893
975
483
35
312
60
690
426
262
177
845
142
538
940
555
304
195
229
401
184
312
972
833
655
321
147
746
601
765
222
343
658
550
826
46
214
238
736
640
852
265
486
995
155
426
902
811
973
483
212
510
795
185
343
802
858
842
548
811
608
123
155
618
673
333
664
887
924
753
880
776
370
718
123
526
144
377
337
469
860
550
979
7
87
675
810
945
517
710
757
125
833
264
96
506
597
760
746
521
513
978
650
884
696
125
762
840
503
99
661
715
1
993
723
88
668
885
386
185
595
495
663
429
759
759
287
356
519
385
230
385
363
232
621
59
357
383
251
212
482
265
928
836
258
651
924
926
536
662
463
483
157
126
264
916
885
904
625
757
289
207
494
5
439
115
416
148
498
20
361
332
285
289
168
543
292
445
821
180
107
284
663
617
411
280
885
648
184
510
757
825
717
251
182
508
718
599
657
568
971
18
901
608
659
421
151
303
866
324
483
326
608
498
943
371
130
828
372
314
691
481
492
408
85
674
917
803
625
926
372
596
944
273
204
955
694
707
258
913
31
93
239
992
591
534
363
722
714
87
388
405
569
880
166
654
555
435
457
180
361
181
129
657
806
333
612
853
41
870
766
424
963
357
416
906
243
132
980
957
219
721
715
140
601
881
794
508
668
604
41
29
137
170
686
944
855
298
797
896
520
915
673
835
624
89
741
219
221
74
176
793
795
243
933
748
476
728
609
144
684
650
525
821
172
211
765
27
861
914
276
733
181
949
568
157
38
662
376
612
88
905
405
235
148
690
983
625
418
944
121
454
594
647
276
118
210
393
146
424
660
422
509
841
371
78
351
761
92
727
373
180
632
130
767
781
821
102
758
591
47
879
46
993
878
674
112
89
419
258
865
79
32
374
273
755
804
624
516
896
351
242
428
336
724
547
117
897
650
227
489
697
458
887
690
337
913
802
778
332
412
643
412
444
369
37
551
174
661
68
422
364
662
203
700
738
750
169
636
400
396
477
449
855
364
140
544
629
294
322
961
707
317
725
503
38
762
55
212
775
475
987
140
137
542
192
875
644
362
863
397
110
340
846
965
56
986
861
685
633
183
999
340
852
724
843
891
487
250
455
614
725
794
754
214
336
947
90
981
661
305
378
771
646
576
89
54
915
950
740
548
486
739
888
690
815
83
933
654
334
389
269
59
535
375
274
872
674
716
205
335
373
935
459
19
511
548
426
426
850
518
974
688
609
214
379
424
298
312
79
984
53
700
395
589
75
21
813
102
737
370
789
463
657
248
834
168
148
260
947
999
778
273
39
387
840
418
164
490
83
595
474
136
295
869
77
722
243
890
176
980
612
966
795
269
214
630
790
715
890
737
714
669
362
105
408
554
524
572
44
607
519
518
743
814
740
821
889
983
63
65
315
676
383
111
945
598
741
735
313
983
824
379
4
539
484
413
93
360
337
138
967
857
8
63
23
100
236
264
435
651
682
103
327
65
566
625
663
659
712
328
642
889
59
647
428
896
412
873
256
101
363
576
958
724
991
334
176
579
598
612
230
280
67
910
346
633
535
361
644
599
42
638
488
101
285
268
997
49
142
606
151
505
182
461
581
173
795
758
752
746
722
334
378
789
244
76
774
131
438
770
83
480
408
571
933
46
840
283
95
334
889
598
191
71
60
773
596
207
883
700
305
605
386
684
746
631
760
520
114
550
290
197
382
50
121
316
96
961
599
192
647
840
790
838
263
202
963
859
762
846
911
67
451
297
103
197
280
864
69
747
766
711
944
149
762
65
465
858
378
416
402
25
256
545
216
519
99
179
730
861
378
993
281
829
642
384
379
923
248
800
670
15
512
966
516
626
384
981
484
762
749
239
140
357
784
708
876
883
887
958
745
265
951
26
447
593
410
178
868
11
978
890
378
490
857
894
116
241
227
953
355
328
192
847
685
328
555
561
211
795
519
308
412
822
686
859
767
449
37
636
460
368
526
190
210
735
436
679
328
663
632
684
991
176
883
676
504
439
589
715
234
460
376
646
634
62
858
401
511
247
37
323
615
564
865
826
651
301
857
980
316
489
16
659
17
899
687
521
690
628
588
276
88
964
275
722
379
133
476
890
732
513
566
700
429
431
878
81
733
735
413
401
576
429
61
593
680
100
466
371
729
54
999
169
371
274
892
750
759
368
992
492
233
910
544
663
342
422
96
427
509
509
828
85
290
241
678
970
342
144
341
71
550
341
240
273
967
484
23
727
204
368
571
438
278
115
453
972
889
901
399
398
762
228
835
52
821
513
22
163
9
716
586
559
409
827
833
376
663
208
455
868
928
26
658
559
493
463
531
734
716
931
484
478
511
319
530
684
832
552
848
193
620
434
753
29
613
938
758
277
498
213
145
427
592
155
986
437
618
869
172
334
800
656
164
663
328
694
348
160
598
548
354
219
982
459
600
596
397
358
225
895
924
722
674
516
877
660
305
847
882
829
533
34
838
697
698
166
391
398
326
989
298
32
560
632
843
161
580
592
519
805
840
795
527
514
663
404
527
969
603
409
798
136
443
988
833
493
154
576
243
833
918
541
865
478
174
61
991
754
653
863
560
493
658
87
8
322
844
887
643
447
296
793
584
91
782
769
585
936
346
828
769
616
722
987
94
896
48
86
650
701
949
562
195
959
2
555
281
846
442
924
645
90
718
581
181
500
351
118
788
49
299
558
665
21
545
111
917
593
197
919
646
498
482
193
458
484
100
91
682
542
16
327
984
86
909
166
938
612
636
726
661
935
636
678
956
533
789
873
478
987
145
125
837
627
318
647
463
419
739
497
313
107
824
650
193
85
816
483
697
804
561
710
740
198
388
696
731
178
922
210
517
67
687
706
46
357
354
861
128
93
358
794
200
534
444
745
972
612
228
669
416
141
732
156
339
472
853
423
650
127
985
519
546
672
226
592
381
580
805
510
25
163
304
225
49
748
322
21
360
550
43
776
43
127
285
383
599
138
158
602
617
495
121
163
519
699
107
900
631
912
410
656
427
66
233
476
166
555
498
878
457
893
7
501
20
292
236
619
782
746
221
399
241
695
562
760
746
669
660
730
581
423
738
360
841
324
836
8
879
686
238
689
931
245
542
951
537
778
923
319
876
496
718
117
543
632
229
290
301
241
20
234
16
110
594
858
434
783
218
666
821
456
355
753
702
897
704
239
27
979
911
255
476
629
372
19
262
953
661
915
194
681
502
211
144
448
69
578
583
639
244
405
95
599
158
149
848
214
741
227
194
652
482
670
281
206
41
895
159
703
163
354
736
17
917
880
465
986
811
49
977
55
806
72
7
316
574
207
530
315
435
76
967
269
98
600
828
140
848
987
195
11
693
931
28
610
164
845
948
975
246
925
30
404
350
37
720
924
597
251
591
384
679
558
653
778
510
833
270
358
173
465
721
866
396
101
829
560
947
129
887
545
407
918
950
109
307
670
385
904
273
976
288
953
886
294
83
396
127
353
107
300
818
828
519
566
930
700
479
229
829
366
126
588
284
76
697
944
99
82
200
724
410
489
29
648
135
112
45
262
817
504
915
635
332
434
202
614
134
681
195
315
47
322
256
684
750
953
628
201
388
828
278
150
669
307
799
804
772
196
419
589
700
334
577
384
120
131
999
606
812
546
273
211
868
529
247
971
835
227
172
575
56
802
725
77
110
524
234
234
720
653
823
772
339
752
157
811
883
508
769
47
54
42
259
275
572
858
246
759
86
770
334
494
573
59
571
35
936
157
269
8
162
444
781
853
197
938
664
80
798
433
128
852
476
739
127
400
597
725
159
35
848
493
529
421
904
101
456
840
610
77
849
773
521
982
626
70
272
291
151
70
76
631
922
552
722
402
304
671
479
815
707
327
308
236
748
565
689
556
405
300
985
606
73
859
588
699
929
860
342
432
282
419
63
205
323
137
959
628
809
438
443
516
766
104
752
866
21
442
775
778
94
112
385
167
971
325
866
901
538
561
333
820
980
749
377
303
886
688
283
695
479
79
211
597
535
316
815
556
110
590
334
204
703
71
371
26
397
589
927
287
150
261
459
130
362
189
786
248
877
69
944
356
148
507
305
683
823
121
591
285
711
926
489
766
997
212
793
746
802
72
385
304
685
845
787
47
386
573
296
263
994
592
972
495
99
277
530
275
398
122
560
462
400
402
580
749
614
725
496
768
798
881
425
835
78
212
883
464
137
179
80
483
771
404
978
222
33
861
849
784
983
410
598
383
164
178
132
778
256
980
547
406
214
972
241
644
536
124
109
25
655
541
508
778
945
487
1
978
348
850
114
683
612
712
418
776
243
902
907
499
883
806
905
449
778
146
93
666
623
554
691
278
95
199
57
392
38
410
723
738
612
837
421
577
550
191
353
793
94
612
644
329
418
549
778
548
47
223
214
22
778
257
653
873
457
710
618
847
472
341
586
84
178
359
13
80
551
367
225
997
331
869
326
750
770
456
298
170
679
513
192
457
122
845
683
579
907
301
427
731
994
365
168
524
724
181
605
627
900
182
624
232
52
302
982
174
758
632
344
438
497
889
247
620
86
282
199
346
935
978
429
929
343
597
454
420
779
411
47
31
593
24
263
997
326
597
172
437
230
868
227
727
109
474
347
548
109
547
894
44
877
323
974
573
273
780
993
52
543
392
435
488
416
699
486
95
296
10
532
526
230
759
606
340
233
953
888
694
852
134
739
730
809
65
655
82
197
648
486
740
40
922
228
809
621
66
904
269
76
436
148
307
195
754
999
780
59
239
475
912
373
566
994
534
631
649
617
828
649
103
920
41
377
500
850
350
567
754
620
995
190
120
654
737
226
653
870
285
244
345
549
617
911
895
504
894
544
121
74
545
576
994
587
954
494
437
304
413
192
276
409
734
396
63
824
974
69
694
260
313
39
161
283
302
57
787
548
953
908
622
499
836
968
86
790
814
875
447
228
67
75
637
154
824
52
978
798
121
672
410
435
63
572
718
717
629
505
265
582
765
239
433
601
207
519
744
21
395
543
601
814
618
238
320
442
291
298
593
764
322
3
199
737
575
917
454
556
774
71
139
539
310
924
493
869
796
589
243
543
132
844
357
750
435
30
545
78
680
138
842
3
141
42
92
69
311
899
625
438
322
116
329
985
41
822
854
837
763
97
380
895
294
89
998
729
119
543
807
800
33
1
155
526
395
599
595
707
498
573
497
821
689
826
806
82
1
12
271
764
462
3
12
756
93
10
837
564
905
996
716
290
997
223
816
393
823
764
452
673
689
949
494
730
127
652
813
480
17
84
597
479
88
609
587
533
971
776
97
876
772
814
518
769
37
686
514
212
802
966
886
491
267
732
222
395
385
35
227
754
471
824
233
911
785
172
444
756
948
894
984
72
60
502
841
449
189
356
662
991
674
548
835
942
280
57
689
17
444
916
771
915
93
356
827
878
880
623
635
828
517
619
252
929
474
94
379
15
802
41
358
828
941
193
770
573
250
811
591
694
80
714
962
173
71
141
51
303
116
38
484
634
10
736
915
836
182
294
851
984
687
209
813
628
403
935
202
5
747
793
52
827
859
366
352
282
507
755
586
623
794
70
609
156
806
525
992
989
171
843
325
859
404
490
487
159
426
689
165
525
834
569
704
46
935
56
328
794
811
914
417
957
984
379
113
143
256
105
132
427
948
809
638
353
300
126
512
78
167
29
603
354
598
307
400
885
715
728
679
526
995
449
484
331
828
597
474
436
55
958
215
355
768
854
60
420
332
925
498
499
954
453
205
905
112
605
790
827
686
470
705
33
919
541
364
99
491
839
887
546
149
102
901
269
308
962
689
640
887
539
140
841
992
345
98
104
303
889
283
341
711
989
374
982
530
738
433
21
929
320
567
431
774
821
700
83
783
742
723
670
281
215
863
626
913
314
82
568
555
366
909
266
707
635
248
589
725
33
611
7
353
530
438
479
703
490
562
486
232
638
508
866
205
724
844
118
38
926
686
593
644
947
211
351
934
811
941
12
844
904
19
549
786
809
28
490
651
591
328
236
581
837
102
786
913
298
257
951
224
295
896
221
595
107
924
529
918
217
541
762
473
912
311
260
73
339
102
725
282
430
961
215
267
415
2
180
65
259
483
289
554
379
862
149
486
787
31
756
356
924
518
830
189
181
90
614
873
192
339
507
974
652
723
594
419
77
126
484
688
610
126
594
341
988
96
180
127
479
936
484
403
807
314
944
340
756
559
213
300
250
73
274
903
148
220
674
225
347
159
265
957
637
859
650
977
307
830
105
786
119
941
190
278
607
486
618
715
45
184
15
296
257
641
551
405
862
225
982
209
736
247
518
373
458
520
351
766
703
808
904
822
749
446
100
708
933
70
423
978
254
790
626
511
783
177
268
997
403
602
558
139
849
428
865
660
949
216
778
652
24
682
826
125
129
926
185
62
996
960
392
603
102
19
466
885
196
735
235
599
337
793
91
539
222
956
199
171
524
329
175
900
11
1
377
140
279
562
554
627
874
947
230
976
966
697
213
162
784
448
114
473
242
205
12
816
513
563
339
389
892
514
289
256
867
666
396
146
580
303
125
454
250
356
430
216
405
643
378
541
92
492
14
686
49
379
502
914
294
841
303
539
707
944
795
574
610
543
72
542
846
197
996
96
905
426
312
310
422
43
851
866
887
218
552
289
597
406
555
891
599
211
430
306
155
577
232
118
121
304
660
967
853
657
416
759
435
80
421
209
123
625
75
11
195
979
652
792
737
207
35
336
418
466
642
574
395
226
44
516
530
704
836
736
713
252
847
501
332
620
710
456
245
138
819
792
117
823
584
855
30
620
191
801
438
186
375
833
764
771
702
295
475
538
383
189
142
230
690
474
850
752
282
448
890
453
240
8
276
177
215
659
149
758
460
939
296
187
124
61
958
826
708
433
364
91
974
506
673
16
333
875
121
967
323
11
421
916
371
49
445
586
708
594
697
168
533
993
355
657
406
313
836
114
99
552
557
425
411
230
794
744
106
915
711
781
926
484
49
298
534
494
236
242
88
285
763
973
279
118
983
685
784
819
152
235
723
709
660
134
940
806
230
398
721
294
531
648
778
581
298
312
75
886
907
516
172
670
841
803
788
824
840
924
995
992
159
719
702
172
205
994
978
436
392
52
730
923
52
508
856
350
173
284
588
80
800
112
750
641
915
890
818
756
815
165
100
326
884
802
498
90
796
829
878
540
881
608
816
933
116
672
635
641
956
575
721
756
688
471
750
955
362
920
63
529
85
164
855
322
966
706
764
115
535
642
655
768
250
471
53
718
496
688
360
452
615
433
561
303
905
663
611
619
583
674
148
20
838
3
342
157
61
458
272
596
100
279
716
702
103
769
421
599
809
133
51
425
566
964
80
471
627
691
442
562
366
590
583
556
946
277
713
7
736
337
956
188
617
672
891
72
794
664
671
955
797
74
380
363
39
813
187
18
504
629
581
222
572
516
779
518
145
844
877
233
182
833
422
151
858
665
223
4
329
894
959
126
320
692
841
711
505
28
730
361
10
663
584
934
531
715
804
676
559
681
910
741
867
684
892
77
349
467
81
678
361
40
156
34
732
997
745
589
378
827
951
740
842
887
26
373
954
830
402
513
863
664
607
730
348
851
159
49
319
240
79
32
633
235
418
717
584
516
307
314
343
258
406
538
497
432
911
451
262
313
316
478
329
923
208
677
127
368
78
798
960
157
182
593
744
601
311
681
117
970
347
812
580
754
350
77
186
614
528
801
279
196
279
609
120
839
638
599
559
717
749
520
226
931
465
323
884
128
4
353
98
351
518
678
457
220
107
644
834
635
797
466
832
76
75
304
267
65
255
827
134
4
699
361
287
516
36
524
645
392
877
95
743
395
126
553
616
233
197
802
221
346
268
405
774
695
61
41
761
668
220
247
672
271
608
311
788
996
835
785
388
65
880
484
812
358
37
780
592
586
583
165
932
203
570
706
899
983
99
12
651
320
259
675
591
220
986
731
216
174
516
605
239
749
441
403
107
478
184
51
416
767
568
348
970
138
406
221
121
857
233
124
529
493
799
121
713
786
204
281
312
721
238
903
822
679
306
929
509
490
333
925
609
901
625
932
392
383
153
865
241
387
990
770
880
789
243
945
927
448
226
239
521
465
494
343
496
801
624
6
643
957
283
253
211
909
185
955
292
338
820
885
77
162
8
309
952
251
254
231
699
833
471
572
650
965
915
146
118
540
504
762
497
788
367
60
49
904
15
341
242
188
579
672
350
587
981
302
838
588
534
890
773
357
462
423
674
378
921
145
270
426
907
119
566
626
180
615
530
547
308
124
735
887
796
86
474
778
740
665
718
626
907
491
335
721
914
10
451
187
155
721
965
414
841
531
40
373
498
922
920
807
46
656
46
843
94
873
973
186
538
691
813
797
182
148
518
448
510
322
635
17
43
601
431
236
484
823
961
983
745
882
790
792
890
836
987
336
709
960
522
599
651
335
748
185
836
619
633
346
941
620
364
336
221
147
925
706
323
886
689
420
120
831
212
10
19
551
698
729
511
221
680
514
908
781
51
744
400
684
443
341
657
159
29
878
306
954
936
981
193
977
402
313
808
966
676
828
518
374
909
381
947
941
896
856
722
299
952
122
984
395
815
993
906
197
223
565
503
160
546
696
489
948
362
650
915
38
478
785
764
739
166
712
32
414
920
107
714
224
581
50
972
749
43
878
946
266
443
449
778
342
498
268
290
860
918
557
250
748
694
14
839
861
78
871
275
350
978
341
575
560
391
547
309
786
777
607
53
221
408
831
563
906
451
205
118
369
115
368
117
809
735
308
22
813
180
650
164
510
991
91
422
735
638
83
521
767
690
926
988
451
110
903
357
561
461
828
931
928
196
400
737
931
709
112
97
241
762
613
103
105
704
526
840
694
609
714
461
652
640
802
103
102
57
812
664
518
640
947
446
189
699
536
472
760
0
921
1
762
534
457
219
590
983
60
284
944
126
98
596
118
900
51
221
309
216
237
828
208
184
626
397
235
514
222
996
514
143
349
628
30
806
848
620
789
260
257
86
738
707
682
856
959
86
77
268
302
666
448
510
850
427
260
86
941
834
434
808
977
783
436
359
590
636
332
731
248
589
817
986
296
852
843
255
290
272
875
592
939
324
454
141
751
66
579
44
900
13
852
230
149
641
589
739
629
921
822
878
862
992
864
510
196
707
765
486
332
641
430
623
317
236
764
68
303
344
112
555
709
317
785
858
958
375
949
939
648
772
817
511
116
682
21
312
741
139
150
73
132
580
696
449
168
813
517
471
157
981
27
866
298
164
725
608
539
674
548
540
798
365
51
914
399
424
578
141
563
728
566
47
660
263
496
181
76
365
652
585
347
31
803
997
196
528
958
87
555
506
627
705
223
30
972
623
807
550
116
722
631
682
770
643
297
266
824
725
984
829
662
331
212
466
680
408
346
638
848
253
496
827
959
720
858
931
695
17
481
811
739
464
845
509
460
495
128
284
220
464
465
883
147
678
701
827
86
47
466
286
301
962
114
260
34
324
543
729
341
376
892
432
841
738
942
301
585
422
937
805
886
403
40
33
81
741
212
519
141
678
806
794
993
272
406
27
596
949
109
289
325
353
721
518
91
15
171
28
437
461
834
675
864
226
60
297
320
273
168
461
303
974
607
648
598
13
28
194
314
137
483
639
490
205
510
934
220
681
962
10
494
148
37
358
375
98
7
695
723
176
508
26
502
467
675
101
480
703
647
794
192
131
785
34
688
295
968
260
329
283
622
823
431
660
534
158
758
541
205
833
69
65
859
924
532
886
25
12
941
24
158
133
507
944
168
195
591
488
808
920
771
430
96
555
90
630
713
200
523
919
33
945
984
245
869
517
131
246
881
425
270
40
558
778
984
78
325
927
919
133
848
690
916
944
245
6
926
311
207
449
582
592
394
918
837
263
787
321
509
669
746
132
61
656
910
397
87
587
324
6
721
172
696
637
468
294
995
394
957
554
844
539
147
590
457
336
206
245
657
715
266
755
199
327
412
109
724
851
697
48
857
770
573
905
759
41
199
754
436
156
661
632
47
808
222
505
496
428
102
506
496
368
261
695
695
25
157
771
876
206
819
733
328
392
639
87
786
190
193
574
699
854
206
746
14
780
603
863
561
57
369
409
425
982
456
472
360
965
243
236
171
63
322
851
807
313
938
945
855
484
519
554
690
77
653
57
210
608
920
771
666
641
532
91
623
988
916
335
954
159
572
477
574
246
329
382
911
619
679
766
103
199
673
146
628
678
555
838
286
475
609
952
468
493
396
443
482
312
779
788
823
703
265
398
949
594
132
860
214
811
978
669
362
651
167
991
329
722
829
968
549
791
272
17
284
668
461
766
332
592
554
508
295
172
906
244
766
38
456
332
201
434
354
564
438
521
907
119
596
736
87
145
879
360
515
164
380
328
282
65
920
189
573
215
361
831
811
479
221
267
164
422
53
870
338
843
391
245
963
339
334
50
485
213
762
352
729
143
680
364
560
600
553
133
815
266
964
626
97
537
245
613
959
298
483
650
494
227
895
457
566
581
859
403
147
622
755
876
117
435
240
677
387
145
162
202
763
478
180
213
15
425
826
974
76
310
624
570
889
872
27
455
805
238
211
952
860
318
829
329
754
421
6
493
919
520
696
34
998
228
599
13
654
426
340
730
88
316
652
977
540
31
784
346
269
995
298
482
666
479
811
420
253
170
265
172
690
313
558
689
542
158
54
196
936
746
278
376
415
282
705
955
313
489
301
934
837
952
416
503
783
228
275
36
750
540
560
440
206
119
481
748
629
888
296
565
634
926
941
49
208
646
357
521
487
10
807
676
962
224
531
746
804
158
134
554
51
695
346
257
166
828
5
795
68
301
712
702
227
5
104
787
3
461
308
842
471
467
519
434
691
402
532
495
561
18
401
612
713
748
869
231
928
226
26
996
879
90
50
106
95
154
245
450
615
905
293
439
372
812
225
64
214
109
911
127
127
313
739
841
413
960
72
693
186
451
41
65
893
91
523
989
598
768
439
565
673
732
4
46
896
229
462
463
690
373
590
818
38
682
659
803
642
83
496
181
886
889
598
780
981
474
121
931
242
912
496
268
997
853
666
893
434
128
708
125
853
299
943
244
333
954
47
975
389
896
156
276
785
107
408
118
581
529
401
175
441
898
443
790
751
461
36
537
941
744
662
147
395
605
391
728
911
790
56
301
686
564
929
824
671
337
294
252
218
696
428
659
946
223
802
49
685
838
586
978
582
249
125
330
206
868
58
470
659
466
771
697
31
52
521
702
389
168
955
607
864
735
618
810
958
420
859
995
258
797
326
193
398
451
523
605
320
933
427
331
400
198
28
431
250
550
485
991
70
792
950
934
527
568
96
838
341
307
185
951
104
511
144
503
315
19
460
635
305
887
966
57
437
994
488
39
896
325
382
966
118
332
252
997
900
700
835
593
7
21
545
464
884
41
319
199
61
779
186
366
18
152
423
807
499
263
846
747
940
228
66
58
912
670
408
164
371
243
758
378
616
303
194
501
344
513
700
757
644
239
475
662
743
250
469
242
865
667
342
806
247
760
216
159
430
624
324
801
220
82
532
836
737
78
689
433
592
742
191
588
981
18
603
724
269
424
319
134
92
13
292
691
773
509
851
555
133
527
709
353
609
593
542
698
671
583
131
615
325
674
204
658
693
807
383
314
231
54
448
675
67
741
367
192
602
570
747
87
97
456
793
706
401
335
756
73
270
887
40
596
562
244
254
607
403
989
921
987
43
721
662
110
814
381
302
416
951
402
856
48
210
649
106
612
336
862
37
606
102
77
554
16
674
809
623
77
150
896
416
194
617
79
656
784
460
311
552
764
713
408
812
275
57
271
887
393
133
276
0
235
354
554
603
380
715
226
809
866
474
226
412
444
305
68
228
117
731
780
881
444
189
46
720
598
317
959
992
802
236
344
390
942
250
993
322
966
572
131
184
398
709
596
842
14
16
422
484
748
203
717
544
744
115
616
342
784
576
334
587
164
30
329
106
281
674
780
247
598
263
783
997
973
731
839
339
99
262
175
847
817
893
744
561
360
360
255
145
288
590
732
804
620
413
262
253
87
394
500
686
658
635
35
983
366
874
674
466
488
850
665
657
95
409
570
455
122
826
600
762
416
684
567
388
449
181
642
537
576
494
575
234
130
610
569
848
836
243
666
677
445
332
334
892
93
905
700
567
731
652
330
499
689
249
239
138
430
233
27
6
728
602
592
210
564
513
410
753
757
77
782
554
409
116
447
502
373
499
70
456
151
752
307
840
1
547
979
783
780
6
142
860
961
734
422
877
248
833
630
357
262
412
263
671
881
62
525
606
561
947
415
713
51
722
553
52
621
884
188
754
891
330
966
204
416
389
81
16
574
64
725
836
828
989
859
61
51
384
668
965
684
435
678
735
157
583
140
131
468
328
885
711
10
851
915
426
592
348
443
518
764
520
706
593
509
565
6
913
302
26
878
986
461
908
73
971
843
213
102
311
893
339
374
903
542
641
682
487
342
477
5
106
997
712
51
507
629
58
772
931
84
2
269
898
262
343
869
105
556
323
769
450
662
143
705
204
137
387
43
479
864
49
585
862
113
989
369
742
399
493
674
835
495
295
733
757
638
954
862
195
277
983
997
291
127
702
848
616
90
891
95
954
940
32
816
405
21
537
148
420
382
174
256
877
469
341
634
108
296
849
655
573
832
652
217
311
354
65
927
796
956
374
751
897
407
919
302
780
809
802
201
191
976
809
421
798
150
407
906
798
608
561
372
441
565
589
104
919
654
384
68
962
758
819
859
517
90
514
298
251
316
851
795
645
660
216
443
162
623
701
961
232
614
685
25
179
626
481
450
632
865
518
594
976
689
806
845
132
320
143
383
988
346
530
985
358
746
428
521
722
481
834
306
95
519
331
626
497
164
429
129
30
299
75
358
989
881
203
473
553
699
208
542
45
739
879
404
485
308
277
207
141
463
513
589
334
196
215
831
361
644
312
743
944
387
453
285
269
8
758
822
707
318
716
105
57
596
861
543
256
490
102
397
953
968
338
287
516
554
470
229
550
782
972
846
169
777
131
790
786
241
965
845
560
33
302
617
981
163
512
237
5
967
987
958
287
325
597
803
231
67
385
782
201
709
628
371
487
112
513
625
353
478
470
265
512
773
235
845
288
99
83
646
418
422
956
705
99
554
861
683
973
246
465
175
955
445
898
442
557
411
67
263
242
890
880
106
15
115
951
655
567
386
301
985
160
258
691
260
164
552
943
137
798
760
664
105
205
562
900
115
974
967
730
568
209
610
674
576
78
625
232
645
12
885
630
172
495
321
784
659
225
79
149
375
839
813
481
397
376
381
864
702
700
594
270
262
556
296
838
634
921
422
279
285
308
262
810
155
583
594
815
161
26
964
536
217
777
369
966
505
102
830
559
155
776
181
417
685
477
607
319
751
382
951
36
42
213
846
197
148
793
12
309
819
328
198
36
458
567
3
963
22
185
875
177
314
56
946
999
534
905
318
637
287
621
673
329
834
872
879
983
17
891
644
836
572
842
224
30
762
579
345
136
765
220
665
431
277
611
430
163
868
100
800
508
722
825
837
908
49
68
243
66
960
888
254
532
82
479
914
196
410
259
332
527
480
997
958
109
960
740
624
829
841
424
337
915
601
526
175
651
595
419
69
907
659
324
791
741
155
705
938
565
964
270
93
796
268
403
905
580
144
529
409
337
305
98
252
259
625
427
262
572
198
331
831
857
7
622
599
162
679
537
80
995
159
525
792
779
928
49
360
424
579
121
761
236
220
13
495
197
793
109
769
991
441
600
849
800
574
800
315
253
689
395
600
848
272
392
980
552
794
340
977
373
461
738
961
681
104
809
878
249
918
999
240
711
951
441
512
525
241
827
130
930
574
731
131
198
475
111
750
269
451
79
994
264
818
956
298
274
117
176
523
35
528
115
747
479
557
611
5
798
790
487
81
716
218
212
914
694
323
16
315
126
96
310
390
266
618
688
892
735
217
415
770
97
882
869
576
439
832
933
590
974
421
23
690
639
235
956
685
910
973
353
388
421
663
778
39
281
819
931
368
388
698
490
485
580
712
413
20
544
347
962
519
768
985
561
759
572
518
445
482
843
798
870
616
813
0
655
446
171
586
814
911
284
656
748
216
368
162
236
265
509
550
784
277
535
697
36
107
215
833
941
410
983
811
378
796
164
33
594
335
971
760
599
607
417
347
824
785
509
412
50
18
963
186
295
850
884
684
310
451
869
251
862
853
415
592
1
579
626
596
266
949
356
865
557
773
565
381
911
74
145
961
93
108
148
740
959
384
776
269
835
646
872
49
499
287
642
852
218
620
448
837
569
157
54
126
930
619
859
193
694
5
155
139
465
655
231
424
39
8
45
226
6
270
276
505
557
270
709
128
890
158
965
459
667
19
586
949
639
797
143
333
802
298
824
268
305
55
44
344
63
442
570
69
712
198
926
621
468
636
749
358
146
714
170
165
734
108
114
725
905
257
410
708
907
234
328
212
289
724
908
353
166
479
774
230
29
701
852
498
689
601
208
187
668
378
352
754
486
466
479
744
76
889
804
983
475
132
196
764
856
104
469
375
935
244
605
965
297
457
815
338
411
375
525
79
754
877
185
592
695
16
336
771
257
140
107
732
624
303
496
833
759
966
208
695
562
165
12
859
623
179
197
386
554
74
817
308
951
2
253
998
18
941
122
627
434
229
359
58
884
855
891
643
173
451
690
735
617
54
946
592
233
143
330
788
217
147
448
520
501
701
871
871
643
993
498
77
574
209
487
458
64
731
453
590
182
144
325
151
198
272
95
784
767
777
572
337
924
20
209
777
74
80
0
717
425
850
146
351
59
633
809
476
364
263
66
899
759
743
402
309
15
498
93
135
275
665
824
552
38
33
681
112
466
34
181
243
884
327
595
944
960
404
420
677
19
486
928
130
229
330
440
597
180
885
84
808
551
908
712
941
293
745
53
759
779
234
355
664
561
950
960
873
706
732
902
78
570
182
208
799
513
0
748
45
886
184
853
789
444
917
730
738
663
135
849
442
369
204
458
282
506
770
507
213
502
762
291
72
944
851
224
809
852
324
855
90
509
60
879
953
978
961
43
993
96
893
787
817
449
598
451
956
368
310
521
871
424
164
943
369
15
167
530
219
492
385
309
353
798
540
658
128
501
702
121
949
947
260
118
748
858
569
704
227
232
577
450
656
741
393
377
109
913
908
680
757
293
990
110
443
882
768
571
736
822
44
37
769
305
156
518
515
77
574
742
309
152
192
318
245
938
695
706
851
603
387
960
249
729
70
692
611
190
616
699
13
12
737
134
317
245
4
185
322
931
279
984
435
824
302
680
762
349
387
965
953
774
925
554
503
347
598
466
889
214
166
254
227
255
389
896
500
745
81
822
676
361
158
111
185
812
144
299
162
531
616
115
657
541
21
512
240
619
978
129
186
496
384
413
751
125
661
251
222
743
426
899
456
584
362
993
749
506
644
911
389
260
378
46
153
399
558
393
18
889
874
204
737
610
969
489
87
631
92
310
726
870
561
534
807
923
879
556
430
523
467
819
783
845
218
288
244
776
33
614
17
907
171
755
870
140
596
957
771
40
267
849
911
180
383
70
104
262
626
534
137
445
705
920
642
923
560
238
52
593
852
69
853
23
176
75
164
772
32
287
165
652
489
76
832
872
498
936
487
124
822
624
921
880
897
563
803
457
801
207
403
5
629
608
29
805
683
545
930
715
184
95
719
673
523
904
898
21
840
385
497
15
361
418
895
258
333
50
68
134
610
823
139
239
431
520
396
466
65
678
181
602
125
253
275
0
157
173
373
349
910
870
364
272
640
611
882
973
14
302
459
976
125
599
567
908
471
963
374
537
994
908
139
471
513
766
472
670
292
845
19
202
68
736
826
708
699
61
34
65
363
493
41
841
444
608
101
916
924
828
805
270
736
296
741
249
414
565
271
706
411
642
261
831
730
87
891
782
148
925
847
864
771
241
57
567
201
158
835
477
986
992
99
74
288
841
675
55
406
298
761
169
941
22
0
23
462
892
805
962
169
5
826
292
246
235
860
799
394
47
629
732
40
728
159
680
569
834
735
328
485
497
849
426
871
850
801
333
94
607
296
615
612
122
908
210
710
120
361
456
167
990
188
207
719
699
240
640
886
975
320
371
824
170
149
696
372
950
29
818
557
325
433
521
800
693
83
510
813
445
966
981
787
506
540
858
206
780
851
92
108
523
815
932
45
964
628
417
914
10
587
824
335
373
697
487
66
781
349
880
578
315
213
717
174
105
576
732
238
779
176
346
302
991
278
348
955
259
117
221
269
705
397
604
430
95
444
496
228
793
728
806
109
293
875
635
399
803
367
637
582
543
335
237
886
613
585
841
872
54
414
141
759
812
98
189
259
542
38
487
335
766
645
796
412
520
783
811
676
150
800
258
45
135
495
931
100
432
124
325
487
539
818
598
703
268
140
314
810
178
801
498
296
798
646
708
670
430
871
346
932
23
957
978
510
452
909
611
237
386
288
724
925
106
322
980
375
462
294
537
992
447
387
289
597
386
997
267
816
221
614
100
244
923
78
755
375
340
718
964
726
6
688
3
112
363
335
839
825
981
729
170
428
116
459
25
502
808
644
670
29
610
771
626
533
201
381
909
541
99
225
619
457
914
974
921
277
309
761
454
290
490
624
70
958
435
95
461
596
740
483
977
350
254
603
236
808
336
497
349
435
722
321
244
636
295
166
265
957
927
72
247
769
696
318
79
484
765
540
80
857
376
57
560
982
13
796
790
349
293
492
137
15
813
381
4
460
547
269
417
826
341
665
947
390
335
27
226
452
919
306
662
295
715
222
278
728
370
68
78
15
560
215
30
725
596
386
186
496
656
603
322
349
620
270
91
955
297
317
760
216
623
422
864
691
996
142
419
366
562
849
381
475
64
763
200
13
502
386
509
510
990
183
859
610
805
951
918
454
620
678
671
596
452
887
287
448
381
58
166
943
908
899
418
324
14
971
689
516
357
198
26
699
734
238
662
539
541
932
994
161
962
17
757
414
904
396
214
637
455
380
580
715
279
351
39
645
322
729
162
31
279
188
83
13
778
745
905
319
677
899
481
639
268
590
405
172
987
619
161
442
351
741
157
630
444
548
275
118
277
789
502
557
330
585
922
108
682
827
428
711
78
261
350
346
851
107
870
838
78
31
632
429
125
141
411
569
690
686
40
319
828
542
876
158
479
151
618
161
330
46
872
409
659
574
755
863
33
978
53
111
9
686
540
486
179
951
408
869
989
448
189
817
342
417
327
821
920
946
334
251
344
558
660
4
132
767
867
165
745
920
276
107
958
168
593
138
119
1
359
108
801
548
278
143
318
605
316
238
551
650
489
896
560
501
900
692
269
119
209
366
391
837
473
350
5
419
840
124
420
199
585
222
100
863
717
418
468
34
8
372
36
498
268
597
351
520
641
620
991
851
339
382
40
164
84
46
583
924
170
4
476
755
578
576
970
295
346
439
681
354
811
70
204
431
19
556
951
660
528
942
863
867
676
904
32
761
950
967
37
472
323
513
580
901
441
550
549
139
341
582
846
504
652
50
935
671
958
238
684
839
532
899
706
209
803
90
970
105
58
359
930
381
873
862
635
666
412
536
158
106
118
4
610
771
406
546
794
365
136
830
556
669
730
614
878
885
705
200
343
115
559
273
848
784
135
835
803
899
371
961
5
490
965
616
613
371
514
407
88
650
238
644
319
320
259
549
205
316
749
548
783
661
821
631
797
308
819
600
208
190
561
213
32
526
181
645
250
47
405
338
698
643
335
369
963
594
919
520
262
20
69
45
33
242
28
831
551
847
431
111
390
993
676
422
871
858
68
121
905
473
812
955
468
499
325
783
445
596
303
707
968
724
752
2
967
132
185
518
332
616
629
722
961
305
144
833
515
564
306
773
37
470
728
857
969
405
992
414
353
296
473
674
20
577
28
339
710
213
857
42
829
838
764
143
496
260
328
363
825
634
136
214
457
217
72
778
974
416
193
328
712
18
2
85
596
30
424
306
595
634
700
776
824
464
919
672
724
247
36
901
234
172
116
691
741
540
821
716
956
366
396
21
385
398
458
981
780
234
287
375
220
987
151
45
803
423
717
879
670
105
781
256
630
249
947
371
789
121
87
97
487
483
470
872
233
928
853
365
515
492
92
735
831
596
780
986
19
850
866
689
955
999
946
585
248
245
309
389
366
748
838
206
232
309
78
817
237
932
183
104
776
627
840
608
223
972
594
242
822
812
284
130
163
582
715
411
179
376
152
898
125
991
104
709
300
182
526
889
466
61
346
243
689
186
203
912
158
149
507
981
962
791
463
125
373
178
889
552
907
393
450
32
384
554
741
36
89
619
278
555
681
624
150
722
162
353
986
320
855
493
653
817
636
116
294
9
647
535
914
554
281
716
586
665
623
679
54
712
298
684
619
979
660
770
53
822
475
40
494
330
533
148
499
170
616
146
531
263
681
797
169
962
514
755
980
489
786
386
201
85
422
172
64
82
942
470
256
418
510
750
100
395
250
600
917
867
746
801
482
779
598
652
94
464
759
426
953
546
812
154
631
586
327
47
20
621
517
276
391
27
378
492
775
981
92
692
848
190
493
682
969
444
334
415
908
94
841
862
992
5
368
623
591
695
670
611
669
540
239
60
919
618
904
694
599
348
739
799
538
232
481
860
28
816
275
937
262
117
799
254
122
167
229
66
215
251
677
884
791
269
296
711
887
553
405
838
901
144
989
792
729
470
652
757
638
927
46
252
396
845
858
871
365
87
937
580
339
966
816
482
235
464
193
474
17
951
664
919
447
653
711
528
476
715
286
466
642
684
71
391
530
929
262
895
369
551
827
60
517
643
542
105
107
736
931
125
687
948
396
486
953
459
15
781
174
653
248
816
337
671
207
219
600
821
114
321
372
941
381
242
936
924
699
44
12
630
521
51
930
917
537
884
376
552
665
902
205
265
718
895
936
278
114
889
451
581
210
824
874
592
418
811
868
117
855
880
99
376
931
30
645
468
266
373
373
931
275
930
549
345
825
837
975
292
726
427
873
289
603
747
233
21
558
101
138
765
333
589
493
264
619
490
84
237
863
457
521
138
740
70
836
917
907
811
209
986
238
82
275
841
182
508
214
740
609
704
858
942
294
351
558
265
842
642
503
57
452
24
548
544
446
384
461
353
195
671
339
786
753
966
979
935
474
194
28
435
898
238
729
544
589
287
810
783
282
313
193
86
689
741
630
135
125
91
840
320
114
532
458
220
498
438
155
325
984
535
760
882
773
842
779
715
129
589
850
763
254
43
201
943
784
183
430
261
275
622
582
741
154
392
961
5
830
117
682
814
4
794
49
130
636
828
845
118
769
47
881
23
91
435
318
227
618
748
489
245
722
423
987
229
815
948
234
998
417
268
164
422
62
213
904
699
393
749
817
514
148
50
537
239
485
855
467
456
955
308
701
30
731
688
259
546
637
845
896
54
113
61
828
175
626
732
874
20
833
43
886
982
94
424
573
931
631
392
387
939
700
89
969
431
129
228
330
766
425
226
173
538
287
353
65
266
86
292
286
271
335
172
605
781
948
179
65
932
571
452
871
624
893
192
55
23
772
737
141
197
316
666
87
955
20
152
221
106
444
859
729
780
384
335
913
332
514
978
264
437
783
487
61
28
679
469
403
803
206
545
0
874
211
87
830
231
592
51
689
36
263
419
168
647
106
82
979
620
412
596
57
195
435
471
576
115
940
979
270
498
876
271
373
440
710
203
23
302
606
65
339
869
484
859
868
590
941
848
562
706
796
971
253
231
442
829
698
734
161
969
233
37
592
606
477
302
161
853
957
119
918
296
341
754
507
209
344
801
409
258
507
557
581
760
789
24
942
839
758
103
160
343
140
752
301
970
407
814
823
364
934
741
12
627
495
519
836
191
320
598
801
179
155
382
940
296
406
882
488
517
985
648
212
477
753
514
799
512
328
622
876
614
715
240
241
562
111
430
753
432
28
554
611
535
289
903
832
47
137
320
564
474
320
777
952
425
643
751
937
971
726
165
586
441
405
179
4
869
609
109
301
989
16
264
877
305
520
61
352
657
733
269
132
53
46
436
479
41
187
768
12
265
934
950
707
691
130
63
560
91
172
213
433
188
830
310
493
350
723
198
359
456
467
491
861
865
927
692
906
467
461
918
732
747
221
791
790
351
854
703
794
27
268
579
567
98
889
413
800
964
611
160
420
78
3
282
943
931
974
201
750
435
471
482
534
692
626
325
395
480
28
190
859
648
769
427
747
11
840
899
975
803
411
748
881
415
30
176
698
4
377
448
792
848
282
326
541
908
3
288
741
383
478
600
32
600
379
131
963
571
382
938
374
794
38
255
209
68
783
259
425
160
707
217
361
341
895
254
602
251
542
343
986
21
295
18
973
675
501
936
246
884
226
621
30
265
228
591
685
12
850
110
524
909
679
885
602
927
139
204
178
682
899
164
55
195
535
380
222
388
668
820
624
894
793
654
511
22
597
197
386
447
307
910
708
339
148
311
266
287
515
796
321
415
312
728
962
847
108
536
588
776
708
212
23
502
219
534
876
816
83
614
616
743
876
324
82
24
635
700
664
151
496
985
918
808
66
232
8
526
120
948
655
828
160
678
682
731
564
558
548
0
524
164
743
401
840
177
425
476
877
89
979
725
427
249
533
493
481
893
19
953
841
674
781
354
704
816
437
621
726
985
621
251
501
364
652
342
541
77
170
770
519
149
495
946
398
380
791
231
626
162
184
819
189
317
525
245
133
963
866
860
948
487
463
802
851
115
496
744
544
666
866
63
167
361
361
565
94
504
148
720
667
332
539
208
1
65
453
135
28
320
347
328
807
810
482
11
277
330
107
821
996
974
885
515
687
598
80
781
103
228
853
122
912
745
682
914
810
135
401
190
807
748
870
967
910
705
330
187
35
437
8
384
763
245
899
451
196
332
584
299
912
438
773
825
183
807
91
345
942
492
887
102
240
109
421
502
814
751
689
202
540
697
586
304
295
837
107
491
169
691
142
82
129
267
259
664
74
350
9
368
842
896
470
434
358
243
936
172
994
977
374
887
26
312
543
321
150
650
164
319
693
306
753
175
573
12
839
999
362
201
368
204
449
190
990
807
434
926
980
428
903
706
667
930
19
210
603
169
860
768
840
906
426
594
81
352
606
920
351
969
473
719
525
923
262
516
730
696
794
710
476
698
769
144
980
788
354
583
309
567
703
501
473
130
95
906
482
54
826
833
375
652
905
900
575
167
768
305
215
563
368
691
613
137
187
945
925
894
880
586
461
584
87
286
714
535
192
548
589
370
733
964
22
638
216
597
157
337
255
724
900
623
768
865
760
955
810
37
849
42
623
662
626
62
300
692
597
844
592
538
215
326
854
589
316
423
539
826
760
794
550
660
417
318
877
177
626
39
566
827
81
541
490
60
603
142
104
553
987
49
443
554
375
298
495
43
721
34
869
481
180
772
493
949
442
722
478
68
761
44
896
194
585
738
606
189
880
63
94
219
112
537
773
839
835
269
882
908
655
104
389
188
876
234
137
318
956
616
739
717
660
635
264
598
373
870
139
605
933
233
825
45
122
598
236
958
219
119
218
227
223
608
415
451
194
552
121
151
520
860
220
533
847
484
131
220
707
270
826
640
855
651
38
977
601
274
287
821
745
506
400
320
466
815
771
660
719
245
163
240
457
384
773
305
220
256
525
927
526
703
920
733
706
958
710
308
584
998
481
330
856
881
650
322
48
774
334
767
19
498
7
828
234
132
133
454
388
659
382
266
714
302
999
421
612
710
81
196
60
562
526
916
795
529
590
843
303
924
962
674
774
970
502
8
454
636
463
843
647
197
109
361
499
109
134
463
171
215
659
231
129
538
499
924
67
441
119
722
365
82
748
140
404
602
148
210
238
963
53
237
160
515
951
11
976
85
474
147
653
134
730
782
24
581
707
443
22
178
165
387
612
265
879
368
867
380
579
458
343
632
695
856
499
998
867
475
436
342
622
89
828
704
871
852
285
930
647
307
109
812
47
721
77
926
442
296
658
21
754
354
5
450
210
505
800
77
980
236
419
955
325
599
659
197
803
297
127
450
604
588
614
3
662
43
282
104
340
940
477
94
294
482
896
504
987
697
582
320
933
353
627
259
953
286
808
108
935
935
559
540
876
173
543
538
217
825
994
557
118
471
651
412
953
548
269
293
597
203
965
530
556
592
141
861
230
949
970
166
237
529
58
113
54
953
3
271
131
997
180
249
820
184
13
773
732
282
418
329
485
383
211
394
327
353
607
558
302
577
76
539
458
486
4
865
439
7
136
570
356
669
171
176
853
185
302
937
819
720
266
657
456
829
51
783
182
658
693
485
588
121
376
398
607
733
263
47
92
752
969
449
421
141
977
274
326
631
211
497
352
829
154
160
658
205
295
841
216
989
678
156
462
406
906
70
491
170
469
584
922
438
385
695
931
714
969
609
346
532
107
698
713
261
210
371
819
505
564
387
846
594
543
309
353
449
731
844
971
200
428
245
990
165
940
274
880
261
883
226
145
990
276
858
604
486
582
423
991
146
810
838
93
705
499
446
506
230
642
830
782
423
75
124
588
16
398
820
629
282
46
775
624
674
985
228
160
567
3
504
66
165
694
159
870
545
957
729
775
951
559
909
374
986
33
315
354
784
135
984
66
534
111
42
208
96
623
721
664
626
577
82
792
271
593
14
168
902
95
943
853
6
204
228
993
237
543
347
21
30
683
439
564
794
834
773
243
457
494
259
435
71
341
227
694
934
594
862
836
41
157
689
48
361
269
393
598
164
92
972
195
776
763
759
922
597
532
517
54
378
776
490
449
117
69
495
403
15
357
591
57
514
633
457
227
254
850
178
419
942
150
614
70
913
725
345
511
610
862
917
988
639
407
790
108
829
285
864
844
995
455
901
861
440
710
89
695
560
267
114
855
769
80
277
682
805
622
545
767
837
815
756
828
574
898
288
403
183
152
600
178
960
853
392
400
564
481
95
476
748
209
331
517
641
961
551
799
935
449
566
772
616
674
600
190
572
241
946
108
393
546
638
353
399
30
754
963
511
201
440
611
763
123
480
404
84
384
203
20
185
122
144
801
796
97
991
721
338
937
829
731
835
467
437
235
498
543
550
361
744
990
325
507
466
805
912
550
189
467
922
726
941
419
527
738
516
519
811
854
808
640
937
644
459
374
231
309
269
781
671
14
124
996
521
590
153
785
492
695
605
767
421
546
186
949
636
702
820
447
908
628
439
197
624
899
924
855
208
193
637
231
207
761
579
81
703
85
218
195
780
823
962
201
722
148
502
710
202
322
510
462
303
949
660
279
200
584
135
761
777
124
992
337
237
924
770
940
9
988
487
789
812
450
342
886
950
197
596
505
519
106
967
174
408
627
806
608
563
293
369
693
417
714
30
6
638
800
946
999
140
785
140
952
235
482
190
538
31
787
43
903
893
362
77
301
990
883
262
905
528
631
598
945
697
980
303
687
132
601
686
273
387
826
577
974
661
768
512
692
555
907
595
800
622
25
454
612
260
716
869
789
699
468
86
397
800
390
436
933
343
123
558
730
301
135
705
314
903
569
359
810
829
306
963
451
683
417
415
944
485
284
85
184
104
523
933
905
265
722
190
609
845
748
691
498
235
396
165
139
318
524
301
499
182
264
302
866
33
717
810
518
353
247
55
810
122
340
67
388
62
257
997
907
357
688
758
592
437
923
731
107
799
385
606
981
649
260
847
683
977
9
553
682
608
608
492
731
949
559
119
11
816
468
271
525
508
381
118
297
304
201
404
455
586
362
436
588
622
636
623
951
645
176
986
254
137
478
337
86
38
456
449
206
276
720
84
784
101
202
434
757
403
190
212
990
905
1
930
879
637
553
831
634
81
817
888
218
647
225
304
37
33
754
596
309
826
680
446
280
882
232
37
285
422
602
627
327
603
557
207
240
462
390
874
544
559
115
762
558
692
419
596
726
173
192
387
351
224
185
631
106
417
669
743
192
623
723
519
226
632
78
818
95
820
44
991
379
159
753
290
852
524
886
930
49
430
669
401
654
207
32
112
624
53
207
816
28
930
688
254
563
118
72
10
939
117
353
670
628
458
960
832
983
198
114
32
628
136
785
634
343
170
746
319
223
954
488
604
236
176
858
151
294
283
513
585
752
866
256
732
325
216
565
308
415
31
692
395
167
478
30
510
648
128
830
223
434
318
827
671
846
686
822
492
321
336
78
425
202
334
157
879
902
74
187
669
106
880
65
273
358
447
136
6
575
318
581
10
988
409
33
834
447
855
326
768
543
404
193
98
90
702
977
993
777
517
14
883
749
431
508
459
878
996
817
806
314
398
816
302
807
849
136
254
56
815
374
952
571
567
50
662
622
379
7
399
248
21
634
997
805
494
456
683
491
273
489
805
672
657
108
831
858
596
86
267
411
460
219
983
380
621
997
2
0
4
753
249
377
387
598
182
233
55
218
724
680
707
530
704
717
990
536
575
938
974
842
350
786
413
685
518
34
682
872
35
38
625
636
415
364
234
950
598
641
168
674
674
227
204
378
296
546
266
224
485
592
66
187
379
832
224
249
866
906
122
253
296
99
241
63
464
828
13
414
469
533
88
143
113
645
874
409
543
492
633
380
85
52
567
816
884
791
65
102
49
187
708
345
639
949
409
103
777
774
869
599
660
309
742
773
306
968
534
850
461
168
230
898
572
150
714
808
941
131
910
991
671
618
688
310
920
449
765
697
576
634
296
236
943
391
361
250
711
895
452
172
415
34
422
987
184
136
147
126
268
410
469
939
380
509
601
300
959
366
350
535
0
998
123
295
741
484
897
453
731
349
977
147
384
400
486
920
536
634
46
156
396
867
447
776
377
48
429
688
414
779
575
766
777
698
62
519
534
311
972
265
661
301
764
397
701
251
317
590
237
716
746
633
935
546
761
312
594
190
352
361
969
927
127
99
977
541
618
863
853
942
481
866
243
245
615
297
848
284
887
437
0
985
422
936
531
184
600
478
374
305
191
696
584
318
795
914
212
765
777
65
59
258
283
654
856
898
951
56
182
838
494
535
824
916
823
707
452
423
185
827
80
376
875
665
47
22
579
259
787
356
676
198
967
959
852
175
857
804
231
391
994
725
926
170
994
749
878
446
525
63
625
605
792
500
270
191
874
849
450
661
558
126
859
877
437
64
52
294
220
635
685
214
713
964
385
707
713
615
505
590
30
483
196
822
335
818
13
210
20
815
223
930
293
435
807
730
499
211
376
719
846
62
285
559
378
670
618
91
637
476
682
668
959
230
490
294
48
856
504
68
671
80
350
965
515
157
47
14
368
424
85
215
838
370
126
216
393
745
307
30
573
341
698
532
923
541
826
972
397
683
392
420
763
743
737
630
252
785
644
621
209
81
188
399
451
666
615
844
763
274
227
336
968
277
868
891
818
47
863
215
82
608
988
197
703
725
827
955
862
823
928
71
904
468
822
707
135
437
552
898
64
131
235
32
408
455
923
227
854
139
794
936
99
134
485
802
860
664
109
722
487
38
146
743
506
968
451
993
758
355
892
822
486
479
854
246
286
129
473
141
268
620
429
367
754
267
521
966
931
631
689
419
669
187
162
527
507
965
521
617
320
765
439
806
596
645
53
234
775
878
375
395
850
157
763
605
424
284
571
355
915
612
126
936
151
641
816
659
606
689
628
927
806
68
85
402
65
490
636
840
369
364
236
219
873
351
176
297
635
748
4
903
712
131
191
864
772
359
875
378
48
503
657
854
923
743
608
989
233
597
181
954
313
417
174
186
120
702
483
108
450
839
11
515
970
554
379
94
914
606
825
314
109
482
521
385
577
481
374
163
78
555
117
391
325
643
929
797
346
764
905
148
604
268
663
574
823
394
21
89
0
846
403
462
680
276
847
258
758
573
421
188
480
890
580
157
534
861
955
880
626
860
380
582
129
44
156
304
438
529
393
791
375
148
253
56
777
452
666
535
377
87
723
857
329
655
367
863
517
322
95
495
534
476
77
15
872
585
319
310
115
64
101
842
565
706
898
342
158
564
877
887
3
952
745
333
608
464
548
477
138
644
324
672
472
401
688
344
338
359
6
805
424
460
648
341
166
898
683
677
463
912
564
818
864
661
503
824
125
52
653
263
48
329
288
872
82
328
216
421
39
574
226
815
34
226
156
553
125
839
230
940
103
146
758
320
160
614
496
285
18
150
901
418
831
541
290
914
869
858
335
260
432
913
76
819
140
232
372
265
424
954
205
527
100
315
847
612
281
344
250
299
846
151
717
677
44
7
943
265
865
630
525
650
544
601
469
36
834
841
653
258
795
210
137
247
877
337
860
159
681
110
458
879
613
176
908
9
535
852
274
753
482
799
403
378
753
872
766
939
65
419
197
212
629
686
459
507
23
671
666
56
133
476
287
98
652
196
107
540
400
733
293
234
885
696
613
638
920
379
577
985
151
126
197
780
812
8
639
188
680
657
244
165
486
884
264
138
80
371
30
832
105
323
66
990
19
679
980
939
411
557
276
562
35
473
694
199
482
686
387
514
343
984
679
829
220
943
320
652
667
350
484
124
26
550
466
397
582
446
689
345
355
965
907
742
791
601
941
273
639
681
139
983
17
818
164
237
114
836
889
133
539
725
257
917
275
723
314
209
521
3
554
228
969
813
970
760
767
263
385
406
944
524
389
313
694
906
550
160
94
791
293
985
516
550
902
144
625
217
705
498
220
260
726
541
73
696
653
840
960
38
247
256
914
988
570
961
246
472
121
693
264
767
678
132
669
581
628
295
798
334
793
370
594
872
912
19
920
565
212
232
956
811
489
222
151
411
183
750
883
657
443
499
424
121
984
93
702
612
740
852
946
886
575
892
758
487
264
678
404
476
911
712
639
752
935
790
163
470
540
398
127
983
250
551
457
586
997
511
198
737
364
497
623
939
389
381
778
5
412
534
481
675
599
472
427
534
263
942
4
155
692
484
491
294
35
948
880
384
459
431
122
175
928
97
466
669
479
596
675
243
131
508
918
730
981
697
616
244
991
972
751
683
456
242
330
844
190
210
228
2
641
702
177
921
800
996
591
631
592
618
874
723
126
144
805
107
193
773
703
184
746
455
219
202
49
549
46
592
760
627
594
753
329
123
675
129
119
618
760
712
236
986
787
362
130
945
822
323
718
525
859
464
332
79
19
382
980
417
974
92
44
920
846
374
43
873
855
163
491
616
227
727
602
14
441
85
959
263
760
30
789
972
846
473
403
865
855
383
283
181
476
679
101
322
53
145
547
909
660
38
877
239
117
831
253
558
268
565
822
29
947
963
1
793
436
404
11
644
139
646
825
615
325
279
289
731
776
836
992
788
874
221
27
991
52
280
902
321
197
76
702
144
391
703
290
827
459
301
823
598
947
1
566
624
280
855
355
408
692
347
196
918
568
223
262
973
855
164
294
53
592
996
549
983
51
839
162
862
140
986
812
439
339
378
64
619
234
419
379
278
119
575
548
39
798
810
12
5
326
658
58
918
6
960
253
409
799
416
271
292
754
84
731
93
814
147
64
400
567
443
30
38
18
579
429
168
741
794
173
68
452
584
338
811
896
592
220
695
8
844
339
114
280
423
207
94
570
271
495
489
714
525
527
84
456
957
604
198
751
129
266
555
65
956
366
961
900
939
657
260
783
348
374
63
771
581
509
342
852
4
831
918
882
711
354
338
20
310
536
771
440
154
678
505
463
397
467
363
688
476
624
471
176
998
886
948
932
395
290
136
752
473
407
634
184
761
324
204
72
861
327
864
367
358
369
830
107
188
546
795
16
170
618
193
520
504
141
452
251
783
589
3
608
996
989
793
109
314
349
533
527
677
397
246
387
119
77
494
307
623
289
324
145
907
869
665
763
362
470
14
145
411
370
753
759
359
898
868
25
248
402
552
277
151
799
664
270
228
510
930
203
799
606
348
58
475
365
173
837
835
187
334
246
909
439
5
269
338
226
294
938
980
199
215
131
350
231
754
578
741
684
133
892
290
481
302
117
198
475
954
34
14
640
632
276
79
990
545
417
568
191
355
548
742
922
31
92
505
137
22
598
821
155
842
463
636
144
580
187
971
886
221
338
526
205
614
606
547
511
375
115
54
731
15
797
5
399
889
511
536
912
109
358
419
952
173
408
448
754
595
772
992
168
110
519
373
76
477
273
939
852
388
993
935
756
790
941
155
32
452
691
296
913
401
715
865
575
123
314
681
718
438
673
238
548
544
612
976
21
237
915
874
625
908
809
733
699
750
888
731
554
932
379
468
685
94
685
260
218
351
293
288
789
967
527
689
511
491
665
885
728
580
759
705
841
568
439
540
671
679
623
577
963
2
397
649
448
83
261
18
434
555
307
576
874
186
265
737
29
931
622
757
863
733
814
704
654
605
596
677
285
571
254
248
925
652
249
374
87
511
392
521
418
51
97
644
237
715
381
618
646
356
375
509
89
542
566
743
147
162
772
432
734
27
33
659
31
282
33
118
145
778
991
563
829
89
207
419
804
941
37
802
297
765
663
738
307
229
834
454
392
606
239
478
985
272
137
16
906
523
134
52
301
126
967
482
567
175
253
723
468
291
525
765
408
540
855
67
770
41
521
514
0
112
992
985
384
481
2
643
4
488
695
657
614
662
140
533
189
745
256
657
388
133
774
796
674
982
863
796
23
737
310
375
849
654
361
586
135
715
229
140
203
276
797
170
290
289
703
832
35
960
489
423
445
616
572
119
598
787
915
973
524
577
349
726
231
62
312
367
777
893
859
332
169
8
502
459
650
558
643
37
518
133
460
963
101
384
435
51
172
702
24
696
280
725
422
863
139
86
582
268
979
441
601
148
802
455
960
452
13
603
489
883
88
301
199
189
38
634
592
210
688
617
906
320
694
681
184
834
767
118
454
747
912
55
247
714
863
559
518
228
163
359
112
603
12
311
145
50
297
737
260
985
706
519
306
401
552
842
587
319
960
393
418
872
801
18
586
664
577
456
892
92
815
356
48
828
667
193
878
316
930
491
302
989
10
960
742
562
802
681
233
114
74
4
987
875
22
925
539
599
382
784
44
549
140
92
377
160
285
608
476
567
99
130
556
461
442
298
23
596
979
256
711
406
260
698
281
634
975
173
586
709
957
630
259
449
74
988
961
711
948
790
278
47
272
187
508
715
837
883
311
169
492
374
575
104
424
856
739
400
381
677
109
690
659
368
140
733
709
453
444
657
243
74
57
516
613
565
583
451
801
894
972
645
621
547
749
45
755
840
797
489
517
907
179
176
627
319
261
336
773
705
994
368
132
51
884
745
968
467
548
121
714
872
766
687
419
868
732
527
708
530
16
578
789
547
106
416
867
368
105
992
425
451
712
557
854
597
655
174
416
555
296
482
428
414
169
199
282
902
78
343
784
94
273
573
994
379
341
861
99
446
205
525
897
269
434
751
866
441
926
635
997
574
117
777
988
287
976
623
541
55
966
325
501
591
898
495
970
239
708
422
38
265
947
935
535
733
39
753
527
317
388
524
891
506
653
231
145
629
206
686
36
524
11
890
115
261
737
438
852
446
860
890
63
159
178
950
892
217
704
419
886
444
295
129
302
948
360
447
930
919
485
966
443
496
208
559
109
946
997
962
744
857
852
807
16
382
758
260
951
814
32
837
258
327
966
561
628
679
360
558
598
846
876
41
694
85
952
804
31
949
118
775
158
322
934
526
705
44
787
656
858
819
846
469
498
812
382
126
843
742
36
441
940
265
835
987
350
787
143
733
89
261
860
247
583
794
774
640
191
913
649
49
84
495
870
582
307
252
61
503
347
449
296
639
714
131
626
64
271
769
149
712
30
9
311
966
156
85
958
347
350
607
748
434
102
619
369
762
223
782
617
570
231
913
562
946
397
188
362
20
310
512
732
692
873
43
658
29
481
969
728
183
928
477
618
383
96
339
497
671
121
114
594
352
27
156
298
424
344
13
796
6
525
528
699
398
924
709
780
405
678
508
588
607
985
558
990
433
897
487
105
18
953
699
723
980
207
373
757
903
386
553
910
263
434
609
662
358
318
794
115
349
302
55
956
640
614
298
425
863
137
530
882
442
581
957
422
788
330
531
692
717
437
602
980
871
563
994
581
881
788
696
582
443
751
538
435
717
188
860
581
677
743
815
119
676
772
894
817
102
777
509
171
214
463
504
437
378
498
18
611
639
66
194
434
170
84
869
887
273
81
468
302
824
283
774
501
407
20
318
510
797
179
33
364
994
537
801
372
388
172
983
379
590
177
813
760
262
34
648
887
115
116
541
940
752
315
793
159
335
463
21
485
642
55
849
988
944
2
360
684
174
695
63
765
225
228
525
839
614
525
726
730
994
619
22
746
935
167
257
622
630
279
107
624
686
308
612
982
311
324
667
485
19
82
602
244
663
480
83
277
5
161
359
999
781
381
97
68
900
355
42
530
986
502
154
24
810
118
6
121
442
25
959
462
108
561
58
771
393
494
400
751
655
760
102
788
141
200
208
42
907
603
924
245
105
431
269
267
549
627
389
992
653
700
806
113
613
216
236
7
710
636
758
718
396
860
858
890
412
67
284
671
670
208
916
127
639
537
394
541
165
135
885
170
835
691
283
449
907
519
456
970
155
566
688
904
778
546
794
543
965
78
214
635
638
483
114
630
20
509
171
537
644
408
707
480
99
342
929
358
861
737
680
369
655
368
273
433
267
67
976
232
497
543
220
135
26
334
117
398
195
288
288
840
696
347
672
147
690
953
858
903
42
538
272
697
259
897
482
878
316
459
110
813
354
682
301
380
369
418
130
564
59
418
756
107
118
428
607
808
381
817
711
775
355
336
472
966
233
955
844
902
766
307
715
120
341
368
852
710
139
334
275
198
105
31
657
223
812
264
383
545
81
94
321
789
782
793
107
368
100
304
270
866
963
337
338
304
706
190
15
845
877
642
395
982
25
52
205
837
669
588
735
102
34
56
891
169
201
351
537
302
655
159
520
618
496
859
922
554
401
289
751
278
283
146
260
309
551
817
498
572
757
233
674
792
289
566
961
491
917
850
145
924
9
665
542
505
876
816
60
278
458
811
908
741
310
521
402
213
338
253
785
96
486
459
240
128
377
553
971
646
403
468
570
412
133
464
917
362
633
329
992
91
493
900
184
803
421
939
368
112
192
153
560
30
612
152
510
342
705
833
988
108
301
559
520
787
375
789
149
8
119
141
99
612
393
636
767
167
575
487
279
119
640
191
149
604
343
12
946
48
845
935
508
499
846
28
286
221
817
787
230
288
928
681
252
321
669
371
488
244
858
119
715
850
662
217
455
5
229
753
405
426
40
265
925
886
645
563
460
815
350
42
103
630
75
708
952
745
79
792
341
290
912
57
140
926
274
595
284
855
349
41
281
389
307
559
628
952
474
440
767
825
482
223
455
909
931
759
654
362
552
348
652
816
405
793
742
31
740
378
238
441
420
871
183
727
430
811
679
905
603
799
82
437
22
537
346
953
649
353
315
553
701
968
369
458
113
463
841
853
194
79
295
614
950
478
341
733
641
372
638
596
171
72
33
545
961
731
498
610
84
166
163
137
486
884
595
599
700
436
804
894
867
451
508
818
929
201
551
922
925
541
518
97
613
903
994
574
635
845
537
719
11
52
209
849
937
804
448
989
593
604
883
460
56
743
630
337
296
181
612
221
74
130
670
39
34
665
966
21
510
503
740
873
555
949
722
844
106
522
833
51
126
68
863
534
163
494
872
459
27
484
681
102
966
351
493
352
368
459
373
878
962
466
103
870
767
825
714
873
347
900
276
826
968
140
360
484
986
232
943
13
68
976
467
35
680
961
387
48
772
113
279
87
579
382
957
346
560
23
572
907
923
848
733
244
340
94
728
326
678
23
340
99
0
159
134
680
472
873
80
245
986
359
332
565
94
641
264
654
664
836
913
940
36
647
536
377
93
616
703
123
639
395
222
991
555
708
671
379
934
752
624
920
463
308
838
909
949
102
563
966
290
477
906
326
476
794
55
921
410
759
396
401
506
971
393
413
679
416
793
613
520
417
886
984
78
76
245
27
530
809
993
820
638
251
498
466
45
554
739
455
665
487
209
171
458
602
585
490
18
378
103
539
147
341
875
225
417
120
253
947
281
598
119
271
850
618
89
247
524
180
55
189
668
264
360
478
866
297
968
236
675
424
127
175
765
354
752
535
827
357
482
460
956
602
84
158
572
173
405
96
706
460
285
374
724
997
852
942
295
173
531
322
597
658
497
714
365
602
249
192
959
84
652
915
38
88
73
610
262
831
706
320
291
343
46
368
340
250
310
635
423
841
310
372
852
807
87
217
409
688
409
721
772
413
636
162
502
62
772
116
245
830
788
536
173
834
904
514
84
567
501
508
408
811
880
260
971
319
477
732
8
238
453
132
4
442
295
858
856
419
326
101
250
114
989
423
948
894
289
32
813
143
540
221
954
773
834
277
92
663
10
452
254
815
585
258
609
232
468
465
651
794
918
901
260
908
677
208
154
318
592
967
461
133
540
768
258
374
45
702
38
407
155
292
575
92
902
184
324
370
2
975
516
920
229
776
180
258
336
334
576
928
653
390
413
194
158
23
920
555
726
958
315
881
602
890
973
856
74
297
578
76
624
446
349
205
222
529
815
910
216
392
191
869
134
604
415
644
628
336
199
354
646
514
587
601
404
560
809
831
209
388
259
833
834
608
391
409
490
206
319
706
950
510
927
84
467
695
728
447
383
280
801
381
794
388
982
551
300
792
734
509
532
993
694
366
954
85
775
796
292
447
854
242
309
133
679
776
828
407
223
563
39
376
945
834
116
927
737
416
71
823
925
603
816
620
322
122
705
97
270
349
896
124
944
206
258
623
334
438
382
558
2
422
286
947
608
403
226
345
171
650
168
97
605
336
69
927
811
126
377
81
828
273
558
772
831
168
395
166
606
777
76
960
199
362
259
159
117
486
504
289
136
24
738
93
713
159
21
524
637
398
957
465
23
515
237
855
683
984
373
642
114
449
602
313
163
862
473
633
700
329
274
188
706
364
281
419
523
302
943
512
52
900
978
76
768
567
283
803
552
656
445
666
457
400
331
620
614
156
605
314
838
879
502
544
243
135
963
118
438
258
631
842
510
609
918
278
528
201
82
80
209
879
98
666
631
782
639
245
938
244
559
128
124
413
672
719
549
987
838
339
245
469
181
756
430
452
386
958
5
820
391
215
52
841
233
683
623
872
929
914
117
840
42
593
254
715
312
155
702
502
846
300
971
379
408
753
831
794
64
837
967
455
404
19
296
637
702
920
862
983
834
331
824
876
924
430
943
588
585
998
91
783
298
414
162
58
168
994
204
232
183
171
39
939
190
335
928
245
607
790
228
793
121
404
22
45
834
317
986
771
315
77
554
965
843
717
23
11
63
228
595
598
751
986
537
294
322
465
539
281
608
119
427
729
524
449
127
710
766
113
482
434
542
388
399
385
457
775
749
872
355
344
470
106
331
359
400
5
177
291
638
785
763
65
866
639
866
993
349
985
458
183
419
0
572
170
738
29
945
487
254
652
183
76
111
866
436
511
223
965
155
862
102
918
279
968
557
146
314
258
131
772
442
902
125
14
72
863
395
370
702
649
374
885
726
485
752
514
349
975
479
504
189
581
774
821
901
683
967
215
941
450
340
383
704
817
397
776
680
145
498
734
146
873
619
224
358
723
738
707
699
569
563
240
502
689
61
404
372
380
971
314
182
663
697
886
480
447
15
512
944
513
246
90
386
866
315
97
589
405
156
640
327
720
881
829
409
294
585
782
675
909
448
857
572
145
96
53
944
111
565
888
624
164
979
363
30
646
460
971
403
616
964
730
688
845
912
450
139
497
584
166
406
32
376
331
177
472
384
474
583
301
362
559
465
693
922
847
339
734
171
743
703
135
825
743
332
737
193
823
587
777
990
993
809
718
324
339
190
60
813
125
714
527
684
531
221
959
379
912
45
902
7
748
37
833
492
369
922
37
544
509
815
534
503
976
252
179
315
794
592
480
919
306
360
956
189
581
267
568
493
312
822
853
413
859
686
257
580
608
294
477
118
461
363
973
438
968
504
105
762
96
938
34
754
298
990
944
231
257
864
724
921
687
577
334
898
615
943
831
576
590
308
694
51
671
19
489
639
523
947
754
972
885
788
78
535
778
374
766
387
239
842
308
278
772
995
528
387
290
359
963
880
19
9
932
43
380
773
34
256
720
788
580
957
928
658
844
58
33
610
445
624
453
106
902
225
453
430
964
743
142
280
624
513
641
556
908
22
681
943
630
754
83
210
711
12
868
556
422
253
518
868
877
971
326
131
548
779
562
513
874
56
145
850
921
786
406
830
160
440
125
790
194
208
0
905
572
221
813
995
826
332
215
704
655
893
835
204
24
749
69
898
157
566
749
79
352
507
909
865
947
386
655
141
594
8
399
519
581
564
866
407
896
81
111
904
974
299
460
998
400
881
248
558
447
349
989
799
857
250
16
156
636
672
650
582
32
401
101
613
965
967
20
214
400
484
118
726
135
578
76
535
459
325
445
258
26
434
409
883
36
426
392
672
98
42
255
482
795
708
95
760
28
467
974
428
303
444
507
438
374
583
326
185
260
771
443
287
558
853
522
946
279
914
971
729
308
578
211
103
286
658
216
666
125
542
447
429
987
954
867
713
537
545
899
150
669
342
437
579
195
311
525
826
578
496
555
238
74
766
694
713
424
910
379
902
452
826
331
791
780
550
505
670
96
404
820
117
98
609
696
646
272
573
472
850
70
28
441
496
146
135
209
923
45
941
177
849
767
508
641
900
410
498
922
858
902
94
975
0
703
23
998
327
597
471
178
667
851
971
515
349
106
77
624
151
18
801
352
137
661
993
37
424
843
311
282
745
405
610
98
460
633
96
788
230
919
318
249
770
289
117
120
395
194
96
898
212
898
602
349
911
948
739
335
791
50
618
537
808
580
987
268
565
435
56
148
355
726
397
125
15
866
597
762
60
694
12
272
944
615
974
855
563
65
191
354
467
161
243
275
741
230
544
306
18
952
806
373
31
204
850
398
422
448
161
483
494
525
107
438
140
433
293
55
498
484
410
318
997
5
593
90
588
489
397
606
794
555
979
825
111
829
223
534
629
384
17
123
262
124
561
402
910
855
810
408
691
572
78
41
577
672
131
165
513
880
123
307
436
102
132
547
284
356
81
913
92
98
37
354
575
950
109
485
157
919
245
201
843
324
242
420
348
373
938
861
254
61
169
690
516
653
237
152
9
671
65
454
769
454
808
696
405
269
533
562
540
131
115
383
807
357
156
507
731
94
368
337
507
889
379
375
543
616
527
904
287
945
358
409
399
519
457
156
788
343
719
681
474
186
64
633
544
220
140
627
666
860
964
526
750
343
901
645
311
781
901
951
726
260
712
125
779
169
282
919
864
353
600
338
539
17
323
435
589
463
62
256
676
26
134
778
721
35
423
385
168
324
336
894
936
48
372
67
569
6
339
786
711
291
476
250
308
800
38
898
615
100
506
291
479
640
69
552
27
844
937
548
521
273
442
457
673
814
877
595
172
216
381
883
507
857
486
816
9
524
66
625
624
924
268
455
916
690
8
295
534
945
843
55
219
286
865
244
452
742
191
625
958
924
860
465
134
346
633
143
870
51
120
495
975
389
950
243
431
310
539
965
256
382
373
827
20
238
423
473
332
615
450
642
539
310
459
673
657
93
169
879
496
641
374
824
382
677
67
813
987
606
779
595
341
504
422
361
742
846
834
426
461
636
68
352
299
527
378
308
972
547
187
469
188
914
645
571
591
712
736
930
671
515
526
12
19
300
373
113
146
560
539
959
548
959
664
847
487
42
155
811
941
343
632
481
257
277
404
200
990
141
482
13
656
360
25
28
661
750
493
159
662
385
471
211
344
487
410
183
529
566
995
822
261
627
303
870
905
708
422
247
849
904
612
857
617
637
237
630
739
731
141
402
116
964
965
812
451
375
996
980
293
343
802
554
970
458
776
227
166
198
826
367
455
438
224
72
427
462
54
167
545
195
921
13
160
238
825
611
613
173
944
907
516
98
813
839
556
590
418
722
140
245
89
595
683
666
19
111
480
73
630
377
621
903
390
133
141
215
96
754
741
40
13
257
491
179
448
47
769
867
122
909
112
563
857
147
229
876
610
61
302
240
438
923
495
180
408
636
748
504
743
489
897
108
98
388
287
547
435
56
414
557
318
878
121
175
25
702
403
636
116
705
228
906
980
724
87
740
360
835
245
455
324
142
564
422
530
851
321
317
260
87
227
578
965
700
105
343
402
508
979
870
566
559
777
898
283
864
639
996
51
884
451
375
378
367
149
260
219
471
577
479
558
804
409
876
504
514
219
259
374
550
481
292
109
258
191
393
474
830
741
525
66
544
252
444
912
402
704
483
225
633
314
135
438
723
363
294
589
582
905
315
132
387
608
242
997
799
987
472
981
80
349
47
624
602
843
888
356
899
371
933
532
685
68
322
408
432
617
349
366
874
665
499
261
273
93
259
424
432
83
405
864
432
804
488
34
647
377
742
546
100
675
430
786
96
753
194
880
722
896
246
596
561
97
210
186
542
469
610
326
552
367
190
984
171
31
371
170
760
113
68
860
141
498
646
237
251
193
117
325
89
363
922
2
813
132
540
355
953
502
34
505
869
224
841
392
607
564
562
367
30
982
580
171
480
578
408
84
771
525
409
212
240
331
566
53
815
106
761
768
608
795
625
829
371
819
221
979
383
135
698
413
469
278
584
950
209
344
34
980
869
795
545
462
479
463
867
294
570
628
63
530
775
688
360
147
859
933
478
243
421
528
8
890
159
593
192
368
937
578
700
159
374
245
973
853
61
840
499
631
821
562
513
596
603
225
95
462
511
925
57
932
454
66
174
613
11
367
981
300
945
681
811
671
279
784
876
340
625
376
323
798
290
188
394
893
414
842
708
925
767
765
209
573
183
735
186
194
102
519
495
400
553
306
423
832
443
300
524
68
676
199
866
966
387
612
212
153
806
272
430
926
37
639
499
573
375
38
767
829
557
614
581
110
273
5
942
716
305
818
136
333
17
354
651
757
318
215
910
125
487
341
403
877
332
902
450
707
940
217
889
498
184
470
960
457
475
255
525
132
73
661
817
443
367
821
200
685
36
110
162
524
451
565
401
136
820
851
843
760
420
84
610
604
555
571
413
382
826
938
867
251
599
684
694
318
505
246
356
894
357
518
770
160
436
171
296
256
374
492
368
146
576
331
751
483
902
164
866
80
103
733
683
54
769
730
725
627
976
81
521
333
951
291
846
739
814
142
347
540
986
716
686
915
399
789
398
301
954
616
733
409
349
768
815
119
498
540
746
475
973
619
808
277
910
654
16
76
149
364
616
487
432
302
402
831
92
153
484
398
769
569
159
119
337
326
590
836
867
688
311
192
659
471
469
569
478
838
997
979
202
613
466
986
267
221
169
711
374
653
109
495
574
620
966
911
947
556
99
166
596
410
358
255
234
180
176
712
18
173
43
572
138
509
558
758
82
727
469
808
732
931
304
306
551
270
569
498
179
669
664
127
431
375
383
665
555
559
729
925
85
772
497
575
634
407
333
716
486
803
877
218
734
181
876
637
803
445
136
334
114
152
462
546
527
845
563
434
756
293
711
193
417
208
769
51
967
102
120
453
257
997
23
343
530
899
981
685
345
117
20
811
621
482
709
501
679
625
935
787
270
999
981
687
207
102
91
527
556
211
980
814
560
4
157
442
255
490
479
952
607
499
116
581
333
825
82
364
802
369
152
72
368
485
760
928
939
851
455
495
414
787
309
974
791
819
768
399
309
247
351
269
99
819
202
784
997
284
501
799
653
5
872
22
490
984
950
429
835
757
276
601
544
938
927
688
109
695
87
770
294
790
391
745
610
593
530
607
877
383
758
883
388
630
257
230
614
559
11
801
316
287
402
860
225
681
900
686
376
987
457
23
130
848
768
92
442
650
51
671
33
809
554
773
792
163
3
758
722
366
912
390
654
666
603
231
348
503
918
76
843
727
99
973
575
868
417
17
870
820
689
904
629
595
677
773
759
33
532
833
399
796
224
405
462
827
989
810
330
259
887
525
986
338
850
913
558
267
931
429
87
972
333
69
567
362
842
678
747
726
512
499
522
736
256
337
915
597
499
597
208
738
123
546
77
973
460
635
593
391
64
680
715
749
101
634
464
296
313
563
22
177
62
897
913
671
586
180
268
85
777
477
824
900
23
901
226
483
888
819
226
953
851
293
54
953
928
518
249
241
82
623
418
496
872
683
167
458
215
788
544
992
265
720
245
640
621
471
476
509
290
54
814
141
348
869
446
276
739
695
869
173
671
639
670
543
674
189
354
889
977
898
233
594
618
478
235
591
301
63
452
591
117
267
85
817
488
883
445
579
931
314
753
602
305
423
497
979
612
851
220
942
101
454
536
71
932
771
662
586
834
467
177
304
86
614
473
574
850
919
153
781
585
258
735
891
681
232
222
646
436
443
588
537
249
124
961
533
248
975
119
434
442
649
90
528
615
564
454
465
483
960
598
68
218
333
311
252
566
886
898
2
681
838
891
930
962
852
815
562
828
935
997
622
936
87
151
551
651
957
17
486
917
615
907
136
301
570
740
867
456
638
221
137
828
464
419
142
317
235
705
497
170
702
119
106
141
622
9
145
580
378
631
849
346
890
337
647
461
77
866
917
67
87
407
895
551
826
38
220
413
743
717
935
797
189
393
290
811
403
435
391
781
419
241
479
309
578
126
770
656
992
40
723
431
799
619
983
977
9
555
391
104
273
326
901
462
720
191
625
475
979
17
608
398
610
88
707
188
214
830
196
207
222
272
638
21
243
973
998
252
529
389
356
154
68
609
968
140
152
593
615
131
610
223
529
572
311
589
113
526
419
309
85
993
933
75
14
176
401
364
780
930
106
488
436
174
97
404
314
602
997
281
733
960
504
263
532
816
204
645
694
975
307
131
968
240
558
982
769
959
698
901
241
804
390
677
330
839
81
644
441
431
925
175
391
782
790
275
598
346
273
644
321
580
775
289
172
