905
803
911
410
473
437
520
2
720
763
928
925
582
115
52
683
825
534
69
762
753
694
501
665
739
900
600
444
310
800
344
215
603
607
977
428
396
497
431
116
260
711
394
843
826
798
878
3
332
948
766
437
994
619
454
733
871
55
177
181
855
873
749
811
833
78
239
229
576
22
698
836
734
444
31
912
242
262
916
574
210
682
364
556
653
818
641
524
225
171
58
433
396
159
244
229
237
835
811
813
858
509
2
944
953
385
856
547
647
772
121
209
806
837
765
459
656
407
336
881
930
394
314
326
553
910
556
790
98
367
956
956
228
958
252
181
343
108
80
991
233
201
200
39
391
318
851
47
725
187
280
7
933
947
333
486
209
889
628
307
608
584
263
188
542
867
721
238
976
801
581
561
355
781
600
746
451
803
793
176
342
425
535
275
372
869
113
934
110
742
241
719
326
857
259
221
724
981
811
52
782
392
613
137
525
566
883
977
369
28
505
64
454
41
339
178
910
453
112
20
547
354
91
225
563
351
798
287
684
609
340
466
1
953
956
527
871
839
504
241
868
9
305
674
50
996
852
312
801
317
685
348
23
776
926
586
479
724
225
163
334
565
982
335
871
938
214
742
129
718
335
997
80
992
23
482
341
876
795
142
545
480
843
568
608
769
506
440
493
731
955
827
649
937
515
520
227
729
614
357
800
302
706
880
294
730
714
635
958
861
130
503
693
973
423
302
742
929
94
587
660
49
415
661
339
282
181
918
11
148
275
811
450
982
43
96
64
758
84
22
971
214
525
665
539
300
319
281
229
413
220
241
814
987
903
505
269
436
424
281
936
699
444
386
33
840
835
97
950
919
119
921
133
996
586
672
648
905
305
229
318
525
471
485
513
726
990
134
514
414
415
451
466
212
189
851
52
24
949
2
943
420
923
428
769
510
100
417
767
757
999
86
635
822
923
500
548
913
634
62
680
402
865
146
614
55
997
666
79
298
668
375
719
943
803
840
453
256
609
221
365
608
659
0
430
582
500
330
847
487
745
527
889
610
25
503
17
23
521
449
321
541
824
392
484
979
584
290
587
194
863
953
154
874
305
937
808
158
267
655
645
364
535
886
975
560
741
344
583
262
793
257
155
969
1
639
949
586
281
888
132
144
841
638
18
147
575
178
657
195
834
302
911
369
188
886
281
929
583
217
543
376
474
698
346
827
689
647
765
971
535
249
115
729
888
486
228
815
664
885
362
850
539
274
571
727
512
853
8
95
70
903
824
896
601
170
723
290
817
841
613
704
90
729
433
330
567
661
498
583
546
860
434
85
486
5
164
999
210
524
446
280
427
270
528
380
440
604
23
609
445
636
314
887
717
99
218
284
761
716
868
659
576
654
97
415
659
261
414
870
138
212
502
565
483
31
298
275
987
321
237
432
957
903
319
675
2
537
311
115
605
179
775
534
833
872
949
845
485
715
67
623
927
921
541
410
952
839
38
939
160
275
723
469
178
43
496
180
932
808
648
538
339
423
424
525
647
373
370
132
88
789
108
367
710
649
778
15
840
168
306
352
443
30
821
973
425
318
505
709
478
153
599
817
928
23
342
575
396
64
60
836
853
168
204
916
169
334
931
361
502
237
713
297
619
534
622
44
204
127
754
682
633
353
852
561
729
194
137
477
611
197
314
816
717
870
732
886
204
663
247
58
253
312
707
872
198
329
269
403
808
23
437
441
728
289
355
809
836
492
287
799
41
601
615
110
471
348
996
27
363
595
85
968
907
144
841
457
473
110
212
281
485
650
75
565
291
430
375
479
274
662
278
667
615
246
777
438
946
125
465
309
720
902
630
979
46
471
436
871
933
649
504
770
651
579
687
294
361
62
126
635
76
404
654
691
2
431
481
948
556
298
610
628
552
240
607
950
63
396
821
348
397
678
470
400
257
157
694
971
572
820
958
648
577
613
692
579
44
173
880
953
824
842
581
376
82
189
327
497
937
500
197
334
178
667
734
436
824
780
759
396
601
717
397
530
682
89
461
727
614
341
680
438
183
261
815
617
802
494
466
91
994
663
425
173
682
511
961
859
292
720
607
245
789
4
127
472
445
588
551
60
282
583
850
817
844
665
787
999
511
253
90
506
269
868
679
951
379
640
162
23
712
770
620
501
774
747
973
220
336
876
632
970
459
482
787
656
500
574
655
11
180
97
517
801
965
548
752
697
540
915
72
252
37
693
754
811
792
79
31
128
956
663
450
415
498
238
71
998
164
78
9
344
528
879
145
493
427
250
542
320
517
615
572
554
660
678
717
452
110
101
933
418
764
383
185
614
621
257
612
138
687
974
482
215
205
980
61
984
582
955
304
451
922
877
5
582
907
722
387
17
823
320
787
940
55
973
906
29
230
519
167
269
845
1
837
50
981
898
386
915
853
691
366
776
920
723
710
827
798
97
197
973
769
984
265
825
957
172
854
539
43
21
161
888
22
998
290
356
248
676
623
101
367
990
229
639
713
292
819
863
389
16
837
159
352
102
336
662
274
190
553
317
563
66
557
937
64
847
645
664
876
269
118
595
611
347
235
324
639
54
540
381
422
377
892
126
479
228
140
106
770
694
775
333
112
333
270
529
532
916
193
408
537
311
356
148
11
591
824
2
997
364
383
419
741
275
897
573
855
38
679
625
84
454
958
196
139
581
725
24
849
919
784
386
230
140
886
593
731
710
596
728
75
979
499
168
607
397
93
462
435
772
88
519
579
398
67
70
979
793
94
828
64
879
566
646
19
452
240
103
515
836
183
942
815
683
110
774
432
204
237
219
328
677
90
259
75
157
330
55
950
424
235
366
303
154
13
675
606
253
778
121
89
961
415
256
996
526
383
780
82
620
999
410
649
89
670
724
247
352
131
549
776
719
268
80
873
281
755
831
534
885
305
975
198
720
583
195
598
318
975
680
290
327
443
939
416
465
664
15
817
147
917
593
866
185
25
739
818
132
923
704
369
228
31
568
948
966
763
899
285
90
579
575
769
374
515
186
839
531
553
8
678
822
954
897
359
331
988
177
464
911
233
185
491
264
753
792
231
868
691
868
311
270
443
80
997
310
618
836
193
524
197
224
346
151
121
58
482
109
587
298
373
821
484
864
85
589
656
668
458
699
888
769
322
332
201
319
994
820
507
188
344
704
412
42
855
885
100
690
346
688
988
719
509
824
936
946
414
944
967
224
644
855
345
966
539
546
285
534
366
792
74
62
497
838
105
704
723
205
394
421
245
735
141
754
911
429
53
677
373
20
901
17
227
246
335
767
145
620
653
863
765
727
926
614
917
383
318
992
940
65
413
186
152
906
292
415
335
345
93
61
717
994
430
945
593
766
712
738
738
365
601
503
444
879
469
361
262
140
705
203
557
470
389
61
377
681
476
64
379
569
477
96
916
908
41
861
26
105
599
764
822
552
620
266
432
89
979
46
229
36
249
138
507
990
199
884
672
676
300
403
597
778
851
513
38
893
374
64
350
325
180
173
230
800
791
14
242
123
60
823
159
310
962
666
300
161
902
324
837
555
79
787
333
931
300
371
176
27
787
526
704
967
51
286
120
195
300
362
318
361
537
477
23
499
496
675
13
750
352
202
305
431
989
638
362
642
361
890
21
500
769
725
820
820
364
940
15
664
654
685
377
191
163
400
43
11
76
56
761
780
258
67
211
248
57
926
890
771
816
263
623
585
340
443
758
704
383
773
369
37
459
746
581
974
499
624
337
927
680
450
707
938
517
270
538
927
196
780
50
365
43
673
950
384
117
60
440
852
834
809
890
645
908
823
971
759
447
660
686
127
110
745
417
628
15
308
907
564
88
957
929
484
982
231
220
99
292
660
304
478
822
194
475
82
17
446
193
816
106
879
295
568
976
712
548
991
372
455
555
813
764
484
297
99
68
869
198
360
529
854
838
703
48
313
785
417
111
978
585
569
209
880
137
185
945
686
529
317
493
436
130
610
273
427
709
341
296
259
701
178
114
891
881
514
204
19
932
667
349
517
236
559
750
725
96
695
411
977
12
257
414
143
867
687
922
576
380
571
835
81
101
949
972
334
464
528
353
748
195
703
617
431
614
367
156
62
62
920
40
427
177
806
922
396
845
196
972
225
119
807
306
220
109
630
555
573
158
260
673
705
315
290
488
929
10
644
344
424
916
384
851
445
190
125
841
387
322
813
612
441
973
270
14
82
900
921
7
410
181
680
115
497
322
603
778
332
599
122
757
868
506
960
665
48
86
507
435
408
672
399
201
997
669
567
431
921
488
790
683
670
822
798
167
145
753
945
477
705
420
586
925
278
547
590
327
633
449
114
393
474
866
946
471
535
514
903
457
2
45
140
672
868
291
191
13
396
489
842
453
909
429
378
187
328
321
866
313
770
333
58
596
199
4
68
734
518
323
543
873
368
36
545
236
679
89
601
427
930
444
881
839
225
611
378
905
284
597
218
407
930
276
3
129
632
71
215
151
746
111
24
115
499
921
703
178
362
305
605
292
101
838
131
678
802
862
583
86
459
153
493
741
781
497
222
413
920
437
916
667
900
940
134
751
214
189
929
576
494
887
869
947
77
352
977
879
214
560
966
25
65
811
766
846
308
988
612
229
778
528
248
30
821
382
782
387
571
63
963
418
302
184
717
380
537
695
259
103
607
577
481
673
389
247
871
49
588
835
278
366
364
878
748
537
260
530
924
184
594
887
602
896
424
319
628
961
366
240
416
974
817
897
999
558
497
222
608
85
58
238
803
774
117
551
311
729
434
235
913
28
474
867
276
898
539
905
211
905
145
980
231
314
229
230
225
726
805
185
163
863
423
318
637
892
222
300
974
656
535
239
36
361
459
664
260
998
569
823
255
66
803
487
381
33
69
606
111
874
791
275
89
566
945
78
811
167
378
137
175
265
376
211
627
835
228
887
185
797
62
441
864
866
280
597
251
701
555
362
928
698
989
17
616
287
96
779
454
826
916
982
92
645
545
719
832
773
958
370
571
20
163
787
238
443
736
489
496
291
204
424
341
193
794
309
480
242
89
287
68
357
269
160
354
814
231
539
940
189
909
511
562
72
650
800
867
738
290
715
381
846
140
722
39
934
31
872
176
472
511
244
830
780
757
536
946
988
75
238
530
336
749
92
760
751
892
627
489
534
343
870
380
835
944
772
769
328
996
297
800
507
893
982
639
2
519
937
991
946
176
873
283
277
965
43
29
209
23
870
744
718
741
476
553
37
248
674
365
244
323
166
103
216
148
742
571
19
680
914
966
856
787
601
133
752
644
514
961
19
385
57
737
478
534
642
515
134
316
881
731
639
399
834
208
899
929
779
919
609
693
237
817
832
838
302
584
834
817
897
854
554
307
591
384
841
234
899
327
902
132
410
894
883
597
102
783
526
233
54
487
278
291
656
110
481
958
46
315
127
943
169
681
250
113
417
443
347
317
123
249
801
533
143
37
130
597
820
8
182
226
495
460
869
503
570
350
462
968
665
941
912
187
975
514
300
392
310
647
61
785
248
863
318
744
900
801
693
72
161
876
650
9
336
519
512
259
869
974
579
886
916
491
73
891
358
725
635
20
724
697
805
973
912
123
69
164
276
762
236
438
638
238
447
327
757
311
938
626
286
517
864
554
361
290
797
719
15
432
739
740
481
896
65
393
371
134
557
648
896
145
438
887
383
237
214
140
548
504
118
186
21
335
740
382
625
889
453
640
674
544
732
155
440
797
549
812
931
458
812
180
604
250
67
987
839
281
480
387
785
598
574
158
285
666
893
910
908
698
903
582
243
635
89
35
433
990
199
716
449
11
896
405
613
315
392
804
948
224
192
85
175
118
244
460
136
137
371
44
835
274
978
430
909
68
818
694
58
17
763
859
381
659
264
346
327
9
151
275
233
695
361
408
813
605
869
301
94
592
346
281
866
324
712
127
744
530
174
155
899
937
14
632
948
279
979
275
640
482
551
873
177
264
634
342
869
503
643
963
447
341
596
665
666
308
144
762
190
318
917
442
607
932
74
908
563
53
535
203
535
438
428
64
702
62
406
923
917
50
886
364
743
483
29
409
143
174
172
686
844
441
128
804
373
202
712
288
608
599
843
495
38
272
560
92
334
966
16
252
368
254
968
112
89
998
873
585
524
397
271
720
839
751
524
564
305
588
853
913
540
696
409
930
320
969
22
655
287
390
259
8
645
227
120
734
577
345
671
453
743
942
174
582
45
50
146
351
991
351
264
531
48
25
461
368
346
835
375
634
226
986
642
871
566
114
957
495
459
629
949
202
923
475
136
969
877
635
320
868
986
936
751
386
962
212
107
660
400
482
294
626
821
288
849
387
402
806
882
214
787
831
768
63
658
905
384
536
540
704
756
878
992
508
265
306
72
372
967
472
206
613
98
27
902
947
414
656
106
297
870
245
480
639
308
491
896
44
27
436
748
783
666
93
643
931
751
716
655
718
188
214
332
287
593
586
586
8
242
44
657
113
642
489
104
302
980
0
347
359
788
447
495
454
540
138
738
292
854
745
362
395
959
46
34
553
632
620
913
227
17
922
692
659
411
796
961
744
796
660
103
584
108
598
390
648
89
128
292
943
226
7
690
185
53
724
90
38
697
355
617
714
277
309
725
41
105
38
785
253
699
888
189
807
839
579
807
928
60
100
223
638
459
914
175
512
990
266
902
687
621
519
401
899
828
478
940
285
517
77
890
216
317
79
23
156
11
182
436
423
634
12
61
93
278
236
606
268
854
860
956
476
380
709
727
560
188
19
846
57
96
736
273
765
168
648
922
531
830
710
954
465
722
367
910
0
603
868
269
810
729
225
638
109
286
365
21
474
736
867
531
184
956
156
949
476
156
223
7
339
934
313
156
656
680
66
657
635
935
278
445
664
855
83
125
141
800
146
968
536
366
499
72
674
8
374
150
516
597
509
855
531
822
11
540
502
430
549
137
365
827
935
381
34
18
506
175
819
4
143
707
370
995
132
396
3
506
898
871
455
407
727
339
229
90
231
83
520
780
221
885
959
508
618
993
526
124
168
697
481
664
757
203
659
241
600
14
99
498
885
554
906
964
893
487
55
124
571
575
256
144
813
567
652
431
560
530
908
81
580
389
745
689
592
756
930
192
770
29
43
655
583
301
972
829
788
27
305
711
954
914
855
119
481
859
903
394
742
811
475
322
552
572
11
144
328
941
689
98
322
84
105
257
385
77
86
525
456
744
589
411
658
444
530
491
656
785
885
398
596
360
720
148
284
83
645
612
376
686
62
698
770
520
955
507
949
394
32
406
138
973
169
148
770
51
639
426
837
525
176
785
237
248
286
522
331
931
486
707
617
901
405
739
421
712
246
722
106
630
480
244
604
1
744
374
405
384
152
242
261
328
379
498
928
665
372
259
948
859
318
917
760
75
656
533
787
254
607
894
237
88
490
193
89
235
919
494
971
423
88
232
751
820
730
679
485
103
290
434
314
960
351
426
35
360
311
822
614
918
68
203
358
911
396
800
498
667
646
469
90
735
53
193
555
783
224
392
238
514
826
904
474
530
330
861
890
641
36
856
912
104
412
270
367
808
70
865
828
717
334
918
804
387
112
359
523
688
103
113
555
282
18
29
812
700
243
54
694
279
262
606
383
674
876
103
835
947
968
663
664
655
933
468
394
397
179
269
86
634
383
641
916
753
22
80
805
265
486
499
544
749
105
280
423
334
383
610
633
351
273
649
358
207
117
753
604
648
22
42
634
757
683
551
510
706
983
668
323
470
167
868
571
625
500
346
311
235
957
944
938
230
593
297
789
62
50
746
62
424
788
696
182
472
599
692
530
583
360
853
405
880
73
976
505
573
322
168
808
279
112
99
862
705
396
3
119
798
749
181
222
538
877
404
362
477
449
892
412
809
97
169
41
171
145
898
744
819
66
905
451
178
4
665
235
752
668
354
550
418
535
772
308
765
177
22
594
626
266
6
787
363
527
829
534
672
79
631
843
146
536
294
676
892
959
912
644
980
618
546
398
154
318
58
271
847
80
865
473
346
223
613
709
750
794
244
774
873
227
617
371
115
264
400
7
575
312
3
555
930
549
305
436
219
363
707
67
443
572
892
141
147
505
851
897
651
447
23
877
674
993
600
141
257
0
148
184
312
503
92
595
52
397
383
623
113
443
690
556
367
583
698
515
440
901
764
444
700
788
321
374
781
921
867
390
922
15
926
586
870
18
533
274
416
269
897
529
712
588
437
79
523
487
946
963
740
711
407
440
499
80
166
632
354
33
22
628
400
948
214
270
967
100
544
735
369
794
616
433
382
405
512
257
245
459
220
985
170
980
778
21
412
944
653
766
978
27
394
730
327
961
1
646
413
897
381
134
691
349
567
425
107
431
682
352
890
255
689
412
587
467
785
999
412
790
118
742
169
864
472
497
825
825
143
590
723
877
724
766
578
291
544
685
75
226
389
965
833
79
730
772
546
867
124
310
658
242
52
827
106
877
324
284
702
820
226
777
697
951
544
627
594
88
313
669
666
702
987
852
781
69
624
680
936
748
990
946
342
395
774
801
272
450
437
974
622
663
104
671
614
0
299
561
440
612
230
106
666
569
310
448
638
935
480
575
35
470
873
730
865
999
531
489
450
968
816
424
631
920
96
598
920
395
511
360
359
93
818
25
663
129
825
301
416
305
228
803
128
454
533
345
453
416
835
903
736
651
680
368
923
776
318
195
171
829
555
882
922
725
907
937
206
733
591
622
390
171
778
518
625
663
864
79
80
51
334
816
702
14
536
977
790
206
172
313
387
79
195
662
804
455
599
11
188
190
985
578
714
115
449
339
779
313
418
211
716
753
27
770
767
916
747
910
122
919
575
510
350
771
524
154
226
123
517
766
666
855
696
380
970
145
719
101
810
490
312
526
243
692
296
362
608
395
272
82
666
848
944
16
971
468
171
549
944
40
315
610
895
363
342
218
861
413
319
23
903
984
550
146
676
198
509
636
594
133
718
612
981
663
629
952
483
152
853
427
192
520
37
440
884
731
658
745
145
329
120
48
313
22
547
341
221
408
977
167
541
48
779
523
63
760
827
546
912
33
974
105
553
363
545
437
447
555
534
592
236
655
992
902
677
539
243
250
947
573
769
489
973
901
364
36
661
543
934
574
576
260
31
130
976
928
919
423
835
806
367
71
813
359
973
842
899
569
93
846
494
214
687
819
467
51
855
129
947
141
55
875
754
438
357
730
366
277
153
553
435
520
624
248
231
950
90
130
871
535
329
717
102
16
536
569
420
743
50
719
884
457
594
638
895
952
720
613
581
225
166
16
97
143
616
329
445
58
459
316
594
140
33
48
157
569
617
929
664
20
648
548
477
594
539
373
546
259
338
127
485
505
495
582
0
111
911
445
522
723
113
468
863
498
516
372
419
485
301
83
505
301
631
335
896
522
60
442
782
398
922
619
255
769
201
255
233
465
52
755
188
165
223
403
663
91
776
82
576
77
517
434
731
149
769
627
671
181
421
805
579
695
424
187
465
978
794
50
443
847
805
983
364
380
386
380
471
162
814
399
592
332
833
323
833
954
302
856
135
723
662
67
419
86
254
236
64
400
286
859
599
443
842
964
175
229
696
998
743
510
397
335
194
583
10
27
889
312
884
377
388
898
444
159
336
50
747
753
450
385
612
50
180
455
366
355
36
62
705
779
924
102
467
119
37
829
498
279
494
382
656
882
632
100
393
969
502
140
722
304
525
334
706
705
141
72
412
529
486
117
661
411
571
480
882
609
309
380
888
803
115
896
37
99
348
430
68
850
570
790
506
447
477
213
152
970
637
564
500
476
33
513
239
605
993
121
214
302
853
454
458
320
350
495
420
698
278
488
900
200
631
406
648
460
971
800
430
609
717
282
437
750
795
676
355
788
797
921
443
2
727
253
323
429
100
95
479
378
935
731
579
566
490
579
378
461
379
809
422
448
91
859
551
239
535
258
379
684
532
174
687
259
427
362
41
528
457
520
258
744
252
189
663
742
768
41
555
500
202
978
300
646
189
851
885
725
110
264
761
642
439
448
253
218
162
294
98
971
167
357
716
771
898
731
865
667
772
420
519
975
750
819
621
292
671
506
369
133
122
130
127
913
931
380
132
93
27
582
417
546
939
485
317
190
216
534
857
988
306
376
315
409
547
936
701
218
794
70
351
269
200
830
182
483
211
666
577
590
249
346
136
540
831
805
730
399
691
939
387
997
667
55
406
215
991
459
785
138
529
489
407
82
319
941
565
530
608
494
472
209
192
960
101
375
117
184
774
808
123
514
158
143
569
916
358
912
376
143
50
257
632
457
691
952
399
609
834
359
455
659
920
648
619
21
23
89
205
150
897
681
664
407
824
233
324
182
145
52
677
548
309
662
5
353
966
756
962
152
467
769
811
387
417
783
761
793
224
966
943
121
647
959
529
823
544
205
357
41
257
35
589
918
49
947
271
367
703
585
519
523
355
683
262
124
818
23
269
42
990
212
515
989
523
396
813
67
601
170
109
210
557
698
129
606
997
752
973
53
338
845
576
45
880
838
169
698
862
439
92
204
3
607
545
879
4
358
946
957
881
407
168
438
458
297
397
455
401
722
508
739
919
84
136
799
275
306
849
489
97
941
693
452
549
238
331
905
949
630
862
830
37
30
620
495
679
369
951
81
92
459
172
363
896
309
163
523
967
12
12
416
954
705
868
855
295
552
760
244
182
622
426
219
5
47
715
684
416
666
765
860
477
290
224
725
599
387
248
566
751
260
982
57
317
202
912
613
754
24
209
288
999
636
508
4
35
575
688
451
593
806
664
422
96
888
148
47
627
396
965
730
9
299
788
326
501
52
939
608
77
501
248
76
137
756
432
172
683
120
975
276
278
991
51
726
879
199
773
858
947
738
941
956
389
729
283
891
133
574
851
210
75
99
638
564
208
70
88
243
543
416
872
173
407
923
900
639
122
25
849
69
116
790
378
505
871
661
748
5
587
951
567
15
403
206
931
611
628
372
206
523
788
78
697
547
1
597
538
475
974
388
897
90
530
275
948
402
288
696
759
875
648
326
242
403
884
174
14
865
546
572
388
686
651
85
585
4
34
124
480
9
864
377
451
394
652
751
148
940
448
907
167
448
586
410
851
822
936
217
687
482
789
76
520
792
513
105
797
548
229
277
909
445
654
712
840
658
464
340
598
264
600
117
64
538
527
915
360
815
484
48
297
625
476
169
418
989
275
215
889
856
844
150
302
850
215
494
508
679
834
458
295
786
575
359
324
455
626
685
270
110
85
920
735
913
89
505
254
716
72
496
573
916
646
227
118
213
721
626
244
907
436
539
694
364
898
370
171
524
407
441
986
492
713
722
757
155
579
12
871
652
508
796
568
506
23
39
720
96
17
964
4
454
856
50
170
106
420
341
631
180
134
969
24
848
691
782
355
623
794
578
275
302
727
195
160
102
234
880
199
252
197
555
58
405
605
228
511
377
569
494
557
703
464
582
903
507
364
610
130
510
189
405
164
916
601
324
18
187
557
569
439
754
124
497
159
729
77
22
459
646
517
16
702
981
950
605
488
666
568
619
176
757
376
340
25
329
17
43
517
574
965
308
680
89
158
191
171
235
213
630
234
730
998
936
711
949
893
552
967
461
523
144
218
899
836
595
581
853
991
450
779
956
110
459
45
268
650
216
856
864
846
90
946
197
26
10
498
271
562
465
733
85
961
303
336
150
899
269
355
890
719
135
846
830
946
891
450
597
460
306
813
658
748
759
855
774
121
353
46
683
171
131
120
132
434
809
634
333
78
990
575
798
125
421
980
423
665
430
20
125
89
185
783
837
297
991
964
418
344
362
454
515
493
574
0
279
383
634
965
814
624
540
964
101
314
944
525
979
726
897
104
815
435
239
5
732
230
969
502
927
683
956
442
528
531
794
807
266
429
772
80
405
665
44
859
979
340
736
958
67
985
414
234
420
653
239
504
236
560
7
163
595
963
957
123
846
752
931
113
533
55
545
290
720
942
501
51
282
237
361
701
575
775
936
347
781
527
852
17
440
859
532
35
174
489
159
21
593
442
486
126
849
31
769
922
973
270
973
608
508
335
309
435
462
597
782
243
477
634
612
917
845
144
304
20
986
815
393
579
609
879
58
459
262
827
381
588
97
706
196
957
393
857
392
856
807
527
99
284
513
64
553
359
560
209
731
898
25
476
478
986
707
888
445
969
715
178
909
164
237
457
122
630
315
866
486
122
393
938
758
907
2
311
618
914
520
701
813
897
177
643
884
884
531
681
205
598
212
115
762
449
572
236
431
239
103
918
361
848
208
119
107
562
782
77
476
655
778
641
552
955
284
788
191
167
470
397
765
34
864
880
835
436
116
266
676
571
184
389
420
744
861
879
306
995
957
783
650
735
776
203
43
413
991
586
580
813
335
698
847
199
578
682
988
46
949
16
618
485
757
390
230
618
621
536
614
578
671
616
666
800
819
61
213
163
999
793
976
335
843
824
886
773
858
226
820
159
242
790
645
0
532
227
970
153
115
936
84
139
553
102
939
724
163
152
887
514
297
864
849
141
40
88
914
250
314
86
410
909
228
407
909
760
986
231
266
101
520
350
592
73
452
531
797
967
35
37
481
685
901
683
826
293
771
92
543
437
531
305
346
759
712
607
520
698
839
786
152
711
136
744
784
940
628
933
907
15
322
740
700
575
423
878
868
546
971
764
984
502
69
330
613
134
290
133
832
481
271
336
192
759
81
328
699
61
261
958
76
936
699
777
511
122
7
380
21
978
496
5
832
917
687
446
51
977
931
236
458
203
572
2
962
5
330
662
66
944
620
495
880
671
624
391
146
631
123
167
962
619
172
794
889
211
592
940
541
524
176
351
79
101
354
41
458
684
55
877
628
28
372
508
699
996
252
845
627
375
12
589
347
536
736
236
100
680
176
641
556
705
992
635
158
346
677
616
383
84
493
363
112
217
872
164
213
476
361
193
851
374
782
550
262
870
786
362
551
315
3
107
372
348
743
530
46
772
498
429
208
344
793
673
561
17
837
127
493
198
320
696
924
454
247
187
325
33
901
228
700
257
687
72
605
430
954
651
554
453
433
763
149
578
436
62
595
625
189
440
823
861
136
100
316
735
639
993
121
540
573
821
797
260
894
402
43
200
406
597
5
839
712
154
417
500
217
364
125
758
804
301
620
292
753
936
380
392
281
501
932
854
322
730
114
568
484
157
121
242
107
126
81
171
633
850
672
850
214
149
960
370
802
580
15
555
868
395
947
501
896
232
355
570
314
822
491
798
331
612
41
790
738
474
962
371
325
986
573
891
487
534
614
642
466
629
197
335
24
497
836
272
729
544
842
43
366
333
193
49
945
586
840
36
413
154
407
90
492
333
981
979
867
947
621
333
576
171
20
952
668
857
224
749
753
67
144
119
752
689
520
50
276
712
86
689
866
845
779
358
178
112
690
45
60
663
731
988
834
751
941
854
960
165
603
713
584
99
184
337
789
57
387
65
769
473
106
988
318
237
698
849
349
388
246
761
52
977
750
886
81
691
93
393
208
696
107
793
148
643
482
937
700
869
2
470
694
460
458
364
697
156
213
46
897
460
160
949
789
262
187
870
953
280
616
513
329
75
658
477
718
140
414
419
9
768
241
55
228
51
420
277
559
633
675
456
445
835
757
235
97
297
457
402
929
73
268
258
500
926
87
219
67
853
990
428
973
583
836
553
634
256
830
545
241
506
354
39
693
111
274
791
760
83
545
690
509
813
300
9
740
388
580
159
593
570
939
567
153
775
120
139
31
303
685
625
809
391
664
854
502
290
997
263
725
543
305
234
708
605
596
800
993
176
959
939
747
899
506
252
26
978
744
410
281
781
35
442
172
51
297
26
341
294
641
66
189
946
653
898
552
249
698
897
777
10
836
876
909
342
129
287
673
225
697
954
6
732
749
530
783
46
556
476
692
198
895
882
496
900
780
48
149
478
946
278
488
782
155
749
477
636
389
150
861
86
456
219
819
205
101
954
603
657
783
296
207
678
178
704
578
310
104
79
140
50
357
981
185
864
82
662
500
471
164
713
558
620
932
729
178
33
683
781
43
818
77
602
496
607
658
426
917
763
857
58
165
567
39
350
431
121
12
932
593
528
645
503
149
930
232
327
315
267
460
710
86
538
313
934
497
323
361
767
86
570
825
252
137
216
954
921
689
967
853
634
847
850
137
996
132
721
675
448
989
136
510
75
26
823
361
875
499
74
642
585
645
819
189
782
35
144
703
77
463
908
711
310
111
201
659
243
922
334
43
263
822
906
338
200
729
52
76
228
126
70
166
771
890
355
906
925
851
961
354
314
870
66
977
333
619
636
928
541
322
324
805
497
230
495
697
311
547
125
892
674
548
58
797
438
765
703
715
617
665
70
283
887
488
612
572
107
248
500
0
923
824
157
420
54
5
469
366
904
947
258
930
495
668
728
933
433
783
648
402
800
70
38
687
558
650
611
17
251
112
18
174
288
175
594
343
532
415
61
437
362
671
367
209
339
447
142
124
231
143
879
31
565
269
71
124
919
682
493
170
146
511
696
435
39
642
130
571
58
191
360
772
214
80
982
553
527
476
29
110
971
908
494
537
177
917
13
449
951
506
971
98
370
668
885
761
310
15
332
720
558
45
493
772
125
827
325
4
655
706
467
627
967
961
516
144
230
881
945
181
739
917
279
461
585
164
222
247
531
907
968
89
952
813
861
429
640
538
785
295
245
252
274
212
565
142
708
795
375
654
977
467
571
608
928
508
125
503
755
656
410
75
746
714
888
959
495
880
498
280
528
95
533
154
307
450
649
367
246
24
21
575
843
944
535
772
804
660
275
912
669
37
987
415
751
228
374
598
108
224
878
636
319
763
143
978
214
792
346
812
816
367
739
660
664
274
784
468
287
411
380
956
448
368
371
551
948
97
149
56
322
379
45
993
143
188
972
709
332
318
873
500
37
612
512
701
238
296
522
525
59
902
481
859
622
204
410
570
302
911
979
976
643
376
321
138
916
293
847
248
963
72
748
1
684
261
54
274
909
576
800
969
831
281
828
453
486
591
376
140
854
355
468
497
83
789
635
999
83
834
247
46
906
995
399
942
256
454
217
166
382
369
487
213
650
315
19
136
906
747
628
113
454
96
610
537
886
598
536
321
432
783
719
691
130
119
985
739
925
554
905
659
923
744
873
926
59
244
414
318
991
43
431
445
139
393
334
377
991
870
698
776
5
418
819
135
889
804
874
814
711
131
473
634
875
698
560
935
294
975
605
285
370
36
82
509
429
416
887
421
638
937
549
643
355
368
779
596
524
653
410
235
137
236
222
12
286
134
299
581
461
904
218
831
292
301
341
74
69
580
847
708
869
396
351
577
764
482
173
640
488
936
876
625
524
98
989
810
232
289
743
46
545
962
877
190
615
570
264
36
502
111
744
372
859
448
949
975
930
474
615
418
410
491
395
934
941
385
97
526
26
840
572
923
154
449
113
121
20
729
158
522
192
902
246
51
702
547
26
633
22
642
403
432
133
799
719
427
536
168
953
562
360
525
485
515
326
951
988
698
32
146
573
225
401
819
276
103
367
303
88
741
297
492
173
782
643
244
209
179
412
514
93
773
39
930
640
718
233
628
416
266
127
989
491
528
161
119
983
880
774
72
621
71
916
146
854
911
391
415
90
155
930
535
280
321
465
920
39
699
901
456
965
28
797
808
908
958
927
891
838
702
315
459
125
231
606
979
494
349
747
584
504
677
119
785
998
937
57
390
636
310
846
953
690
995
761
598
306
40
842
496
742
157
308
220
741
914
199
235
615
298
172
471
975
643
608
326
580
666
716
568
328
914
521
19
909
634
617
567
675
811
64
769
969
372
989
62
638
541
297
253
839
821
724
167
465
333
493
45
351
209
614
31
475
487
50
384
474
20
952
149
831
368
270
152
740
260
214
378
153
864
983
992
685
59
511
502
392
4
548
95
565
514
479
40
353
529
777
827
901
81
328
85
449
599
237
541
859
804
919
364
20
902
708
57
313
220
560
58
224
108
153
142
974
632
534
679
514
311
507
415
744
835
500
193
434
90
86
645
246
5
361
266
259
70
323
573
290
883
631
866
343
136
8
669
121
543
349
987
206
208
754
951
43
607
496
830
697
583
827
943
940
189
561
552
259
884
477
901
120
108
767
815
596
776
485
69
671
186
56
229
394
811
180
789
418
29
619
467
964
799
762
904
988
323
808
599
559
285
500
679
393
267
847
342
395
332
411
418
870
468
648
264
631
180
53
49
561
25
516
525
176
278
782
516
953
590
115
512
876
967
544
621
586
391
963
334
75
727
752
945
547
752
561
178
285
966
579
846
991
95
724
167
725
506
683
30
448
150
542
324
117
438
298
56
829
613
390
904
340
494
201
887
247
762
417
532
729
996
730
72
443
454
592
520
312
627
550
761
778
445
437
247
883
735
303
713
349
693
969
689
540
523
929
787
285
346
671
366
695
401
791
138
208
383
659
520
10
561
633
140
6
71
388
890
806
43
955
155
89
276
197
629
799
478
416
437
176
439
803
871
840
594
362
400
329
373
273
340
934
906
480
293
977
220
183
784
264
490
291
353
766
488
982
566
966
750
355
143
189
158
366
381
105
728
134
786
101
407
478
388
313
311
681
291
531
864
75
147
706
366
500
472
207
834
390
525
936
745
20
477
256
387
211
713
467
345
499
569
752
330
957
417
641
990
708
172
854
135
320
912
854
172
384
61
359
127
938
295
872
959
125
480
698
336
545
165
33
397
86
785
727
395
202
368
385
263
540
591
398
212
503
604
385
240
665
744
367
604
391
591
915
516
72
613
204
969
130
237
366
217
22
93
612
577
461
998
192
354
941
942
918
445
547
303
685
564
399
404
520
143
995
435
11
419
400
216
389
531
453
755
748
828
201
712
757
662
62
949
368
4
891
287
449
438
942
486
3
694
890
875
837
237
311
848
9
711
416
398
594
870
505
342
698
706
407
455
721
469
756
441
825
999
728
626
790
23
112
793
717
354
668
906
944
331
754
953
395
523
351
989
393
208
684
443
267
91
250
340
912
6
781
738
5
510
364
795
885
829
940
602
535
961
508
479
644
614
432
39
137
135
381
882
344
65
325
963
508
575
303
772
933
84
510
939
946
227
86
831
408
379
433
943
340
293
423
336
908
207
376
397
343
757
280
39
174
605
2
682
533
305
454
466
741
317
757
688
896
844
519
304
223
305
247
915
598
22
251
858
230
979
256
925
736
888
964
262
493
966
944
378
623
751
845
364
420
602
52
316
798
924
972
21
229
571
288
827
594
540
38
176
871
294
101
960
182
65
222
27
383
519
406
6
622
603
722
42
205
775
710
356
51
682
377
280
253
18
459
199
910
497
375
781
143
476
741
325
541
964
705
924
483
463
282
105
66
5
499
623
132
209
979
183
243
709
815
496
727
274
48
989
772
423
770
915
900
512
593
793
828
650
70
663
465
704
120
883
709
619
506
193
180
838
728
775
899
543
623
978
170
671
967
294
95
89
561
347
601
154
140
781
156
210
444
621
267
564
504
328
535
363
522
715
553
602
842
452
146
466
782
316
137
101
610
232
190
171
579
144
678
72
925
186
634
370
808
901
286
664
230
822
27
752
889
932
354
732
736
852
198
518
520
335
619
482
920
162
6
851
306
684
923
231
870
558
953
30
811
240
695
41
414
74
145
303
7
852
387
743
56
937
614
577
625
585
59
545
747
65
748
53
101
672
285
324
582
238
354
393
830
401
787
244
828
932
900
835
136
287
930
193
577
544
122
202
130
181
99
229
599
847
283
52
871
568
376
453
158
83
199
989
836
986
233
664
270
133
499
407
773
782
952
350
678
74
904
160
607
3
390
206
202
673
259
74
593
987
527
751
70
78
92
907
64
678
923
687
163
775
446
936
557
398
638
235
472
542
396
431
897
138
638
100
811
249
174
756
588
53
507
11
132
952
270
548
630
193
587
793
968
33
82
877
431
720
113
255
615
861
687
512
999
677
612
162
278
786
918
218
192
777
229
324
81
499
224
711
45
812
857
365
845
939
243
629
659
708
236
274
569
923
139
920
952
751
434
582
890
704
801
82
481
382
758
915
234
982
626
279
146
483
644
992
774
239
973
786
947
209
412
868
485
551
788
789
303
574
372
545
278
525
627
112
907
737
27
141
719
5
772
866
841
769
210
615
8
535
401
956
744
166
176
229
717
317
19
372
891
743
917
522
268
896
634
527
633
13
21
705
18
793
923
211
914
133
827
275
20
580
583
764
746
759
346
816
76
717
188
968
812
458
842
80
354
828
959
340
841
980
45
211
774
968
423
40
453
602
315
473
182
898
589
281
658
935
97
734
4
285
54
816
95
896
248
802
724
208
142
917
188
539
129
314
507
904
355
312
506
670
137
688
921
726
321
579
14
418
665
18
56
72
187
151
320
435
953
397
643
95
314
832
634
795
498
493
699
853
157
205
876
294
246
797
373
567
376
387
338
393
757
394
465
296
545
786
732
851
183
727
298
849
559
285
645
58
778
696
263
936
254
139
582
500
936
955
419
664
694
109
58
804
503
875
100
401
661
184
604
196
912
902
46
823
187
43
233
318
739
497
254
993
988
188
845
925
496
617
941
542
726
351
346
582
227
799
335
240
983
939
437
895
841
835
71
29
230
304
347
969
801
953
315
790
493
512
67
989
129
360
532
208
712
230
790
939
29
477
531
365
416
320
612
257
155
683
638
737
988
337
59
141
642
374
283
136
886
702
477
368
63
361
928
775
592
718
66
973
195
597
338
963
918
951
572
425
986
211
163
974
900
222
468
543
948
103
31
186
806
508
554
869
222
482
996
814
552
414
139
99
11
830
62
929
133
635
707
119
198
870
446
450
444
914
993
392
17
376
578
175
237
485
396
459
967
392
625
872
158
764
323
170
594
386
451
727
373
158
847
923
380
293
373
176
559
719
568
928
95
499
104
332
984
852
791
303
597
416
175
755
533
499
925
127
237
729
855
962
239
54
237
620
699
962
148
610
681
717
538
129
216
994
813
552
847
605
855
796
373
383
551
906
234
829
386
823
558
593
137
149
647
374
121
698
336
270
308
370
987
846
851
555
193
664
107
392
269
314
188
995
49
91
253
283
920
639
106
830
232
595
980
231
969
101
929
658
371
589
380
710
788
231
617
981
895
76
725
517
743
913
512
792
356
117
76
629
109
534
811
341
130
791
925
451
245
206
461
968
796
841
31
584
72
648
917
968
77
642
837
820
907
701
612
263
818
40
892
927
575
704
621
57
847
546
860
444
104
322
765
900
163
796
836
236
796
753
556
873
395
393
693
302
94
306
918
264
346
162
192
273
218
165
330
66
63
191
862
167
865
627
420
28
423
256
616
572
362
172
445
757
917
139
412
363
445
682
628
143
844
172
417
63
337
99
481
400
642
695
919
507
323
339
536
98
948
152
670
310
677
116
419
946
607
831
310
404
865
290
547
710
462
316
125
151
416
958
903
410
653
822
918
976
514
806
427
814
310
97
124
987
565
543
934
524
727
596
928
592
886
476
654
348
144
779
851
560
737
754
971
743
576
241
719
442
47
146
256
709
596
732
697
513
276
983
38
355
579
966
299
817
794
954
165
939
85
16
851
175
122
174
918
50
415
989
493
814
488
101
524
436
834
573
949
462
908
339
169
839
306
468
656
452
774
173
391
212
541
595
387
663
769
657
713
537
646
558
351
486
12
227
922
846
152
224
660
412
563
829
251
221
297
259
26
424
784
417
636
325
364
375
340
134
384
406
671
382
316
374
869
328
954
143
174
458
367
186
871
283
15
474
504
665
734
530
89
518
300
77
196
664
804
888
150
188
294
173
570
611
900
439
291
206
583
818
664
302
4
887
585
20
362
90
685
448
972
126
318
624
555
866
641
359
755
791
547
49
317
469
12
217
909
304
775
844
122
439
146
126
679
732
498
41
174
535
841
498
13
159
123
568
378
764
927
133
907
826
534
576
296
547
145
557
203
920
401
677
712
899
155
391
983
654
784
509
189
625
8
555
136
483
123
514
599
403
999
858
229
534
435
877
433
580
434
988
853
187
665
565
439
820
308
422
826
92
932
368
69
292
923
557
127
46
72
726
801
423
584
383
957
371
260
742
304
47
730
157
586
395
74
25
568
382
800
394
826
732
762
895
376
37
804
503
436
228
581
237
652
165
620
961
889
881
704
193
280
434
702
866
830
128
244
750
862
44
144
688
128
259
935
504
296
739
359
732
968
940
322
620
457
942
581
698
175
637
891
455
72
945
674
254
73
918
4
935
314
500
975
442
759
910
298
408
2
9
492
322
949
166
294
758
109
875
457
284
865
700
740
937
646
766
191
71
36
547
359
350
47
686
144
159
949
794
919
951
803
763
273
104
930
567
862
39
794
319
675
659
372
767
948
370
533
491
441
569
38
152
271
438
839
415
597
140
209
868
91
12
631
716
468
913
635
331
304
781
2
980
793
374
747
741
744
633
233
538
554
623
42
826
61
881
593
658
21
803
878
464
167
510
532
988
775
167
319
80
301
321
60
94
48
159
187
792
144
420
682
699
44
725
877
457
958
470
116
332
625
346
148
145
856
681
133
632
200
804
64
501
125
476
595
525
635
783
670
132
555
352
183
951
429
60
409
388
882
877
720
860
223
868
5
432
901
138
416
102
294
480
603
771
956
551
297
943
686
967
427
593
671
610
897
101
22
306
841
905
535
561
765
110
781
122
542
35
260
310
137
906
790
92
677
98
995
974
394
681
293
821
627
965
432
524
418
454
182
259
711
717
172
476
179
305
598
74
340
210
384
829
116
527
922
146
977
917
120
371
951
766
545
930
731
329
454
501
135
636
112
847
705
636
675
236
941
626
310
634
188
47
463
657
574
737
803
903
7
275
275
310
41
172
240
124
501
46
625
636
34
89
835
739
725
511
327
19
489
638
653
677
37
468
686
963
558
489
866
565
117
493
227
158
665
467
283
518
513
260
155
547
350
342
638
427
205
965
446
694
955
451
724
992
272
410
955
182
252
174
747
721
667
326
879
333
793
514
203
306
775
358
205
477
53
843
256
258
160
55
305
468
506
29
812
130
791
120
312
395
294
411
116
961
737
348
646
882
862
850
188
989
560
745
818
613
940
75
224
101
130
529
921
988
558
733
119
701
853
783
97
147
195
565
461
284
913
107
167
128
309
707
117
870
453
936
835
745
11
59
198
493
588
119
481
498
853
952
200
58
736
649
558
283
566
19
919
480
478
86
608
788
146
77
658
951
13
845
696
376
905
895
221
845
366
703
344
219
7
544
630
95
545
188
378
111
207
650
943
37
88
903
825
234
981
835
185
346
681
234
75
938
129
296
783
495
999
127
67
359
23
49
454
568
237
185
680
796
835
623
833
923
527
11
158
860
846
695
206
879
929
281
817
410
930
601
258
929
80
325
640
104
726
95
24
315
280
704
111
115
680
296
38
559
307
548
771
506
596
977
385
525
611
555
936
541
156
546
822
588
223
463
692
949
558
717
264
190
773
727
305
805
23
695
716
683
596
487
541
192
465
926
717
428
481
5
969
989
551
143
578
774
606
622
75
516
691
339
706
817
66
363
622
442
59
339
125
655
826
666
847
643
944
916
423
778
274
392
119
177
536
697
952
494
672
379
363
363
719
69
532
137
433
155
579
844
846
56
499
24
74
698
20
19
966
443
797
240
188
916
418
76
966
722
570
990
101
933
705
172
355
238
310
788
393
889
632
591
946
483
615
20
533
635
391
499
79
540
92
267
809
862
695
127
584
265
117
37
551
822
562
906
412
872
46
157
113
30
748
59
865
364
432
398
351
175
249
782
716
341
401
525
203
96
652
139
714
121
529
265
943
91
523
356
963
569
865
76
599
614
488
464
330
272
214
681
447
463
816
163
157
217
40
712
314
692
852
380
165
733
645
109
824
168
817
139
737
682
567
688
648
55
504
978
679
718
660
127
533
828
642
690
45
683
403
711
727
607
91
893
340
736
354
164
256
523
303
345
557
870
385
206
278
889
536
957
607
548
436
493
376
79
183
422
114
938
133
193
545
577
438
885
313
792
401
922
667
56
267
577
279
653
783
557
894
671
866
854
220
655
347
596
734
530
370
200
469
504
393
14
433
184
252
98
976
653
20
996
710
640
573
989
645
708
898
539
379
116
393
599
771
740
548
857
271
918
57
92
774
803
458
207
987
62
306
315
716
326
311
778
966
236
119
611
296
17
503
676
133
896
627
905
637
175
762
260
446
172
704
220
975
162
428
314
225
734
629
293
412
293
423
731
881
542
694
178
559
197
206
44
94
185
301
83
713
416
695
159
588
399
379
915
913
159
229
490
245
210
135
10
855
558
741
737
100
787
267
11
985
825
408
431
10
709
866
723
125
561
882
65
960
614
332
225
125
913
716
371
124
851
733
331
762
474
420
862
613
687
226
598
512
634
381
875
695
247
598
173
808
833
238
120
447
571
698
924
484
414
647
960
617
380
292
731
206
64
594
820
752
820
418
616
806
152
491
501
399
442
674
560
275
265
680
74
836
378
998
672
144
646
985
114
26
629
197
585
693
791
405
797
963
175
414
121
327
257
623
79
699
297
639
326
562
671
400
750
402
399
775
898
397
760
12
775
389
210
360
434
353
765
232
669
293
998
790
620
255
413
699
307
63
690
633
977
362
386
728
764
137
503
662
534
615
27
661
356
589
22
790
294
139
22
963
432
20
106
405
628
871
456
287
934
499
272
912
861
658
992
977
147
847
639
681
462
18
343
170
607
717
960
902
208
335
217
641
707
323
398
335
195
206
974
481
705
247
745
918
257
737
895
405
936
535
438
750
553
133
920
513
850
881
767
59
568
984
52
275
660
802
963
207
8
937
688
66
536
786
984
794
523
880
551
812
767
341
562
672
475
483
185
677
716
952
736
284
289
140
911
949
942
874
156
303
812
196
369
348
982
705
494
858
585
397
670
704
739
232
377
214
67
914
891
135
219
980
419
860
120
683
809
415
557
317
70
721
513
439
422
496
496
916
706
82
666
376
138
405
960
867
971
28
782
214
163
353
546
935
213
19
618
22
434
527
691
504
249
556
295
671
404
791
939
110
225
605
486
364
362
799
231
685
827
365
252
342
718
798
629
931
817
599
305
603
127
348
107
728
905
754
399
309
546
338
420
123
296
258
839
658
57
71
696
236
788
948
931
507
746
560
790
916
512
448
519
991
796
979
719
701
733
470
363
631
808
783
755
456
41
594
467
451
17
163
687
806
111
618
665
209
531
807
125
43
255
645
34
404
624
105
457
709
575
820
341
735
603
448
192
997
42
659
448
412
174
487
570
637
106
235
846
637
394
324
680
650
969
66
54
945
171
863
654
746
684
347
833
639
795
25
636
190
36
436
602
210
924
172
847
382
759
46
19
153
370
51
155
691
469
561
988
640
425
994
738
109
342
571
748
137
949
737
327
985
525
281
548
801
453
747
183
564
793
554
718
515
957
873
558
426
435
546
66
212
893
156
321
235
80
421
724
381
510
404
718
388
685
266
189
491
14
725
55
159
631
125
27
589
351
585
15
138
484
434
350
377
942
23
612
374
444
688
755
307
92
474
695
130
740
236
973
106
961
380
618
945
858
645
534
209
230
901
347
714
335
49
91
630
72
55
4
868
96
760
175
540
234
870
22
326
107
995
785
420
728
403
365
586
48
251
795
278
153
494
345
840
895
788
470
967
196
475
835
292
587
363
184
821
233
207
499
692
554
284
465
282
687
182
868
735
434
15
366
939
509
63
779
404
203
250
723
399
77
559
43
664
922
228
837
507
787
688
552
341
973
369
624
660
551
492
748
985
508
466
276
369
881
56
126
84
658
849
484
87
760
527
103
34
107
940
894
894
628
446
236
953
815
212
966
718
56
66
56
916
532
332
286
413
388
764
849
398
965
333
485
726
213
588
112
672
880
6
567
509
804
155
814
971
719
780
690
775
846
746
692
730
78
330
495
819
94
345
217
59
30
703
137
595
291
250
268
172
608
187
33
413
694
199
384
413
332
426
188
530
172
232
261
603
562
108
422
656
805
991
68
188
694
205
783
338
807
403
862
416
590
247
181
284
798
917
697
130
344
238
661
868
470
274
471
33
734
245
41
540
237
109
80
283
667
863
973
474
619
835
242
209
434
775
846
233
45
543
363
389
133
24
609
604
298
433
989
385
30
30
925
267
492
357
903
511
572
876
337
191
64
580
401
498
707
247
83
752
142
447
493
276
823
103
232
474
888
221
859
918
603
136
538
95
493
441
606
65
317
944
257
381
876
10
880
583
257
315
688
751
762
181
379
938
636
611
412
876
184
623
795
788
759
333
235
604
126
842
669
443
138
278
825
366
288
57
301
897
372
989
649
487
523
380
777
511
992
189
388
176
164
535
964
275
220
200
879
346
394
900
141
884
179
966
250
819
375
903
717
100
245
718
939
768
98
716
631
442
257
19
619
773
906
935
48
126
487
927
824
233
827
966
117
358
284
719
178
12
975
895
464
220
965
403
988
415
471
971
858
80
343
477
853
249
764
901
728
252
828
552
485
7
518
955
366
155
674
896
167
649
143
631
221
108
386
561
523
857
533
381
937
876
210
790
125
975
43
205
579
223
758
64
230
628
371
948
783
398
844
950
399
987
933
621
447
319
182
323
528
715
56
465
943
267
607
421
594
650
626
173
225
736
589
456
365
961
756
500
359
953
451
110
292
736
731
740
56
914
63
936
981
471
754
277
738
713
698
684
716
676
857
941
413
799
397
778
112
506
278
471
459
81
581
751
170
665
843
578
931
258
514
264
730
268
541
820
982
591
505
698
268
714
639
681
513
389
811
625
247
89
448
706
523
382
809
693
47
653
623
978
911
137
242
993
758
136
814
740
727
319
790
995
33
781
28
899
522
839
524
769
281
973
475
156
355
285
849
754
290
472
84
553
961
326
547
719
814
361
811
542
32
601
889
417
735
918
316
257
757
841
27
390
166
854
546
873
491
395
627
781
219
711
335
533
389
882
252
204
595
416
98
979
17
987
396
104
257
713
362
367
906
741
757
72
595
304
297
87
699
924
868
271
987
555
156
376
789
408
932
384
824
382
715
194
370
112
298
979
177
12
346
435
753
104
859
349
408
156
788
459
432
8
82
419
564
238
147
353
999
80
90
175
462
805
369
184
269
20
164
446
384
510
881
138
966
92
839
374
248
979
834
680
987
916
451
551
507
599
905
506
679
995
681
493
152
403
678
422
775
194
868
159
56
102
649
23
546
488
749
795
467
583
827
807
852
279
358
711
878
615
217
909
610
898
754
115
653
784
537
428
978
405
588
387
859
237
762
406
78
511
553
897
447
732
704
651
363
415
362
593
30
579
854
993
829
609
108
483
393
645
911
724
402
499
463
614
89
225
372
167
736
925
416
183
9
121
834
373
536
196
966
566
127
821
911
957
430
19
792
175
664
703
251
67
555
714
681
996
939
53
515
28
330
931
563
339
404
398
712
940
946
31
859
426
204
770
383
634
790
175
161
806
230
413
873
137
127
906
133
419
311
648
447
641
580
10
333
984
760
397
277
59
428
488
485
632
610
220
618
752
747
132
559
977
545
784
467
24
691
600
795
2
249
242
996
181
605
329
517
717
726
794
776
507
634
261
139
245
833
110
997
580
242
908
910
139
693
377
515
736
329
311
738
930
553
86
111
510
415
629
228
494
775
4
1
762
618
492
7
451
954
356
384
196
265
646
687
310
375
203
46
704
514
136
635
419
223
98
930
990
79
510
484
855
514
837
969
484
330
976
288
284
684
24
833
301
670
520
611
45
75
657
749
589
794
736
361
369
835
291
359
914
153
196
121
667
33
90
504
363
418
792
0
103
816
185
404
838
57
16
883
133
25
984
74
819
721
435
540
556
78
900
470
231
96
592
251
481
682
755
845
101
899
197
556
715
382
960
553
439
328
788
924
354
772
999
525
493
434
66
401
865
318
872
448
766
816
699
247
498
806
444
951
705
641
507
772
375
820
325
815
148
465
739
854
238
90
380
83
525
446
485
742
116
709
190
882
525
242
129
375
48
574
327
754
567
186
526
943
6
204
758
507
669
849
361
259
940
741
343
817
539
180
911
655
889
101
889
414
343
19
789
744
945
468
498
512
655
376
455
13
580
565
520
602
767
882
861
707
623
556
876
515
736
787
522
977
888
412
743
584
783
885
328
728
353
178
240
360
554
48
374
487
965
894
89
732
776
302
439
752
859
315
267
947
454
141
277
343
553
20
279
336
905
959
416
611
489
9
971
395
57
345
882
22
240
323
755
16
626
546
120
837
214
739
136
668
881
413
363
434
786
994
123
691
953
539
654
794
548
626
190
957
971
72
332
563
748
87
932
726
985
52
563
199
792
51
220
673
817
583
459
603
930
582
646
235
474
301
30
374
279
220
684
250
644
16
814
392
103
98
118
440
150
33
992
942
85
212
967
254
147
427
209
77
361
855
313
187
508
343
562
787
915
246
390
559
614
556
952
69
654
70
509
156
104
501
451
541
713
418
795
213
197
356
290
911
211
955
98
72
650
12
211
565
610
953
125
224
509
77
293
515
499
155
672
955
656
123
848
722
893
995
287
91
351
577
354
915
885
804
339
535
817
550
101
779
504
578
356
365
7
1
881
858
156
553
814
165
28
14
887
921
10
526
364
713
103
70
628
340
875
967
876
44
870
329
823
374
259
531
739
266
533
972
124
689
877
290
206
905
305
445
179
667
971
543
380
427
614
9
767
841
328
995
885
198
676
708
572
935
240
664
553
125
636
678
814
514
320
373
771
977
818
950
644
790
846
377
217
812
386
984
653
66
332
538
265
8
598
189
296
190
205
849
315
194
879
482
60
552
855
831
529
673
134
526
463
980
903
680
144
641
17
797
707
701
687
324
61
285
514
357
476
71
559
791
265
438
273
325
342
128
509
872
154
643
398
617
975
653
650
119
294
19
268
353
720
955
678
781
240
544
491
68
967
50
860
233
840
485
910
183
966
771
407
120
766
157
737
741
810
739
212
456
758
480
809
830
435
839
612
28
735
455
96
703
505
308
288
697
146
550
232
112
322
639
232
88
796
321
182
958
61
394
414
171
227
576
2
14
767
966
394
503
421
491
558
278
151
846
327
297
396
560
761
70
199
345
511
348
667
693
306
80
439
721
603
666
649
605
33
416
923
427
271
696
270
829
326
774
27
654
71
776
214
185
198
765
530
709
113
549
402
420
629
194
493
585
212
142
542
245
910
466
25
534
514
295
363
841
69
743
495
493
871
61
678
69
826
208
779
940
758
533
712
739
727
205
676
940
699
219
185
609
37
210
143
551
858
859
392
927
954
887
772
825
300
450
246
127
11
25
67
121
911
131
860
638
336
889
930
387
108
468
348
145
30
844
696
888
703
89
168
9
328
940
186
629
743
432
756
754
810
175
227
721
306
439
711
994
328
642
381
436
462
729
581
492
573
630
733
628
71
901
989
399
193
175
380
288
608
488
394
770
15
621
843
321
61
554
667
389
548
400
178
10
130
111
855
55
741
588
36
812
841
25
564
386
201
944
27
161
433
421
931
448
395
774
122
456
680
141
197
581
542
375
943
24
839
798
431
580
738
467
745
579
493
309
318
46
253
345
207
38
118
490
839
513
616
961
321
296
454
519
229
996
246
173
372
85
323
804
18
62
623
763
993
116
72
663
514
677
8
73
716
127
563
907
640
531
220
962
180
674
833
409
23
431
934
395
517
258
199
535
672
175
298
665
291
722
329
158
399
689
231
467
168
147
374
809
678
594
123
858
621
308
268
644
739
202
39
608
812
591
495
484
766
145
502
409
867
183
567
619
872
151
86
41
298
813
202
976
759
677
187
380
985
807
24
76
9
64
685
174
7
180
658
773
326
160
534
545
695
454
164
568
605
603
961
903
416
515
231
175
544
770
556
881
577
580
957
939
996
994
113
355
527
123
128
853
636
15
750
331
469
915
251
74
518
564
329
286
431
912
461
975
683
369
856
260
302
166
199
650
512
664
6
39
788
486
244
424
501
995
755
970
910
359
396
780
923
725
66
355
990
879
330
673
249
539
285
551
57
837
553
569
501
559
961
289
46
205
65
899
200
173
870
462
532
618
242
455
696
308
162
686
188
845
711
789
736
996
692
793
833
245
714
335
805
675
976
203
881
42
102
433
215
324
896
99
943
138
906
639
799
69
325
987
914
36
776
2
384
468
795
218
65
861
905
870
537
881
73
770
923
176
203
490
852
99
589
795
590
496
786
389
917
463
376
831
851
504
185
236
324
980
454
389
193
359
612
730
592
685
852
516
213
56
358
418
507
948
213
97
796
0
486
713
463
214
896
315
70
81
903
746
413
357
488
606
68
100
689
660
137
541
528
703
949
887
121
457
187
686
906
983
38
745
696
502
311
592
169
734
25
72
832
438
781
320
44
201
772
733
861
910
275
742
965
576
981
438
385
168
124
292
503
163
389
199
17
52
143
186
786
168
610
619
606
391
291
2
944
64
736
805
974
363
899
291
939
880
729
677
48
853
321
903
368
710
102
385
114
597
923
901
117
533
872
75
276
163
78
220
579
166
378
905
529
277
196
820
510
925
849
910
131
170
814
499
232
268
885
347
866
160
600
335
694
472
763
322
987
841
895
567
359
625
472
240
902
21
412
764
946
262
675
77
432
489
929
665
757
166
12
975
326
612
311
372
436
74
47
775
267
942
342
978
567
167
218
821
188
630
586
486
892
261
916
325
102
845
342
859
11
354
835
689
318
498
62
754
924
109
529
543
51
224
521
970
743
91
791
931
721
729
769
966
342
685
643
444
882
985
656
245
691
843
935
9
693
349
763
617
458
644
512
861
868
385
831
963
476
974
246
549
56
16
515
398
53
510
195
936
495
851
533
186
694
468
195
387
817
310
356
627
307
220
488
527
957
671
491
433
998
737
334
406
753
202
156
159
712
351
447
208
554
980
746
600
801
942
339
970
604
47
598
911
267
438
439
224
462
282
9
812
19
696
218
125
898
374
284
610
78
731
170
632
711
917
233
864
211
572
835
167
972
785
79
239
575
870
816
37
152
177
201
523
873
419
648
771
146
932
734
576
15
904
208
79
173
793
943
736
718
130
904
690
915
335
281
491
557
97
880
61
627
82
584
500
853
233
624
351
517
358
927
885
614
488
964
140
633
259
876
703
390
132
393
657
467
27
148
376
476
381
437
103
463
22
604
668
607
228
20
476
938
299
361
552
787
677
692
773
289
921
476
679
53
222
336
873
249
837
249
77
218
687
181
33
61
137
701
20
717
73
496
655
373
210
559
512
239
252
285
528
525
762
207
930
336
896
803
585
733
405
14
303
92
195
336
505
332
37
525
401
111
373
56
484
583
616
348
175
220
634
703
745
748
263
27
84
511
831
21
244
236
35
899
680
583
235
537
267
272
62
669
735
435
725
571
371
693
920
898
913
906
601
10
654
216
38
90
727
221
111
323
809
498
222
841
81
457
378
349
82
792
370
169
227
447
741
950
141
13
848
54
919
802
417
925
370
807
15
98
28
126
773
189
976
348
30
58
157
760
759
239
552
129
761
131
576
854
82
69
867
282
476
138
436
893
63
807
700
430
905
80
908
30
269
884
378
651
294
536
411
53
127
963
534
240
94
463
94
528
884
313
811
360
451
247
253
866
54
305
296
311
385
204
694
654
89
72
305
735
960
68
789
440
31
675
680
478
490
775
6
375
88
169
735
892
769
341
758
175
646
407
487
32
611
533
38
52
957
696
788
918
764
929
710
148
956
390
626
799
517
632
174
958
154
261
850
923
602
960
98
249
367
937
633
331
470
23
383
428
71
523
698
836
804
408
336
761
150
962
560
668
946
86
626
100
347
828
23
302
788
474
903
508
411
536
839
234
911
574
662
983
98
712
171
254
120
507
15
270
821
927
938
767
13
916
220
713
744
243
15
885
717
918
393
481
806
232
715
717
806
729
52
256
441
223
863
561
82
878
183
903
158
474
671
171
390
891
236
487
486
603
372
556
521
765
389
679
349
104
749
507
833
801
116
274
377
979
187
459
857
722
363
15
196
386
539
939
629
775
426
467
379
150
23
252
267
412
284
616
868
385
123
53
538
239
679
915
218
866
727
428
941
90
795
137
828
334
428
457
462
206
924
193
356
300
797
623
64
433
591
933
818
715
986
357
306
666
624
525
884
351
305
825
441
100
315
269
787
95
78
601
302
3
146
10
303
295
986
367
729
577
652
899
644
991
608
951
9
233
828
245
584
485
423
378
585
738
999
724
833
430
677
487
433
823
498
88
119
836
807
200
413
460
451
58
803
60
361
812
293
541
57
229
26
480
959
611
570
959
688
756
389
365
243
174
189
93
614
660
929
421
212
695
233
663
105
36
75
466
848
368
359
258
950
385
90
909
348
661
220
36
769
961
402
12
135
943
458
101
955
739
523
519
434
756
534
539
793
610
357
993
978
716
603
280
101
694
190
450
707
410
838
476
724
240
840
211
535
298
313
842
38
836
361
824
944
896
364
737
506
721
83
836
438
38
117
891
732
307
693
791
69
532
267
145
124
460
357
660
758
670
854
148
858
216
973
802
464
689
892
322
410
327
158
200
365
627
444
450
286
137
241
708
669
861
853
794
321
210
806
431
232
660
580
90
228
905
245
692
594
137
14
356
464
525
557
181
152
353
631
439
490
873
499
512
86
352
306
407
563
464
838
147
124
770
238
705
675
835
749
621
972
764
978
788
641
887
969
145
240
601
936
82
826
435
594
912
788
252
319
703
716
509
850
193
632
440
898
307
275
647
281
247
763
259
387
756
498
357
902
738
958
838
172
136
274
767
48
62
19
719
117
88
580
967
281
212
760
531
872
35
178
153
635
294
764
22
50
262
379
304
352
689
143
524
825
417
643
225
831
663
296
948
751
877
267
384
89
27
915
961
415
445
466
50
739
230
424
142
844
156
446
196
197
941
73
375
710
716
600
541
379
897
841
482
774
461
866
215
840
781
529
255
579
995
657
318
578
434
812
422
590
611
971
139
552
44
514
263
760
115
156
492
364
350
326
490
811
545
705
3
678
586
259
257
582
268
928
512
702
740
286
644
351
257
784
256
301
298
519
414
765
27
258
129
377
584
619
188
129
677
192
160
263
803
417
197
423
345
709
126
438
996
122
141
605
258
397
907
909
268
673
26
296
931
156
673
867
127
214
349
156
758
509
420
913
926
969
336
624
679
814
414
27
289
555
984
547
305
243
808
925
916
835
221
199
991
247
67
470
813
768
627
923
277
399
836
555
368
524
179
399
339
945
778
628
501
763
527
158
6
336
83
275
171
657
474
514
256
893
336
69
661
963
992
938
714
180
846
83
704
377
834
395
323
613
23
176
728
903
334
734
239
769
361
762
778
836
276
386
81
964
807
743
928
151
33
642
331
231
77
388
609
912
783
932
877
807
108
605
62
794
691
653
915
53
415
46
241
43
432
322
7
240
417
287
391
803
282
75
34
359
463
643
623
246
927
500
405
387
105
467
533
149
120
449
202
887
847
443
930
631
117
290
871
887
577
615
690
859
690
76
571
153
72
546
751
999
47
157
739
504
976
272
5
97
73
207
984
920
2
267
552
472
557
775
359
486
390
401
346
432
477
269
937
549
815
689
901
214
198
640
71
174
912
76
623
338
636
960
258
638
227
162
462
136
938
821
622
680
222
320
113
52
589
402
953
757
443
206
323
641
846
746
168
111
175
791
449
811
751
59
801
330
222
264
466
512
437
89
192
12
761
657
64
703
412
369
460
855
576
135
497
774
882
17
237
409
808
38
572
912
450
373
594
24
989
61
536
427
502
80
791
615
738
207
318
150
576
130
357
504
266
206
631
500
223
868
909
384
259
481
648
709
206
242
733
548
655
621
327
157
701
118
125
791
325
443
293
253
574
651
758
192
857
389
692
433
609
953
817
220
786
465
929
344
59
14
892
715
987
219
224
689
689
349
832
14
793
126
620
367
129
378
559
338
119
603
771
728
908
940
301
46
405
230
390
465
597
635
180
584
206
756
625
896
106
458
262
899
936
882
618
65
260
529
755
731
484
527
812
392
467
113
438
225
695
180
42
292
815
574
229
22
330
854
918
436
664
532
687
600
415
305
17
27
186
773
759
670
652
571
62
119
684
852
696
731
33
738
24
200
312
253
222
643
459
492
79
124
25
767
76
440
424
94
819
963
867
578
633
519
501
48
990
185
252
687
917
285
425
293
486
738
898
60
733
709
905
812
833
930
931
910
722
708
356
541
671
575
472
656
446
973
704
436
511
957
475
780
594
901
73
432
991
323
493
724
32
398
888
218
680
172
480
402
880
836
295
903
763
767
559
209
741
264
997
604
573
473
384
167
726
809
600
717
132
445
793
516
195
33
734
875
205
566
629
85
402
276
340
165
44
900
726
137
164
724
741
737
197
125
256
923
934
856
992
418
653
137
934
848
170
21
723
728
587
704
165
342
981
506
859
377
406
586
514
570
310
607
659
859
84
915
134
370
124
126
788
777
615
74
978
137
447
701
865
35
758
31
729
739
537
588
468
943
526
982
865
188
941
524
47
377
791
181
747
267
659
887
397
274
313
375
412
761
76
277
148
186
308
877
277
845
817
745
140
344
79
5
532
20
881
580
397
673
113
496
292
773
383
689
47
697
64
811
810
493
441
958
679
749
187
957
947
356
702
87
700
782
445
585
154
326
517
904
351
630
400
644
755
136
333
155
185
398
966
995
891
407
305
570
509
844
879
456
200
582
895
253
716
340
838
222
19
355
478
370
337
879
14
93
367
348
248
552
746
566
899
637
974
556
559
835
752
439
291
952
373
538
557
441
231
395
15
250
102
494
620
792
725
635
885
92
983
485
996
81
51
247
70
377
155
629
212
907
420
855
211
793
746
769
586
977
516
602
579
971
96
199
763
173
186
0
265
521
837
613
602
888
860
672
618
15
654
830
922
74
38
485
220
784
254
158
113
771
760
692
94
208
891
857
381
430
209
998
951
46
611
906
286
823
930
256
190
584
439
112
11
477
950
583
613
204
741
726
327
502
418
421
62
661
630
444
91
191
442
395
237
406
301
876
229
231
132
420
168
571
884
531
400
834
114
13
391
855
91
718
357
861
492
420
523
474
216
966
666
10
361
903
768
14
131
998
598
616
770
118
539
6
649
940
193
763
305
936
618
397
6
328
258
498
100
133
973
668
100
991
678
813
894
447
180
378
797
130
994
919
248
533
277
897
825
822
12
131
758
982
880
765
310
138
615
762
624
940
430
76
931
461
889
178
260
421
556
409
551
550
328
799
435
957
48
261
780
60
392
538
395
624
303
705
762
919
820
738
859
602
814
791
415
704
321
675
477
877
84
29
779
764
180
566
722
229
827
502
641
571
40
36
195
696
94
310
967
266
48
826
868
863
969
284
919
642
311
396
519
396
777
650
160
310
217
882
539
396
736
532
968
777
921
515
825
367
177
792
633
226
970
853
441
292
137
712
934
801
460
454
197
590
456
709
900
673
592
439
70
328
323
390
457
596
905
282
963
435
426
948
13
397
802
454
689
291
518
623
92
978
429
641
568
886
351
468
911
943
259
333
623
935
723
433
531
981
67
847
768
494
795
781
891
949
235
932
593
105
555
685
83
337
327
4
575
678
824
486
973
436
172
948
371
247
733
254
228
801
453
348
647
601
129
890
550
716
822
143
821
729
181
257
66
508
261
641
538
437
480
863
873
652
811
596
899
897
851
480
698
656
828
697
257
958
587
160
674
409
303
496
138
836
753
557
344
366
198
234
803
678
97
677
682
261
625
582
158
476
62
208
133
242
905
742
200
492
902
227
253
558
723
743
394
828
300
91
546
499
325
349
529
775
378
212
36
4
146
194
832
208
402
317
802
659
60
3
151
962
230
756
872
305
499
267
485
800
358
31
651
35
732
180
810
111
744
846
115
890
392
299
450
146
617
253
805
29
256
308
343
838
64
216
495
564
483
332
716
193
363
367
228
95
899
39
206
644
237
673
534
982
325
985
128
942
590
934
971
198
242
314
36
307
530
883
223
365
215
939
558
930
306
139
25
557
530
584
201
119
609
88
101
934
425
230
228
15
516
199
213
110
866
601
417
748
484
992
114
51
931
24
981
589
515
6
147
45
942
700
165
904
788
618
838
213
200
67
228
716
618
793
827
484
394
596
233
230
589
699
281
872
75
614
462
591
973
961
636
915
661
153
819
450
772
10
15
972
77
596
41
47
389
868
884
136
464
117
366
405
168
0
278
243
614
92
834
587
53
823
855
66
976
674
868
100
684
884
73
113
832
466
513
573
334
397
709
150
866
428
556
34
428
186
277
394
278
464
982
683
287
837
749
615
863
970
716
900
206
141
365
38
607
878
611
293
275
673
443
141
101
351
527
881
537
805
275
815
621
609
850
908
798
952
875
662
922
591
562
128
84
927
518
691
806
481
984
433
154
780
927
607
131
454
840
21
611
468
188
232
77
39
492
876
991
368
890
265
311
804
745
396
83
263
87
241
744
424
675
251
556
602
210
687
56
51
708
668
519
897
252
948
288
745
176
279
465
66
896
776
222
641
172
306
904
612
547
0
388
222
603
944
176
814
631
233
217
692
253
88
941
505
36
229
602
565
860
67
983
756
844
206
397
368
512
653
980
59
653
368
634
609
664
810
423
296
395
992
340
648
80
281
506
468
862
108
33
722
176
369
478
372
575
875
740
87
880
73
498
533
793
484
142
458
295
917
106
42
261
446
43
341
79
549
162
941
9
547
15
537
916
493
909
491
720
2
930
600
427
429
485
220
913
980
30
560
897
136
603
159
934
998
852
365
547
14
306
908
562
321
446
830
166
707
322
886
709
252
838
488
33
324
709
299
304
739
211
553
228
166
64
162
164
917
528
63
283
186
972
197
860
418
28
378
125
702
617
187
306
455
675
340
131
736
991
435
476
554
341
56
721
405
218
237
674
98
301
958
637
273
507
849
43
535
227
168
237
844
707
544
652
735
236
783
471
579
571
299
133
912
355
206
669
574
444
696
24
97
654
661
370
513
510
413
49
90
933
638
934
993
182
938
728
770
722
551
349
645
851
835
909
206
393
578
132
837
626
157
934
280
170
656
794
33
421
195
123
707
833
409
700
368
348
780
490
422
331
192
67
182
27
328
741
772
258
873
610
885
382
896
517
905
905
663
938
326
858
413
33
44
174
85
764
874
217
254
648
549
798
67
83
177
395
824
950
654
50
912
891
784
808
408
689
713
72
979
392
930
744
777
326
919
215
442
145
432
697
794
981
847
861
417
25
257
241
327
263
643
239
154
428
47
562
117
113
986
97
857
269
193
634
595
112
849
38
258
634
87
404
967
286
265
384
311
874
626
638
489
621
877
995
49
277
558
167
742
896
616
599
165
809
585
761
274
787
151
884
421
590
640
388
876
905
773
540
132
751
178
621
372
408
617
422
37
527
941
779
775
909
730
941
70
315
54
696
102
205
580
523
147
220
264
23
478
37
563
962
140
94
935
512
502
904
286
891
431
579
670
207
488
400
500
559
67
554
255
170
111
188
45
258
760
309
281
238
698
197
552
838
291
488
703
145
392
989
36
176
569
58
735
409
810
235
968
877
789
576
399
900
116
797
510
876
458
143
467
509
340
19
347
983
507
402
128
252
744
516
428
313
574
163
74
736
398
395
966
539
971
717
791
87
514
301
315
325
444
782
834
137
154
533
120
661
936
249
913
680
117
693
345
44
856
419
780
606
814
98
145
137
816
288
576
682
941
892
7
738
26
193
875
180
727
995
194
663
596
459
343
714
153
688
110
361
459
242
968
626
341
465
763
157
754
692
191
695
936
199
433
962
392
660
495
471
656
41
134
604
500
829
670
5
869
780
367
329
23
687
307
364
152
422
873
258
114
64
306
402
615
91
717
360
752
212
831
760
253
318
716
105
147
387
111
17
519
830
698
894
517
5
258
21
427
483
632
894
900
938
296
515
381
13
227
485
225
59
245
830
729
962
288
876
701
751
893
220
581
943
115
450
948
725
823
728
561
455
622
461
745
918
328
127
284
908
612
861
319
210
692
48
524
332
924
225
83
170
797
16
113
264
466
414
342
641
142
255
97
764
68
842
34
396
969
318
656
934
180
975
144
224
23
668
556
300
245
991
822
394
7
287
659
825
701
353
466
195
608
563
959
676
758
346
424
79
16
81
13
548
408
509
772
784
177
680
84
774
671
258
169
30
545
180
855
599
533
322
794
141
237
106
169
347
452
593
427
820
26
792
369
435
302
493
219
831
174
655
958
197
913
127
228
810
307
83
409
192
757
204
685
347
310
854
694
114
799
473
934
826
266
303
261
920
797
832
751
323
487
61
872
752
188
100
914
847
536
324
391
645
880
76
992
190
930
687
656
730
512
590
908
778
246
169
698
395
1
802
70
840
863
942
944
404
395
858
603
931
182
995
576
414
423
921
604
354
960
612
436
472
203
344
251
801
865
301
548
218
455
618
410
319
560
354
75
955
212
678
238
747
25
167
161
449
88
118
155
48
730
943
520
285
639
123
438
504
777
986
74
232
956
484
903
869
838
978
176
402
9
415
501
386
582
663
835
22
133
342
422
863
285
942
501
924
418
939
780
195
926
854
427
234
690
331
103
880
661
280
283
22
695
784
409
629
799
244
3
932
939
425
796
224
719
649
501
137
588
633
684
866
488
112
101
530
795
204
411
456
484
694
831
531
830
240
512
630
836
515
562
775
940
710
352
660
359
853
149
300
486
834
518
326
298
619
857
93
176
620
901
12
666
732
896
496
324
408
478
161
276
41
288
568
103
640
580
815
493
730
467
332
916
985
10
214
957
219
659
133
839
560
497
505
645
393
2
969
154
480
482
430
873
771
350
329
763
931
144
609
661
611
941
577
948
951
143
905
171
802
38
362
362
888
868
359
281
222
681
787
54
163
569
280
286
920
609
50
851
105
11
864
68
952
793
16
255
936
922
778
738
312
493
100
200
361
812
834
935
493
973
989
8
543
621
647
463
230
697
666
687
60
530
755
364
323
772
619
259
694
750
997
358
243
449
911
956
261
745
891
106
718
232
115
613
854
762
428
436
811
94
124
871
976
231
235
299
3
206
910
49
308
259
760
551
61
671
859
322
416
750
781
486
335
896
100
541
10
880
329
173
975
805
396
951
37
631
603
392
189
865
442
498
477
554
401
538
225
613
860
993
715
993
479
50
889
931
591
251
812
273
424
139
78
820
442
115
803
397
508
345
263
302
843
740
856
596
278
433
209
490
426
925
484
257
327
725
541
271
329
705
544
753
844
622
926
286
90
81
36
598
426
299
252
621
391
460
570
21
893
779
863
319
56
699
576
384
425
117
7
106
822
551
211
18
525
137
657
615
571
693
213
997
992
817
619
735
277
189
756
170
320
971
841
729
671
418
113
448
887
120
554
62
23
765
80
548
255
89
164
826
782
729
823
126
899
794
861
176
335
969
699
656
941
540
385
612
310
850
60
550
322
966
964
345
731
44
245
338
486
761
164
268
491
340
395
390
486
608
918
822
930
617
830
871
510
567
835
172
769
247
722
91
213
686
788
296
83
385
987
569
147
151
837
638
843
584
380
330
545
298
504
475
268
686
346
130
253
533
302
22
780
25
465
345
63
605
993
146
990
980
67
137
484
257
127
327
841
507
9
738
158
513
213
778
199
559
908
804
444
210
178
224
587
643
921
651
600
915
797
591
895
217
80
379
474
208
59
667
67
68
406
577
934
619
355
485
531
615
290
975
826
468
552
413
464
473
64
416
740
214
7
636
431
88
367
257
648
426
924
67
847
330
645
781
950
352
618
833
968
908
808
794
729
712
559
545
538
976
961
278
190
321
266
973
761
634
230
409
412
154
828
259
837
473
392
139
178
11
972
146
271
132
292
352
845
851
897
383
827
211
661
369
532
280
694
293
914
924
54
678
431
882
290
268
708
34
759
886
397
731
384
669
863
676
373
60
879
623
443
707
834
457
428
718
89
123
363
3
399
417
33
182
651
323
450
711
710
209
597
107
292
333
776
156
9
502
568
889
125
364
948
959
821
376
677
910
851
392
265
603
809
650
785
812
326
236
524
36
797
473
143
442
159
272
598
168
774
518
57
899
882
357
210
55
734
887
965
937
279
582
540
440
585
326
604
911
914
480
947
63
306
90
505
465
362
455
633
488
974
43
387
856
400
597
912
486
836
229
424
467
164
316
259
749
994
864
660
908
696
959
324
2
401
829
819
116
285
453
604
611
848
992
467
600
941
731
87
778
961
863
597
125
531
857
226
526
73
238
786
769
197
110
124
598
940
943
66
577
748
671
188
948
15
655
549
956
387
636
86
700
851
684
825
382
893
403
908
318
641
695
87
838
157
563
788
97
507
855
674
607
878
214
556
893
870
105
201
609
93
288
661
296
324
838
678
569
241
939
887
882
986
326
72
143
890
212
241
749
67
267
356
945
482
264
190
704
721
392
665
814
32
326
110
356
164
141
277
405
80
164
639
66
490
711
561
732
275
154
481
343
774
190
640
608
454
183
664
176
575
329
342
607
7
805
315
523
946
592
280
378
108
919
796
950
982
357
683
609
864
164
952
638
706
945
246
513
128
910
689
55
591
383
662
950
540
329
473
486
273
105
216
381
376
12
331
710
722
14
319
586
531
624
576
237
569
822
750
49
84
791
104
675
527
118
977
67
799
450
906
72
907
122
453
283
487
136
993
209
503
312
147
34
936
723
623
857
545
726
906
981
869
362
8
396
480
985
816
631
787
722
703
694
196
508
977
683
997
322
892
500
634
391
886
923
114
509
780
11
587
687
992
809
401
0
557
234
337
373
865
124
447
921
170
644
429
499
327
426
821
572
278
808
963
164
731
430
26
511
441
965
550
786
774
952
138
332
538
476
57
403
600
505
324
123
501
106
622
180
884
444
752
163
252
68
679
335
850
705
846
291
671
749
429
445
53
568
129
591
44
187
346
996
44
23
119
545
481
94
725
717
538
830
880
142
250
912
477
100
617
675
743
640
776
173
86
181
741
567
772
137
106
471
133
150
846
605
47
327
699
773
44
589
955
277
731
205
189
560
657
158
587
400
799
716
925
237
897
666
804
22
155
911
845
289
413
691
894
461
370
945
586
414
534
541
43
617
98
584
529
755
743
468
507
542
184
433
779
82
451
935
456
607
198
301
248
612
992
494
73
362
439
659
128
973
552
524
942
650
108
471
757
851
291
264
393
476
49
524
910
501
812
366
460
10
19
708
622
363
202
47
725
641
58
205
966
610
729
908
612
190
731
721
41
22
986
787
850
387
663
112
888
475
830
700
486
849
408
460
212
610
508
289
603
566
847
569
529
928
829
493
118
912
215
512
935
553
299
137
292
314
250
181
790
80
233
276
930
642
88
494
252
596
784
856
515
631
777
396
559
607
889
30
519
456
542
806
361
841
296
654
507
546
187
297
978
420
925
260
62
14
755
667
962
891
875
477
874
4
873
785
611
115
815
483
923
357
641
285
550
937
291
58
835
478
707
814
898
633
74
313
647
829
332
961
72
207
439
946
211
664
732
175
131
547
10
55
257
3
692
159
941
983
217
776
461
925
942
711
910
17
24
909
198
708
870
271
267
661
217
831
326
301
6
457
849
368
864
458
371
556
617
664
539
187
441
352
464
735
64
374
752
440
635
303
501
505
574
768
167
143
599
845
445
605
654
646
325
519
456
697
427
73
361
967
260
154
671
76
242
87
450
994
528
85
297
381
943
223
149
462
719
749
307
164
706
961
162
32
480
618
81
908
43
794
227
656
301
250
732
543
338
535
889
218
972
539
599
915
762
748
377
833
497
36
349
556
998
511
940
830
481
21
90
525
167
317
533
468
568
265
363
906
152
253
476
125
792
75
392
906
823
770
740
673
806
89
229
156
953
169
987
786
542
77
663
709
747
196
530
667
814
893
925
966
498
401
91
642
476
484
549
651
606
641
676
764
82
257
921
387
778
260
174
320
337
837
382
436
34
264
103
200
157
380
166
8
781
610
650
609
446
199
613
404
192
289
168
627
547
441
14
325
701
188
998
391
378
380
827
764
996
283
964
153
663
482
513
797
444
164
406
890
715
19
294
908
309
815
887
208
256
901
885
310
442
883
701
820
615
880
584
611
163
900
117
179
382
630
976
827
794
382
69
510
754
716
770
415
531
657
623
139
910
508
801
352
744
502
524
359
735
108
323
250
360
440
429
743
422
405
922
217
140
991
79
246
59
201
661
942
210
636
434
120
496
235
825
240
90
349
952
825
458
275
75
170
715
505
913
137
262
187
706
402
531
137
0
590
690
661
533
900
297
967
373
794
554
198
386
644
547
338
469
357
613
897
528
680
402
793
170
16
981
876
771
512
366
771
454
56
433
987
957
82
306
330
876
213
880
615
857
427
953
679
137
567
576
665
247
978
458
417
994
791
646
765
303
364
537
758
420
322
97
729
404
756
411
633
969
291
248
826
71
201
505
208
120
81
873
368
411
683
137
758
475
135
875
130
851
764
240
272
86
338
353
843
446
117
476
415
408
76
593
831
277
451
39
750
884
264
470
648
300
959
406
775
95
633
905
298
398
498
922
836
836
276
679
282
393
507
49
153
583
994
985
213
797
376
315
682
641
785
682
941
744
440
68
191
73
325
490
823
823
412
660
11
40
691
645
433
551
46
939
486
41
924
51
838
300
366
872
293
151
554
586
896
994
654
439
420
332
929
243
155
694
255
519
734
947
164
520
498
211
459
984
604
735
36
442
387
754
667
681
906
221
619
154
568
626
593
988
958
875
583
465
921
839
984
655
138
149
175
636
712
986
972
316
721
360
110
109
467
777
142
373
351
761
879
919
387
824
259
345
699
842
163
972
681
147
628
819
648
155
807
712
142
132
28
863
844
139
324
311
916
466
36
619
228
915
538
967
740
149
313
791
992
828
764
25
975
744
197
976
899
356
688
393
488
69
609
685
208
933
996
476
752
33
96
980
300
986
947
392
136
612
184
480
440
300
505
768
44
54
96
295
411
136
41
251
205
650
936
765
935
285
594
687
670
42
19
970
380
967
363
516
931
899
996
724
199
854
844
595
908
292
242
319
428
283
571
986
933
859
751
221
144
697
908
814
91
928
137
472
247
852
988
530
751
337
254
302
191
450
249
451
742
491
771
171
775
694
157
60
905
260
281
50
310
542
216
401
470
705
873
69
557
214
599
660
551
206
314
94
656
563
897
399
55
20
922
182
714
431
242
620
43
876
22
353
418
590
755
888
296
980
309
205
194
908
866
97
114
180
543
123
96
441
522
151
461
796
333
176
227
927
148
622
803
522
976
221
112
83
461
408
63
770
966
610
31
832
707
145
364
251
268
460
692
142
963
505
290
648
33
869
576
181
492
379
55
468
953
168
903
414
928
318
537
894
928
568
78
988
65
443
591
686
255
635
828
219
140
471
867
174
340
795
707
832
175
763
652
480
283
555
246
211
874
783
106
154
703
184
494
769
979
437
455
235
72
635
806
565
106
25
91
447
821
798
631
348
913
284
828
196
839
426
408
65
210
866
572
913
402
418
34
734
856
841
321
280
477
127
845
935
504
936
734
325
87
366
25
0
2
853
549
841
280
309
259
842
527
183
107
929
601
494
663
809
335
336
90
812
463
935
100
968
224
834
645
663
552
671
15
554
876
564
748
508
225
359
350
752
542
810
682
495
304
697
305
639
34
395
804
849
682
904
169
258
90
815
921
995
838
289
549
714
853
649
223
79
8
925
183
902
87
865
398
391
915
703
383
301
98
187
502
132
443
672
391
885
839
312
232
677
601
134
391
807
783
966
238
144
244
421
46
331
639
444
723
906
499
458
559
949
645
61
82
440
733
825
677
924
489
910
601
443
44
345
250
827
663
840
323
907
613
370
239
604
166
314
862
666
772
421
967
769
483
49
209
568
874
238
493
716
148
446
159
544
143
409
724
807
601
47
66
566
417
305
171
936
619
33
954
743
455
921
512
290
323
73
858
549
312
703
265
812
502
424
357
997
185
81
804
786
128
871
353
898
528
876
834
500
261
788
243
68
61
756
358
384
829
569
934
493
624
199
306
478
624
663
476
809
744
632
948
872
855
653
122
384
529
308
884
142
96
479
211
158
235
569
542
417
490
828
910
115
28
216
593
4
879
69
813
975
54
113
200
909
766
322
293
647
631
529
790
79
361
1
589
596
922
484
365
413
312
628
880
692
844
473
696
76
895
862
403
949
975
603
210
94
278
504
741
909
385
883
340
746
236
930
695
159
414
412
924
726
40
804
771
237
629
467
665
876
329
68
177
657
24
388
751
302
244
844
563
981
728
903
728
964
833
775
475
247
539
751
326
580
907
97
169
889
916
834
765
598
254
295
255
278
35
358
932
279
202
495
260
930
399
340
247
232
467
74
832
7
826
510
939
733
959
108
974
875
294
740
473
548
387
80
179
422
438
111
701
641
607
313
923
358
654
522
942
473
949
774
480
775
636
419
860
947
527
187
823
821
279
648
722
666
81
901
88
519
364
141
512
323
806
788
681
812
310
624
286
259
750
766
386
739
538
599
686
417
786
861
591
65
510
313
83
591
566
523
462
282
664
327
606
470
115
639
283
425
263
921
37
366
39
775
105
577
726
791
995
864
653
938
281
515
603
716
458
521
239
920
803
255
247
761
726
714
401
361
492
16
634
881
382
673
8
487
251
735
631
598
951
284
888
585
799
491
301
609
12
893
881
167
148
129
929
874
195
330
587
687
346
221
568
81
247
577
568
498
664
199
448
615
835
336
552
986
179
206
595
191
99
477
710
247
958
639
474
153
321
61
841
668
635
409
749
882
986
669
732
650
221
532
618
56
220
170
43
399
376
638
942
827
467
652
75
425
644
549
579
965
962
420
985
949
181
86
183
520
756
267
170
977
799
140
385
371
663
428
770
391
419
64
219
886
69
294
312
713
843
243
678
157
15
664
107
196
750
290
68
858
558
591
835
709
731
221
81
394
1
203
786
772
620
357
659
689
651
323
402
846
918
80
3
933
96
110
481
847
753
550
57
311
141
893
372
224
466
453
971
819
9
109
592
629
466
603
318
117
278
72
315
548
152
318
481
601
781
314
800
886
216
857
549
709
102
921
934
920
727
905
740
736
14
684
365
832
639
35
301
917
107
616
465
611
286
298
212
67
964
12
305
181
222
854
242
324
776
528
245
503
785
337
591
151
21
308
983
660
343
284
929
802
252
746
413
539
396
978
958
360
342
264
893
564
118
136
241
894
16
486
749
802
823
340
953
196
648
289
208
343
573
137
145
826
235
911
717
631
889
675
991
231
939
237
796
410
725
37
656
741
875
406
543
50
98
849
598
99
138
806
794
711
295
940
889
530
851
606
513
92
634
856
323
925
93
471
335
818
860
992
560
87
750
455
137
848
304
87
299
442
893
94
506
540
34
747
422
237
706
935
681
340
792
4
265
885
828
601
56
40
945
616
128
695
423
617
543
728
705
843
522
950
289
380
491
675
128
913
912
834
201
945
174
345
301
791
230
129
392
638
170
337
606
650
384
30
267
280
110
972
123
632
923
764
13
766
439
141
31
351
327
232
648
853
929
949
644
160
79
37
150
601
726
757
251
463
787
518
743
897
843
218
881
118
982
894
236
421
387
267
124
714
852
772
567
781
721
564
293
152
601
444
753
679
201
356
494
340
227
237
589
70
455
470
540
437
365
776
858
104
43
334
171
247
106
90
381
180
654
674
332
607
470
438
639
23
794
133
363
21
371
952
91
178
775
983
616
492
759
826
596
155
513
119
754
619
210
135
799
216
810
484
824
632
922
463
656
716
948
371
738
671
676
181
850
451
165
818
943
276
996
891
783
509
11
538
129
573
673
280
789
835
764
613
468
686
428
124
755
377
847
493
48
523
26
250
974
543
68
269
820
65
161
955
574
524
493
55
97
519
688
886
354
452
852
822
491
280
298
246
9
498
91
58
21
469
308
348
13
729
617
185
794
130
140
720
6
634
776
103
153
816
342
859
620
194
34
111
474
684
709
484
182
152
894
204
622
554
904
987
283
873
172
429
356
664
150
362
650
278
466
803
94
808
15
714
2
49
178
828
85
239
664
268
392
558
824
366
465
728
705
748
601
877
178
309
541
328
672
192
958
490
347
52
298
714
118
652
115
296
832
201
536
497
469
280
407
645
998
872
373
703
621
326
932
151
636
825
831
660
369
789
150
717
193
800
783
311
804
899
608
636
100
496
485
921
128
893
566
126
117
291
181
90
969
465
241
957
290
72
617
660
213
119
729
406
919
512
718
723
411
678
712
511
174
549
784
654
442
350
780
912
993
313
2
963
778
244
920
68
668
890
80
234
9
809
640
929
322
710
4
85
388
68
949
914
618
733
568
412
436
700
324
429
13
327
392
143
923
665
564
943
907
644
177
268
454
170
549
128
880
554
565
269
622
514
183
592
248
104
5
36
804
329
465
818
8
210
313
931
227
877
875
134
522
404
402
328
574
952
808
455
858
373
76
832
240
611
425
840
715
430
876
520
111
341
690
120
903
3
403
130
233
630
264
755
35
19
435
609
323
595
416
181
968
844
365
208
456
790
48
523
572
924
43
36
618
85
508
521
441
911
4
674
542
620
781
929
639
568
538
314
163
307
847
483
151
213
692
959
355
92
483
280
369
878
316
339
316
824
212
757
87
216
431
629
837
564
558
828
132
449
143
647
108
990
130
611
555
822
571
263
267
406
543
988
284
211
327
600
387
539
709
474
756
492
456
593
56
366
421
540
167
916
187
275
259
318
887
814
492
810
77
759
216
972
747
852
183
426
805
922
966
514
397
74
7
205
667
415
571
440
956
739
709
143
366
968
813
605
134
306
415
212
417
983
536
517
188
72
943
993
994
261
859
743
335
866
948
354
634
872
147
590
611
856
85
977
824
899
935
958
557
350
522
326
686
411
195
874
483
491
219
477
752
78
573
440
297
521
794
931
393
941
521
356
149
958
686
325
209
621
284
766
323
158
445
361
569
640
235
52
131
806
882
236
885
455
676
182
328
822
113
722
116
986
430
265
944
116
591
154
89
227
272
413
737
717
774
659
710
362
711
841
168
945
429
53
752
105
587
81
280
52
155
396
38
585
661
335
54
604
841
143
183
113
556
921
183
683
580
893
45
643
86
565
941
516
971
693
973
558
126
605
963
281
1
1
219
15
688
273
971
529
768
155
995
677
76
178
360
656
423
757
651
861
322
592
729
293
286
55
204
412
660
519
46
662
520
617
29
561
890
0
90
10
155
437
687
583
967
47
239
390
156
243
252
479
835
333
124
473
388
680
238
49
199
284
63
72
901
444
985
143
444
75
153
952
865
193
535
832
240
127
223
749
370
827
580
557
512
704
31
901
737
269
302
288
553
365
712
806
161
697
301
605
125
806
909
990
999
445
822
592
572
397
341
294
576
921
851
89
977
882
990
66
151
292
355
56
9
67
214
522
765
515
127
890
322
37
880
673
834
54
265
758
452
958
52
28
879
255
117
209
138
459
275
641
103
630
50
464
50
264
986
815
132
114
57
806
503
289
479
337
343
97
95
795
55
499
176
287
754
293
848
244
105
123
238
208
106
288
673
156
904
659
323
388
125
380
194
980
21
26
669
364
475
116
512
882
615
688
521
722
333
369
966
438
845
556
999
951
844
672
459
101
683
134
489
161
514
36
141
535
414
811
251
889
279
763
123
895
803
645
969
137
14
935
927
859
844
926
162
688
950
621
141
986
755
983
499
621
371
640
508
785
803
112
26
83
875
149
330
679
146
299
168
161
586
447
372
430
726
535
471
676
508
612
14
616
947
513
589
318
506
450
455
309
562
833
744
437
335
426
468
481
725
988
994
664
436
719
94
162
254
917
190
114
882
205
82
829
70
672
500
576
122
307
238
684
493
982
473
828
409
294
661
486
282
8
150
718
727
597
880
333
866
71
447
748
628
530
930
698
202
782
275
676
89
513
360
582
847
185
762
608
479
424
447
762
432
597
480
511
546
713
844
413
136
291
513
764
173
795
462
727
577
89
403
19
954
115
601
154
653
716
762
132
492
209
246
276
159
727
787
57
792
631
822
928
274
688
692
448
483
506
527
61
948
931
80
902
398
33
408
51
101
171
536
593
732
782
869
243
861
8
301
653
639
475
933
266
163
977
66
999
484
593
60
784
524
492
38
275
877
447
678
331
618
214
924
702
997
146
946
858
154
599
864
146
426
797
764
590
775
830
941
611
423
1
395
300
845
433
575
74
232
253
405
850
820
682
905
817
180
203
27
686
802
891
184
580
689
948
522
816
778
463
779
554
816
526
854
13
311
781
88
544
386
845
746
206
879
651
375
59
854
403
746
8
294
930
941
335
231
463
503
9
927
282
563
743
808
769
757
472
902
197
16
641
394
762
847
274
766
575
685
972
978
431
981
624
714
922
312
945
737
167
306
664
450
222
760
610
991
517
82
246
66
450
887
460
565
734
734
331
661
420
303
639
203
636
616
269
910
280
214
648
447
521
664
897
95
424
860
86
941
294
332
359
745
571
820
310
658
906
993
319
678
296
311
234
285
927
503
195
559
718
195
6
591
860
256
686
284
116
124
578
762
809
937
859
380
109
521
38
368
514
710
46
163
21
280
448
300
784
995
859
854
191
865
797
403
473
835
687
589
959
617
704
120
907
563
853
368
437
891
736
951
601
783
114
974
415
914
274
551
910
485
405
101
351
554
504
824
389
543
766
349
513
822
821
420
737
674
140
174
918
877
126
871
12
592
846
427
507
472
331
417
958
736
870
661
643
726
837
32
621
955
733
134
777
555
906
515
229
47
689
147
924
167
19
288
112
217
715
619
689
46
388
647
135
258
308
130
336
498
162
957
453
896
92
231
803
350
98
32
397
139
532
673
659
903
961
771
120
677
390
161
75
130
809
562
740
469
692
76
967
207
385
421
103
477
4
906
828
454
290
577
593
174
251
252
429
212
375
549
241
117
711
669
247
872
231
987
341
276
415
661
483
801
434
938
630
438
196
810
892
838
388
837
13
639
442
794
203
817
344
445
935
407
114
182
279
697
522
972
325
937
633
160
90
67
98
721
857
646
531
101
837
271
939
202
262
381
996
466
550
340
263
485
99
729
20
730
426
894
703
104
183
688
264
274
108
715
995
965
361
878
419
198
502
358
752
764
91
749
582
993
89
845
831
541
574
851
271
353
97
974
457
280
15
721
906
123
436
253
440
150
132
859
700
634
569
453
750
660
202
333
654
643
178
485
536
105
688
808
458
137
134
915
417
149
988
676
624
425
929
65
927
413
276
979
399
846
784
150
858
986
835
864
982
365
701
518
470
389
678
928
526
813
195
296
314
184
972
291
961
253
356
240
667
984
219
66
182
4
216
41
342
51
905
676
417
607
547
239
348
225
520
227
390
715
875
57
251
199
348
564
452
56
804
119
40
376
186
223
732
754
616
74
158
521
103
927
480
650
166
181
227
686
408
970
754
283
27
5
834
375
922
286
431
726
406
471
454
944
46
186
698
662
613
208
184
716
135
16
718
302
197
297
340
957
267
94
592
294
452
426
21
726
713
452
804
471
924
259
415
322
445
465
985
410
674
521
478
161
537
196
463
87
846
156
44
113
602
989
760
406
415
781
132
128
234
937
951
510
196
366
184
993
184
169
756
858
690
234
19
580
783
835
19
629
343
415
94
945
404
206
352
820
988
836
300
574
773
252
436
321
970
620
667
154
142
423
364
832
657
736
764
792
571
135
421
914
551
868
211
307
74
915
127
62
752
780
988
877
384
776
551
706
397
218
861
539
993
225
723
2
313
840
795
884
975
216
150
878
84
714
186
159
981
665
573
733
445
914
963
181
690
866
888
439
84
101
978
429
678
54
431
992
894
226
228
221
795
379
100
231
445
638
742
426
303
316
512
101
582
475
282
272
341
522
64
777
623
42
206
302
448
989
294
694
216
522
916
11
253
368
242
50
6
985
477
661
653
989
762
587
816
397
211
509
271
275
638
895
318
196
549
118
185
195
813
401
717
81
764
323
801
359
373
159
696
850
820
701
191
935
288
359
684
499
868
955
775
506
202
445
54
751
563
240
946
728
993
16
809
758
691
610
469
64
121
165
267
942
866
810
877
506
170
913
5
38
868
132
897
71
577
951
174
493
543
121
221
537
489
383
647
180
345
116
244
467
633
863
761
851
674
990
357
844
903
714
234
771
847
483
194
424
787
369
269
330
490
843
867
331
226
514
511
923
982
755
390
615
971
151
466
645
141
175
841
396
890
75
168
737
559
714
513
698
83
135
28
925
978
248
256
556
114
767
479
97
875
222
64
846
373
883
491
867
58
684
615
300
759
783
389
670
850
903
368
933
390
749
859
368
997
467
924
111
235
403
208
462
625
625
308
351
508
151
570
918
835
185
219
946
321
608
969
171
863
337
456
253
86
667
621
435
135
897
547
722
653
107
184
278
732
492
981
592
995
903
511
182
441
730
128
114
690
97
285
554
787
93
159
225
761
133
661
896
30
208
618
683
315
802
314
400
646
647
992
993
903
503
175
344
585
655
458
628
105
95
182
892
188
693
469
949
826
130
845
209
690
815
244
6
969
558
758
615
558
750
960
461
606
487
805
191
143
615
819
600
710
353
492
898
47
313
848
225
444
45
434
134
861
679
492
182
589
250
798
147
353
110
960
959
598
117
502
93
732
322
693
442
27
185
693
426
850
893
652
294
290
438
781
503
117
625
686
59
876
484
558
581
946
519
540
544
636
42
637
721
716
330
163
744
867
208
170
718
101
174
364
392
613
145
895
82
771
581
141
999
417
700
580
716
571
472
260
207
514
898
280
583
580
796
327
448
4
849
518
458
24
882
202
637
380
449
71
503
383
213
502
152
265
434
868
836
906
129
395
772
379
676
355
311
824
34
111
828
884
629
286
260
864
840
897
244
290
320
747
673
533
601
825
150
35
46
338
293
175
86
417
906
114
125
217
938
159
681
766
395
310
405
655
526
245
904
122
887
225
869
912
110
822
90
261
209
136
599
502
663
685
272
569
799
397
138
89
556
819
856
952
482
613
607
8
210
512
131
98
737
352
10
847
527
452
460
736
588
412
591
251
97
863
172
249
260
663
690
816
482
546
120
316
511
80
677
722
592
808
172
681
512
534
880
39
987
693
128
575
105
719
179
554
582
351
155
842
14
846
10
849
744
483
517
256
563
194
330
155
2
502
188
867
36
420
258
23
113
386
951
218
105
130
125
687
481
280
881
848
126
244
49
871
727
566
479
290
761
809
797
115
311
337
334
699
757
593
75
223
979
26
441
85
156
918
124
989
199
358
189
325
602
238
548
681
157
379
971
270
188
120
385
851
457
720
551
566
313
978
789
644
4
583
81
160
501
558
501
700
916
691
378
870
281
278
551
438
658
874
708
198
994
446
402
803
518
305
369
183
283
511
827
287
94
909
799
947
467
300
0
735
343
378
605
625
8
508
415
18
382
476
569
728
922
971
883
440
276
252
623
559
115
802
846
209
711
997
509
530
297
509
265
641
239
222
618
599
730
33
618
464
509
187
544
783
510
427
223
786
32
198
697
147
1
895
709
64
892
218
947
189
727
564
182
318
787
800
917
869
834
535
686
695
74
230
479
584
658
54
722
690
253
419
837
606
314
898
22
206
116
969
748
195
534
930
865
673
731
783
894
917
670
580
612
745
811
443
681
821
498
404
511
103
823
700
709
138
951
83
696
67
53
444
615
939
375
480
612
458
615
858
375
286
439
339
31
602
783
64
423
633
468
286
736
644
338
797
782
289
880
830
709
285
275
324
224
650
156
188
460
772
47
187
58
838
526
441
440
661
857
863
646
326
501
382
970
839
531
104
129
764
934
838
49
561
514
626
563
22
814
23
794
213
210
204
51
737
997
491
750
855
706
397
533
559
131
855
399
15
311
880
779
597
718
180
159
584
806
722
606
973
746
753
186
308
309
238
397
307
81
148
514
140
897
399
699
28
254
98
43
917
978
174
514
48
355
25
984
513
748
943
838
846
696
25
506
5
615
904
664
48
52
178
188
301
577
888
329
183
338
725
100
669
899
967
69
606
992
54
120
92
997
958
938
45
335
445
402
302
701
67
351
105
597
539
406
527
779
87
710
118
812
163
787
64
130
208
670
474
262
142
567
611
453
857
8
788
654
411
91
355
478
794
460
427
333
866
954
113
306
17
583
118
532
722
182
14
930
853
488
545
347
407
156
800
265
165
941
271
928
32
627
406
826
439
185
511
658
140
976
964
509
559
82
41
633
617
407
564
822
247
461
169
655
969
970
272
486
911
543
414
295
170
172
473
962
358
984
620
850
313
584
359
224
18
752
858
635
159
774
457
406
235
979
413
204
949
685
691
212
229
105
507
751
630
332
713
988
668
333
838
981
269
549
206
288
301
416
275
812
190
85
570
777
64
984
981
13
669
24
577
250
482
436
2
112
768
715
100
788
401
290
770
22
839
328
662
140
744
938
952
934
23
874
63
87
858
44
452
528
421
381
778
903
817
132
15
937
200
467
725
601
757
495
623
596
175
638
88
919
576
392
205
951
266
268
38
125
665
842
5
86
223
135
989
392
268
356
329
468
175
54
421
932
902
396
880
77
34
968
349
610
712
906
561
978
175
951
103
192
145
460
278
720
596
619
112
216
327
441
684
502
848
457
434
750
853
666
179
888
986
880
850
698
787
764
676
962
67
132
154
213
592
784
933
540
403
46
756
730
839
792
584
687
249
370
789
103
36
321
343
22
201
545
720
988
309
748
302
729
880
456
942
825
592
227
717
995
625
474
77
817
618
661
504
868
31
646
323
419
967
666
441
168
211
513
157
873
614
459
602
494
268
896
671
860
475
741
208
101
567
637
918
185
651
774
405
34
420
728
454
739
746
247
908
958
113
417
183
727
228
785
573
848
681
597
61
156
338
621
609
905
258
879
90
261
6
496
648
426
576
454
518
323
701
778
281
166
195
464
245
775
601
819
624
634
416
685
142
106
306
752
11
916
983
453
530
989
301
178
768
878
632
286
201
685
64
834
852
611
650
449
386
603
268
362
237
36
47
379
494
705
483
505
974
819
311
504
808
612
682
928
842
314
214
43
999
630
229
203
593
231
653
332
834
273
694
71
662
94
803
156
799
286
14
125
457
325
629
266
289
311
194
132
977
761
527
329
743
757
532
337
340
537
669
175
163
715
246
825
809
49
981
961
688
995
86
145
672
716
763
962
379
310
94
357
71
973
686
166
82
570
503
423
108
524
598
271
240
844
448
401
246
429
714
286
777
801
431
449
869
547
411
600
857
857
957
928
831
643
94
913
566
950
688
674
826
286
297
418
483
745
820
729
526
886
367
303
687
798
105
908
697
516
509
554
374
818
834
557
814
281
822
380
231
511
406
409
149
55
828
632
152
648
713
678
534
80
334
574
231
439
834
928
307
695
483
33
514
669
590
680
950
765
60
533
276
466
943
425
873
771
410
25
771
123
55
657
204
389
583
787
180
418
715
488
465
550
521
331
220
464
11
522
229
71
56
857
889
999
634
762
122
44
787
893
520
843
550
724
584
134
863
117
904
578
605
369
481
478
53
53
294
64
575
875
136
631
732
377
982
367
140
104
763
279
997
283
474
900
359
411
34
222
528
290
153
485
11
986
315
64
39
610
129
614
485
617
598
570
994
580
289
486
685
52
766
682
688
240
582
47
651
968
622
531
610
775
16
622
761
332
38
152
294
519
766
779
136
364
701
483
945
990
969
630
43
735
664
731
328
599
130
331
919
752
863
530
879
231
504
640
563
894
144
857
414
911
989
550
627
690
33
924
681
3
906
76
90
571
159
418
522
289
102
441
394
965
323
273
548
827
266
112
722
410
321
488
673
662
38
301
353
424
225
386
779
132
814
869
55
325
640
577
966
742
370
360
59
694
634
607
873
252
71
947
662
745
435
336
407
474
637
112
250
214
850
29
346
664
250
753
989
890
330
956
984
701
668
395
747
302
3
620
906
426
568
569
171
3
257
579
829
894
691
79
460
542
108
159
558
711
912
900
953
595
856
938
648
876
685
395
531
688
15
437
467
583
6
638
939
263
569
768
509
613
848
970
507
308
481
65
19
393
965
973
340
173
263
988
402
948
383
933
989
751
370
808
686
377
446
625
992
368
394
502
981
594
824
488
902
305
905
274
50
223
599
391
748
862
379
150
162
115
83
503
866
454
311
552
183
110
178
175
478
924
677
459
518
853
299
420
158
204
46
209
427
645
600
528
859
331
678
374
446
762
877
312
568
541
217
751
651
395
926
129
319
956
940
189
809
239
961
320
443
8
881
223
5
833
751
217
164
781
591
611
895
820
275
463
361
492
566
364
239
845
493
910
801
433
99
962
24
61
634
468
421
515
43
426
348
146
643
865
927
586
828
823
407
455
638
120
948
557
485
539
402
330
450
555
764
901
869
140
962
504
608
735
371
3
162
72
149
157
937
429
744
117
604
503
572
594
623
872
151
460
412
553
791
214
460
907
115
330
47
430
834
8
165
205
11
679
629
513
837
566
294
581
683
898
84
608
844
59
480
996
520
244
901
311
458
362
570
926
692
617
708
878
625
873
435
989
553
65
502
742
983
148
675
667
398
111
275
242
170
107
590
42
352
492
705
162
206
275
88
898
893
796
128
870
22
563
859
927
628
713
669
964
861
344
631
259
455
258
502
977
717
444
20
69
936
725
232
494
1
672
744
246
469
872
116
843
788
328
770
416
41
791
732
255
135
363
514
942
973
368
919
43
813
291
112
101
369
696
596
722
721
340
968
542
565
436
385
353
116
155
121
158
298
854
765
785
569
279
727
895
0
998
938
165
642
402
618
11
99
566
733
820
907
53
362
824
841
99
177
958
606
298
468
904
152
233
689
722
864
416
617
864
766
907
381
408
309
0
419
760
566
504
580
825
557
294
649
399
745
178
357
351
477
825
255
981
58
944
55
922
712
24
139
831
931
872
591
241
872
11
1
791
515
934
968
425
580
970
824
326
148
533
29
977
710
285
959
120
581
366
42
646
391
533
829
322
406
420
915
630
431
917
773
299
203
94
76
135
416
252
461
916
785
843
894
847
128
205
967
61
571
361
59
962
895
888
637
653
309
552
635
92
821
761
743
376
855
819
512
271
423
325
187
208
168
433
407
648
990
374
710
562
736
121
876
983
10
865
988
319
418
623
763
591
384
507
320
591
678
832
214
102
509
754
662
678
187
70
678
178
444
740
92
180
862
320
515
872
186
503
543
956
127
306
899
863
813
219
807
844
403
21
946
913
127
608
943
667
678
621
197
475
362
289
7
224
961
523
448
147
26
991
455
505
649
355
721
815
926
528
659
330
901
605
243
381
565
186
48
596
159
245
71
521
886
78
97
847
601
897
347
980
240
154
837
890
509
558
705
788
438
364
118
692
321
361
73
886
899
473
482
58
70
905
932
956
984
381
155
937
631
854
269
871
9
107
761
870
17
818
658
808
534
776
852
855
489
277
94
740
750
928
151
820
834
83
128
170
816
283
459
447
490
729
319
499
188
432
369
205
251
380
365
137
156
217
345
998
846
439
738
948
719
241
768
905
324
248
75
493
884
535
292
374
616
963
873
804
396
594
361
999
974
727
488
483
296
833
481
143
272
571
91
344
813
212
249
489
812
677
334
696
564
627
422
180
942
647
984
338
242
697
689
568
424
178
51
73
363
884
568
988
808
11
332
973
575
933
462
388
610
149
436
526
128
859
706
70
858
42
409
100
740
450
669
516
980
72
589
344
957
157
332
117
169
16
90
744
949
904
484
912
53
921
438
181
132
145
252
990
187
13
443
279
815
464
796
796
536
385
492
845
895
176
962
416
192
52
160
141
309
997
53
362
270
844
544
402
989
148
744
528
161
539
808
976
3
956
124
892
341
616
737
588
792
52
4
336
456
517
830
765
514
235
128
784
79
24
538
68
172
634
949
685
174
109
661
177
65
786
69
758
754
159
347
899
563
351
587
19
868
417
137
734
653
617
518
732
641
408
153
165
43
102
850
217
563
511
746
980
649
168
738
756
679
437
7
242
141
594
613
361
12
750
448
665
367
318
397
360
727
902
525
122
356
375
691
919
239
437
899
240
957
990
348
636
779
355
230
272
950
844
986
962
594
434
979
314
752
728
674
479
631
552
601
987
279
292
907
518
82
158
111
391
500
459
28
632
815
258
904
117
102
890
79
49
324
58
715
77
786
389
908
769
293
862
757
573
506
664
443
588
174
554
980
27
366
360
659
181
970
915
298
425
806
729
826
482
139
541
911
277
930
172
47
224
34
804
149
540
820
592
481
346
499
813
373
865
525
384
46
495
300
696
920
106
777
746
940
268
639
204
545
922
376
944
498
762
100
647
302
920
239
135
619
738
300
344
603
825
729
1
673
29
49
945
487
178
44
427
446
683
983
992
605
359
936
103
121
37
750
776
309
342
263
280
432
564
625
36
741
354
389
414
735
791
712
222
969
756
1
416
791
985
760
397
696
48
852
818
437
603
946
99
297
209
379
729
125
4
117
867
710
859
633
445
650
345
19
971
101
21
387
245
358
499
642
406
548
494
224
985
449
522
84
746
732
816
828
857
820
945
76
883
804
710
680
806
55
700
778
509
73
165
754
783
17
748
189
565
594
766
902
44
288
339
142
372
155
970
582
327
268
658
210
424
368
243
231
776
943
9
637
368
526
743
151
543
491
692
108
85
458
11
481
99
702
624
471
857
946
405
184
214
64
747
639
784
990
870
560
285
231
549
5
757
292
156
301
783
200
761
221
11
124
702
110
826
326
933
683
625
339
220
191
755
967
182
539
309
404
452
594
635
1
599
393
294
107
694
77
307
455
298
670
580
1
780
406
679
66
442
656
405
662
848
512
981
30
51
290
435
503
884
70
505
835
815
799
942
861
228
601
317
527
624
249
880
404
7
911
822
801
568
579
463
416
91
444
798
143
734
233
646
970
656
503
157
471
302
99
333
531
53
2
410
29
251
642
433
610
553
608
412
473
187
227
241
279
24
40
422
110
273
420
433
929
276
590
401
578
42
86
461
447
88
223
476
691
217
909
301
123
869
65
596
57
645
838
336
21
878
110
131
151
882
564
433
158
155
186
89
197
272
902
644
360
126
120
51
343
381
704
466
251
122
415
660
119
253
996
140
483
458
271
986
692
188
419
851
343
957
940
892
229
842
536
941
320
8
992
16
741
49
834
344
523
249
4
642
854
352
782
689
162
53
676
855
241
447
706
936
405
998
828
634
192
716
576
865
76
920
881
818
321
67
162
844
669
519
486
523
871
268
213
34
674
241
889
267
688
947
204
93
297
384
80
841
453
8
706
529
280
939
699
602
7
214
446
676
733
285
551
604
905
116
990
579
709
231
847
398
178
403
843
475
139
275
317
592
283
375
122
564
315
821
518
674
35
316
702
120
601
605
725
507
74
67
86
783
299
285
533
477
40
377
305
180
4
974
772
288
701
246
204
16
68
722
42
455
38
96
576
992
702
653
499
776
720
937
911
371
575
445
849
615
174
506
795
178
832
568
818
533
814
22
902
234
96
944
42
135
393
970
479
95
975
978
223
47
915
134
419
842
931
268
458
105
126
253
636
958
173
454
843
340
477
745
926
573
42
968
60
435
290
539
882
265
869
105
313
137
591
732
979
523
352
437
980
830
43
616
140
568
71
983
908
900
729
835
825
123
155
238
910
798
129
792
63
999
897
728
488
840
812
467
363
516
257
344
346
300
960
486
868
383
822
129
635
551
316
461
26
471
699
936
269
828
728
685
179
977
765
667
817
930
487
533
446
744
229
145
396
541
983
264
925
805
745
560
708
61
373
86
885
72
22
506
253
102
191
432
431
309
452
601
239
939
486
37
683
715
534
79
256
870
695
181
675
441
94
736
854
467
822
739
892
197
246
145
651
789
929
435
98
381
388
689
672
874
79
355
589
613
786
845
835
834
27
863
627
473
599
481
940
773
221
832
322
819
329
326
608
259
761
59
992
149
100
665
23
179
372
612
145
511
809
980
345
188
843
972
661
794
805
602
920
378
786
242
197
468
920
158
727
681
217
71
182
317
736
557
849
461
521
994
972
331
326
317
519
522
641
181
316
798
135
236
177
273
831
726
741
751
884
820
785
453
892
319
771
980
877
620
441
750
966
413
81
644
82
953
166
723
486
483
522
973
71
51
246
254
777
340
358
662
160
143
115
404
814
238
385
43
210
826
794
528
592
227
173
674
532
339
750
18
822
272
991
246
323
590
500
452
930
858
114
442
353
582
847
168
172
232
563
383
410
357
911
2
937
84
29
469
424
779
840
598
51
183
844
726
773
697
178
55
555
645
850
261
579
697
429
751
281
344
134
43
54
398
46
991
482
427
812
258
206
652
209
609
188
405
335
961
102
865
369
10
510
219
271
89
268
52
841
549
396
327
944
450
725
990
793
560
769
606
170
975
610
379
584
798
785
271
112
239
137
833
249
999
404
872
441
672
924
634
573
321
313
517
123
39
860
917
951
629
523
121
605
485
501
541
284
638
813
748
877
302
581
479
301
985
351
94
9
276
728
582
949
42
99
72
433
311
341
384
941
216
857
898
702
358
439
338
348
252
438
578
906
371
57
208
356
760
654
717
388
383
299
337
777
750
762
562
62
103
298
355
672
155
253
374
866
44
64
214
649
502
792
555
873
201
115
581
962
770
298
350
505
949
40
634
51
154
196
113
257
494
820
281
1
425
655
867
470
71
434
119
573
578
26
798
780
142
379
94
912
29
796
417
978
188
51
30
342
599
495
952
445
668
233
446
93
241
666
563
312
100
34
886
30
61
684
162
555
416
256
467
445
405
236
776
593
639
158
936
238
5
888
683
673
473
481
767
714
147
682
27
599
69
265
630
482
949
792
37
717
401
856
515
158
92
291
751
731
449
39
321
454
279
4
128
753
485
247
467
985
281
494
936
350
759
566
184
61
711
573
778
112
429
293
270
873
936
373
956
385
413
277
192
692
281
672
445
119
271
913
456
552
759
392
255
519
311
439
932
22
13
62
486
442
356
108
668
644
481
624
30
246
902
574
939
535
246
736
6
517
1
814
421
113
207
676
984
518
116
916
892
481
978
378
275
686
486
943
331
319
568
713
566
822
287
857
709
885
945
716
754
947
530
527
412
89
204
396
959
672
312
851
153
642
229
780
329
67
724
12
387
644
725
