806
390
977
743
367
450
180
120
534
432
989
380
875
126
627
674
806
647
201
563
992
189
548
656
461
840
514
769
964
755
622
770
498
599
514
865
401
46
985
935
478
327
315
706
805
943
380
963
942
582
527
934
123
427
942
936
619
456
57
584
564
680
706
62
631
220
279
33
267
617
968
97
296
636
803
101
931
536
64
873
118
943
159
593
371
102
882
342
910
291
926
474
971
633
888
603
205
168
636
824
137
956
274
433
592
77
534
875
613
950
748
83
894
908
29
617
362
263
959
272
554
238
99
526
223
339
481
428
859
117
605
996
425
879
429
370
956
315
245
922
618
994
357
864
254
386
481
968
649
792
240
204
382
691
82
605
31
563
386
890
32
991
239
809
870
668
179
178
336
777
100
306
771
810
170
377
196
3
345
198
795
937
754
530
981
188
135
364
103
521
254
135
512
845
944
734
866
476
913
202
253
365
508
376
175
678
105
724
33
450
274
180
739
28
710
72
568
846
436
671
719
43
806
584
888
102
318
754
930
231
308
183
949
168
559
124
198
16
200
231
818
474
412
558
854
122
630
422
320
419
93
40
462
251
624
702
706
294
457
636
526
765
172
827
934
83
951
132
100
152
716
918
978
128
828
833
250
811
255
571
230
701
963
44
304
587
746
362
881
203
999
759
321
523
938
607
606
890
91
58
394
807
977
372
935
157
557
538
968
165
109
198
218
72
594
522
11
341
885
244
896
236
356
217
111
294
176
717
536
268
128
282
75
457
7
11
614
564
549
583
81
10
133
299
434
728
174
797
421
59
41
317
647
749
887
758
396
63
827
932
331
307
567
407
764
574
770
379
490
671
962
572
33
447
223
819
175
397
616
596
808
9
266
807
759
153
917
507
216
97
791
548
404
358
307
169
284
429
900
127
452
862
51
485
661
274
304
189
672
272
785
832
281
403
640
392
556
557
899
773
6
691
673
411
401
332
932
686
761
832
165
213
46
216
50
707
490
706
896
514
978
34
347
259
437
339
652
346
248
903
119
255
946
144
18
348
476
950
386
237
134
551
802
180
119
204
239
609
910
136
476
888
522
175
499
311
514
503
657
114
407
128
721
705
272
739
405
748
41
143
337
527
46
491
707
165
695
299
775
605
787
251
845
309
426
345
972
292
200
630
