519
332
502
933
400
795
73
900
602
177
139
333
431
587
91
759
147
233
25
432
317
969
825
220
192
66
430
817
767
656
753
287
988
255
572
741
402
646
641
5
175
132
690
606
719
781
718
219
367
743
651
684
712
828
904
256
246
686
425
14
342
178
301
683
785
225
424
188
871
417
545
398
549
235
5
620
17
723
839
384
818
490
420
882
671
324
138
917
363
916
931
705
94
584
388
232
810
164
772
33
581
317
432
130
904
789
751
921
864
942
657
682
433
77
916
456
754
406
725
117
322
9
174
417
945
563
1
107
79
125
493
13
794
277
143
698
66
246
972
282
189
629
964
974
707
880
782
813
638
507
930
961
868
104
730
814
19
731
921
451
856
414
464
2
43
607
700
109
206
672
391
747
302
707
721
361
939
855
526
578
714
456
539
583
912
269
397
284
352
670
735
560
437
199
562
480
158
614
942
364
287
333
111
941
393
184
654
332
391
180
262
106
988
153
689
900
774
438
184
126
108
271
38
897
470
952
378
629
567
672
993
854
357
457
147
750
993
801
435
385
981
697
843
321
203
532
221
977
322
758
456
782
29
494
680
500
799
410
129
366
82
474
572
439
283
719
542
629
872
977
366
205
26
209
526
229
93
99
559
415
857
15
197
239
861
229
91
660
991
572
378
73
46
950
865
682
21
759
311
245
88
29
450
466
238
976
696
683
428
607
98
285
622
647
876
483
229
967
496
220
539
874
646
938
177
511
620
198
622
283
796
710
312
246
176
902
575
224
585
3
831
35
640
453
682
517
289
263
484
785
484
24
659
130
314
836
993
934
387
615
569
183
325
881
781
853
135
708
78
720
711
261
755
704
67
789
221
356
53
57
493
537
433
504
19
747
693
12
681
432
979
602
967
656
483
748
509
618
457
939
690
520
201
445
224
268
587
797
976
640
855
469
529
640
325
548
388
18
912
421
450
243
24
417
899
859
518
760
830
975
52
520
847
605
318
424
873
905
221
849
897
428
670
426
69
995
326
457
366
238
878
816
833
254
234
84
114
104
196
944
79
248
816
278
853
134
702
78
391
276
279
288
704
301
714
125
297
40
582
663
630
813
831
815
419
417
899
533
521
96
829
952
696
646
231
902
132
933
980
524
209
612
812
266
913
879
391
562
271
326
577
254
491
409
69
910
178
321
444
700
769
625
652
817
271
235
719
756
169
52
280
730
16
444
996
929
675
740
844
947
66
421
553
557
830
974
819
9
295
263
61
416
889
65
234
512
301
305
268
470
357
900
552
373
345
901
655
372
641
499
319
59
920
224
968
103
199
787
464
846
403
877
263
644
942
849
508
243
154
777
65
864
29
618
589
726
871
244
99
864
95
770
923
368
995
243
823
546
382
287
392
137
516
7
781
458
856
290
702
11
419
119
875
448
737
464
527
960
61
626
824
156
748
99
876
743
342
699
289
77
338
34
214
854
41
996
313
898
638
367
909
409
838
136
209
576
952
736
536
13
362
713
522
111
812
398
206
507
98
848
584
436
882
798
643
275
794
308
173
784
27
434
193
865
570
403
441
875
139
330
888
854
395
410
317
207
161
523
714
259
723
298
47
605
97
690
881
243
350
406
380
377
841
573
243
763
328
36
638
468
718
879
674
113
641
991
321
802
866
387
413
590
686
813
547
135
855
780
730
206
187
110
583
380
36
178
495
364
215
486
832
933
365
858
47
6
849
720
161
68
107
926
658
145
91
205
280
947
338
363
505
525
473
440
257
509
619
752
226
834
238
410
119
955
269
518
314
118
590
827
538
698
753
196
195
845
754
828
144
92
191
649
969
16
89
578
526
708
682
104
894
273
514
366
228
783
884
894
254
827
721
792
877
827
341
72
24
95
900
168
539
91
817
860
108
258
438
986
319
472
442
565
745
956
931
974
740
168
220
346
995
942
138
872
121
479
944
145
926
197
313
817
288
482
677
748
92
467
86
411
940
528
977
685
485
260
11
577
428
584
923
423
526
413
647
647
245
592
144
171
789
457
341
429
291
18
530
383
838
968
147
778
497
476
815
334
736
179
263
165
763
538
940
641
951
588
640
548
532
784
72
673
593
413
454
884
783
984
619
621
305
118
399
154
594
567
488
331
746
103
496
509
641
436
150
944
376
790
493
908
926
565
581
519
330
388
755
113
372
726
735
29
845
486
183
439
53
23
770
151
126
618
12
767
55
514
64
783
656
557
692
582
474
625
101
804
13
208
917
738
935
4
767
780
491
951
219
896
974
342
48
453
960
60
220
367
575
636
151
231
545
843
166
19
820
267
175
186
828
445
924
763
449
43
895
292
994
114
189
321
456
237
774
769
649
346
136
224
983
287
808
528
482
974
900
303
593
427
489
421
872
765
536
674
808
431
966
155
898
155
476
706
744
602
475
394
948
612
970
283
899
130
164
382
456
416
37
50
843
878
823
68
643
712
94
803
143
60
958
393
568
786
100
664
740
575
58
41
187
381
324
439
511
840
173
320
256
210
722
452
88
545
520
83
609
966
886
105
26
197
498
946
335
598
611
76
526
21
117
65
754
441
504
618
634
29
938
890
239
660
342
679
557
214
114
167
180
353
624
559
550
122
857
885
73
820
961
599
194
430
664
948
224
521
566
858
550
856
748
142
516
443
173
426
9
288
945
190
993
569
101
895
691
958
780
764
131
94
363
325
524
380
273
748
901
192
958
803
48
707
945
565
502
471
343
511
111
288
53
104
857
154
999
548
465
131
665
596
577
28
921
454
760
546
554
661
738
513
465
787
572
762
704
74
233
47
937
344
335
991
800
192
497
799
92
962
283
757
910
860
138
183
666
898
730
221
912
468
86
729
607
658
491
311
84
77
710
21
773
45
364
574
589
862
725
34
176
8
143
439
221
281
622
239
532
352
460
444
173
898
173
780
556
16
444
992
93
154
14
867
552
378
793
141
592
518
527
769
879
671
208
452
304
182
691
836
887
504
280
60
402
805
192
311
822
636
303
267
143
669
486
695
400
279
188
992
150
716
113
29
387
673
833
43
208
876
880
95
380
512
507
135
318
699
798
492
688
453
759
831
123
246
526
875
525
66
219
675
782
333
56
521
358
241
565
566
118
797
13
850
309
520
985
627
572
135
119
260
589
231
443
712
477
321
939
354
387
158
382
522
843
438
43
202
32
960
120
150
757
134
0
67
6
338
46
578
473
518
190
62
101
985
126
578
306
65
284
46
224
666
568
419
457
963
621
489
276
94
639
385
580
639
804
586
977
851
165
803
721
707
865
822
693
992
752
351
409
36
397
985
55
317
405
512
633
378
1
909
824
992
294
404
983
99
991
313
302
508
116
375
567
981
549
260
325
301
612
735
689
361
72
744
679
477
608
312
208
609
573
32
601
219
437
585
670
780
898
972
640
14
699
207
347
248
820
25
901
432
112
943
145
184
687
824
14
296
488
222
257
413
606
211
633
43
148
303
175
46
628
815
412
327
23
111
576
843
136
829
627
248
772
772
433
812
949
799
108
789
21
717
555
979
928
540
23
428
843
550
474
823
366
238
151
741
702
79
936
838
260
915
439
33
39
224
845
340
23
305
130
396
22
37
375
303
577
750
731
772
301
558
596
667
148
99
760
850
530
696
41
790
611
480
823
650
704
20
991
79
325
473
475
700
862
850
355
439
953
438
563
254
348
511
273
497
610
33
699
492
729
740
635
692
220
810
694
276
831
37
355
508
510
830
208
724
33
915
163
986
354
79
592
702
590
865
551
553
898
251
45
979
343
32
671
564
843
365
192
674
403
548
534
265
730
95
990
115
10
505
101
716
936
45
771
527
910
322
80
160
925
477
139
269
510
162
833
353
880
377
379
283
925
913
900
656
8
242
771
371
100
225
87
36
622
858
563
533
533
995
45
458
825
185
727
687
699
912
40
579
290
771
214
567
36
467
223
397
709
347
768
161
924
207
198
546
66
113
431
951
461
477
409
286
14
489
973
713
401
365
645
43
488
859
611
524
678
834
273
388
533
41
549
809
601
99
708
19
213
139
970
26
968
379
312
982
868
637
48
622
2
45
665
490
904
276
366
935
463
640
323
348
33
224
158
634
676
866
653
241
357
623
267
326
355
579
660
575
216
708
197
570
753
863
60
10
491
778
945
954
418
620
303
452
196
813
438
224
679
92
465
36
67
732
714
422
663
375
350
231
435
547
801
189
762
213
551
254
992
848
560
410
820
215
214
368
28
5
593
59
97
58
448
516
143
162
939
806
889
289
38
325
188
839
514
303
53
417
557
45
265
469
807
437
685
374
805
65
379
398
125
828
809
925
344
952
87
635
758
977
276
148
654
465
340
520
768
393
937
677
790
554
498
949
991
183
675
148
601
54
547
726
234
708
3
579
660
90
214
770
419
491
271
73
308
611
593
428
4
882
457
146
436
955
447
779
491
123
280
92
529
179
170
764
887
173
343
899
615
909
669
387
752
940
812
60
903
758
840
907
640
297
405
429
605
853
560
448
328
840
892
857
19
62
621
906
587
316
805
554
226
827
941
978
119
106
391
23
864
583
282
504
233
40
285
838
245
846
286
573
38
530
430
58
592
404
316
531
720
474
85
298
653
379
277
772
485
20
147
349
603
782
205
836
822
843
26
67
41
664
992
79
194
774
489
786
178
158
669
251
632
107
549
637
486
178
409
323
198
909
24
154
691
229
990
513
424
17
932
465
681
924
897
228
698
738
366
229
896
36
480
880
143
381
517
981
560
279
304
110
188
328
264
231
909
607
744
334
976
28
151
9
304
400
237
2
139
604
583
35
640
415
916
135
797
433
116
709
712
772
171
252
100
788
483
9
747
227
695
723
607
847
732
911
599
322
266
738
926
849
774
918
617
690
405
766
475
873
475
540
645
998
792
745
786
276
106
533
503
802
608
463
1
341
726
600
15
992
339
941
194
465
211
811
507
616
577
334
489
404
874
486
402
667
231
541
943
337
426
798
491
35
261
844
728
988
797
743
332
488
36
526
953
247
689
812
215
266
146
56
22
21
542
777
688
125
670
631
814
96
429
306
131
43
502
211
31
299
954
363
787
990
242
92
589
931
904
804
550
51
212
572
424
106
701
112
231
371
95
46
468
524
704
951
567
206
163
950
858
117
314
997
460
556
90
49
839
346
206
389
749
770
314
173
877
15
637
460
387
732
506
207
609
562
510
176
121
673
479
979
143
793
976
955
701
418
356
892
765
562
282
514
685
596
40
914
963
677
374
702
410
881
909
19
795
420
547
916
445
26
247
588
171
576
543
224
994
900
117
111
814
751
978
851
347
18
765
662
695
140
365
457
373
626
828
168
398
728
85
844
106
332
784
278
260
680
854
255
932
323
718
98
74
696
950
773
714
67
436
762
207
801
571
932
779
400
101
178
480
538
374
586
870
158
864
483
190
71
738
122
394
456
573
469
153
875
242
219
942
30
333
502
183
905
434
963
657
535
493
137
73
867
723
296
25
940
779
568
11
869
42
405
677
615
226
830
490
821
402
433
851
735
935
387
640
369
350
649
257
195
786
330
62
510
978
439
450
757
7
813
978
50
570
656
665
149
838
156
970
240
941
173
328
228
560
320
949
262
970
206
457
756
889
871
618
867
311
420
977
318
233
955
720
156
611
386
305
450
894
275
42
187
800
370
415
361
691
716
975
13
923
785
769
164
656
740
383
967
160
360
638
746
668
358
902
631
744
207
81
990
834
476
177
634
198
944
347
889
661
323
254
936
460
24
100
116
116
483
436
276
196
74
22
216
784
924
847
881
131
281
871
965
757
401
952
955
697
299
197
710
622
451
646
434
827
98
551
943
934
339
572
482
413
594
698
197
871
545
78
354
826
302
672
935
55
624
891
752
923
440
463
898
243
461
332
71
560
235
366
846
574
938
328
339
885
26
889
756
571
319
110
750
621
782
685
676
758
928
781
682
368
244
580
612
705
264
35
617
500
753
463
74
44
791
766
929
169
655
37
93
974
499
843
948
634
528
976
392
809
757
74
177
353
6
141
411
271
528
28
771
282
844
197
326
987
963
607
157
970
996
250
945
847
93
245
481
973
221
226
782
331
300
312
684
659
453
95
930
982
476
53
616
672
602
294
659
566
253
168
536
249
418
833
96
863
78
930
189
300
156
323
631
808
635
667
467
441
115
749
775
943
154
391
615
757
685
626
675
290
795
563
539
565
397
987
781
827
917
970
479
73
645
462
882
281
130
701
74
597
451
849
540
605
592
507
714
629
133
389
919
280
953
458
846
702
797
979
881
715
301
361
140
946
823
22
579
305
76
653
902
527
854
794
484
446
301
199
75
787
940
994
67
245
804
265
299
602
596
181
317
897
894
809
844
717
184
423
375
260
429
629
787
283
776
623
730
77
174
805
216
467
152
636
712
956
253
364
910
850
545
227
747
439
389
591
508
573
367
235
833
796
217
972
79
993
595
809
422
122
967
639
589
471
275
653
427
528
17
338
730
914
917
478
353
306
69
214
231
788
801
64
584
18
36
664
11
984
825
786
458
144
425
47
615
52
700
395
932
70
85
663
984
354
141
690
661
562
256
244
703
57
309
287
428
697
303
439
33
481
577
491
977
2
890
593
406
943
340
691
13
425
354
349
779
847
39
792
761
295
37
464
705
698
104
133
747
759
924
781
240
502
624
218
504
515
163
263
810
503
954
175
280
660
524
411
859
916
556
620
211
593
437
916
643
541
401
390
652
326
523
893
828
148
463
684
15
626
947
825
481
901
352
113
913
876
524
772
792
80
393
356
25
182
624
668
75
26
411
727
352
934
972
532
82
435
216
449
61
164
626
894
417
978
7
331
855
884
455
999
964
200
355
990
382
332
10
809
358
421
537
62
708
509
594
142
945
810
592
358
326
218
605
96
197
964
779
404
848
234
403
813
435
111
155
169
443
165
979
153
939
868
567
647
377
161
789
674
323
381
385
2
952
990
98
149
954
877
905
155
111
660
968
546
771
123
68
566
640
47
71
579
915
638
578
644
151
720
319
827
101
56
829
405
398
927
906
704
156
811
859
267
472
827
166
595
302
234
514
295
281
937
226
548
928
805
192
431
525
863
258
978
919
439
384
317
366
290
374
874
454
233
142
278
413
308
873
67
894
739
362
527
677
589
75
605
746
619
388
623
483
647
601
754
86
337
424
805
980
798
679
434
31
173
712
796
833
937
864
727
29
226
606
706
815
33
663
913
653
51
536
488
50
490
242
489
827
666
646
807
464
677
593
848
203
657
644
36
947
508
116
976
735
722
34
902
108
49
816
761
452
704
249
855
194
491
344
22
158
342
181
974
19
127
822
222
136
467
611
83
327
727
411
62
801
445
317
909
846
485
22
299
189
271
154
736
115
850
110
625
192
643
599
563
770
774
138
907
593
749
342
920
828
106
335
981
903
4
243
750
489
265
401
30
889
907
118
4
757
228
981
301
872
932
216
994
706
354
901
651
455
596
924
635
702
611
617
605
615
860
707
456
477
108
838
366
15
957
722
124
537
703
425
409
636
642
404
694
348
657
698
804
253
974
439
307
585
408
265
552
620
972
360
98
81
550
816
448
859
539
573
397
594
350
806
582
992
210
629
341
220
327
497
825
301
288
133
238
697
750
142
669
722
502
119
155
404
936
956
264
827
529
661
773
879
467
356
224
30
337
917
602
664
414
427
317
54
912
907
103
662
49
773
737
903
892
892
307
828
200
923
7
729
584
781
961
404
489
185
786
826
454
388
842
220
815
511
274
80
418
378
742
819
503
479
74
395
724
733
576
924
657
935
6
241
716
967
645
557
504
783
383
958
171
225
530
339
88
804
419
858
534
161
29
37
993
103
433
69
837
361
345
846
296
351
87
365
670
85
922
526
868
658
836
392
235
366
731
324
523
150
182
57
663
212
95
656
667
880
77
504
593
423
350
241
126
790
606
149
227
881
675
447
539
864
839
774
582
922
98
105
72
633
163
736
197
610
744
864
842
822
721
435
245
423
676
723
213
635
872
792
516
900
240
55
764
431
829
346
354
280
804
778
265
967
514
462
929
611
326
771
433
399
206
678
823
234
401
388
869
626
181
385
526
773
792
642
556
974
340
262
606
144
41
871
111
907
333
40
518
11
811
951
763
369
981
586
956
735
326
825
361
859
563
239
632
355
881
541
681
221
803
287
366
196
158
829
104
843
870
974
207
33
926
970
755
259
908
711
994
234
888
707
94
803
946
78
511
827
619
192
401
775
480
767
323
990
948
427
186
170
402
393
556
680
715
311
939
975
374
286
209
614
993
655
418
940
734
929
119
705
121
520
832
953
639
156
296
940
935
482
110
689
227
666
369
294
977
309
269
703
595
830
318
940
486
736
880
572
17
352
629
138
224
462
444
216
970
740
156
905
222
266
595
449
933
316
95
262
977
364
966
924
194
636
865
32
724
97
604
741
449
234
879
674
48
675
242
18
415
398
275
989
664
222
790
949
539
885
564
516
249
882
441
796
518
306
828
242
755
785
983
205
19
214
231
419
890
473
437
657
223
64
999
239
287
789
541
826
27
105
694
628
987
487
424
505
145
605
99
901
390
82
106
761
648
689
532
890
514
969
900
737
385
899
328
672
688
869
850
67
974
897
696
961
384
120
818
882
77
917
783
819
351
241
580
352
930
112
242
796
433
494
885
171
393
213
195
434
435
46
501
761
295
197
75
679
670
893
561
747
163
696
567
866
937
499
218
219
964
813
367
749
307
252
920
53
818
116
487
253
514
988
14
809
538
441
840
208
335
754
307
850
802
226
68
740
78
639
311
42
452
679
143
111
283
416
516
101
884
3
706
750
344
73
911
234
514
103
442
201
209
101
51
12
328
120
104
406
759
415
800
563
446
295
26
730
63
543
183
947
898
890
49
242
963
960
476
829
416
270
31
625
724
434
637
52
906
93
810
665
861
962
580
307
257
959
37
673
502
573
972
400
463
22
995
778
334
823
607
750
446
990
376
170
425
365
222
683
459
384
701
320
346
281
979
955
240
369
628
94
942
601
495
405
975
842
535
309
665
494
60
111
485
436
281
262
801
855
945
612
239
998
284
937
280
264
245
872
633
225
319
575
178
166
332
153
8
867
463
673
713
523
137
198
311
770
812
464
626
110
77
217
108
361
507
740
977
752
965
962
329
284
537
508
450
221
661
458
440
124
483
154
999
972
704
310
743
869
775
721
979
204
290
439
565
797
532
895
901
497
857
231
781
747
91
231
968
752
41
761
229
876
915
228
849
971
539
592
840
666
665
171
870
955
963
435
105
495
682
358
992
540
589
125
287
32
708
607
785
749
368
14
625
635
242
826
607
133
418
799
799
83
971
669
391
286
457
496
781
139
854
125
31
796
250
318
828
310
278
965
59
646
979
36
282
574
863
241
707
633
40
859
69
363
528
460
649
985
308
782
477
514
259
508
662
861
179
491
171
457
456
582
455
788
971
737
362
834
330
421
819
723
280
888
86
161
700
88
498
360
222
975
875
482
836
537
695
367
380
867
824
189
801
631
977
772
721
691
958
51
464
778
774
745
18
213
258
719
301
756
431
875
84
306
709
272
196
405
639
928
272
815
117
73
446
446
198
167
137
156
571
954
934
345
51
953
910
309
24
211
65
455
439
501
114
148
773
662
553
764
590
177
579
708
603
378
154
801
545
644
309
116
598
244
814
649
549
724
310
573
288
375
380
79
229
846
227
2
508
133
767
451
662
698
511
265
76
665
418
622
661
728
90
611
324
256
612
873
981
922
798
621
650
530
700
879
377
279
881
237
412
0
688
75
699
199
692
775
217
463
749
230
543
192
842
867
448
454
92
781
729
242
754
379
772
806
258
501
86
491
91
498
844
131
925
543
683
970
670
252
433
772
482
328
316
676
195
116
483
639
250
212
881
4
591
653
811
201
507
249
692
598
747
536
729
25
431
412
347
454
664
780
578
499
108
894
175
655
10
10
294
612
222
175
617
165
180
780
366
687
29
411
637
128
299
719
505
731
483
852
185
500
984
763
999
444
9
526
99
371
889
745
984
463
272
953
629
453
733
347
492
114
110
482
242
410
201
100
141
684
952
678
536
937
793
887
381
802
414
833
525
303
578
509
766
851
462
747
656
547
447
500
661
557
982
256
967
535
356
460
220
308
138
108
245
931
996
979
85
410
812
963
65
742
472
183
945
935
283
953
834
730
454
496
287
436
752
607
972
108
67
544
416
206
652
14
489
0
345
927
762
509
890
827
251
714
363
549
1
646
502
836
728
956
332
367
745
84
974
69
544
394
613
312
952
617
326
441
618
23
720
380
532
962
560
136
677
275
685
30
273
187
866
1
144
198
720
889
634
47
958
530
441
923
843
393
892
521
186
862
545
259
595
77
221
155
213
250
782
898
281
55
438
147
408
934
698
128
823
684
175
133
215
616
408
410
361
652
931
548
515
828
807
110
906
380
617
471
631
399
722
264
806
512
763
214
446
813
342
269
498
518
754
65
486
514
475
848
166
758
748
681
587
907
143
845
287
760
668
270
511
390
534
317
902
650
883
348
463
226
969
961
96
75
378
934
941
853
782
108
964
882
141
551
789
285
748
77
397
416
699
261
159
586
930
413
236
814
114
699
392
435
661
488
863
39
774
804
245
557
912
209
791
406
112
581
43
860
10
792
628
709
53
787
295
336
201
531
150
667
231
894
102
244
382
965
635
156
122
880
65
34
441
209
792
905
790
835
117
152
628
746
861
33
533
509
369
86
392
871
105
975
765
208
219
147
525
855
656
647
87
73
34
881
282
826
786
424
14
904
576
642
2
790
27
535
299
397
974
43
268
79
19
34
639
238
533
165
445
541
164
885
615
198
118
249
377
256
674
391
160
602
385
514
392
412
402
43
809
376
87
430
807
106
464
799
696
349
964
494
891
480
379
858
679
849
459
56
105
485
799
618
88
184
132
832
596
534
228
758
262
315
188
70
773
4
869
821
353
185
315
596
665
46
806
696
895
266
752
1
103
903
971
191
87
103
376
684
638
604
794
900
271
982
322
44
338
191
865
691
728
533
640
746
579
446
442
827
64
547
180
168
450
151
711
538
254
87
574
244
691
368
145
314
702
467
358
40
11
576
83
91
109
723
837
40
522
280
867
586
827
399
754
277
550
466
167
157
905
93
401
949
813
546
263
515
366
622
907
729
550
991
820
11
66
658
51
588
938
271
175
117
670
281
746
573
99
914
730
5
359
131
954
173
30
217
40
748
191
948
477
93
939
297
104
5
307
156
946
245
779
121
714
801
754
461
374
854
727
456
859
86
588
813
611
970
382
652
718
926
600
195
19
891
844
124
248
152
632
194
749
411
667
464
212
422
277
939
628
356
395
487
442
335
652
406
305
386
58
375
312
658
922
332
901
119
456
149
271
440
344
372
851
363
188
415
137
465
706
765
821
102
604
616
789
256
22
447
643
80
822
307
90
97
639
991
216
447
140
487
239
836
211
90
552
400
858
689
217
916
807
391
370
411
359
160
20
381
607
663
813
781
322
255
230
314
598
446
113
90
285
353
279
497
795
831
249
5
872
466
922
679
209
292
91
568
452
111
301
411
126
466
545
800
73
775
114
671
222
228
762
507
581
41
356
728
224
605
734
96
424
656
776
985
948
219
906
753
682
207
164
160
26
61
960
99
837
75
771
411
655
885
270
588
278
627
316
502
584
50
598
360
706
726
698
7
945
604
760
979
811
924
139
189
338
100
289
527
527
412
938
534
649
208
122
927
187
438
429
124
841
27
836
899
106
534
906
51
138
666
31
302
943
522
843
281
974
132
808
853
896
98
387
897
658
509
824
198
300
605
674
141
985
510
40
91
397
947
494
535
965
877
189
908
400
33
541
374
517
701
228
766
799
615
663
458
477
840
656
777
445
682
270
430
192
662
873
589
961
368
477
927
245
18
187
997
403
729
372
921
782
952
39
582
919
702
392
748
894
400
877
340
82
147
122
274
162
348
216
123
716
45
402
313
63
590
311
467
671
683
740
453
987
779
387
906
833
779
7
728
179
884
420
261
384
894
888
546
242
456
669
310
501
424
624
916
366
935
735
37
970
827
842
957
958
230
215
144
9
222
224
541
107
644
154
491
890
42
389
485
850
410
795
351
834
419
620
200
706
707
589
676
535
432
985
493
14
201
637
23
775
861
916
234
857
71
77
100
465
466
585
316
877
732
19
63
504
639
264
210
699
853
887
234
637
224
79
651
425
69
27
553
282
943
787
492
14
865
592
832
683
529
148
560
261
167
624
765
159
240
328
858
445
567
444
83
791
875
86
569
296
113
122
579
57
261
423
423
126
15
255
162
896
755
722
509
275
698
275
434
290
955
644
736
522
440
819
313
315
905
882
612
371
4
543
780
266
966
203
744
333
811
906
229
566
981
90
193
31
365
627
322
672
623
58
194
415
229
508
83
486
742
695
857
99
590
637
717
556
193
461
241
356
720
822
274
53
912
468
84
630
447
406
302
423
816
497
838
45
357
921
884
99
968
93
198
558
83
915
466
628
729
707
984
449
529
258
854
442
78
938
72
526
697
726
949
513
223
787
911
580
61
147
32
29
240
230
588
323
498
54
951
227
114
287
28
643
898
882
437
976
820
861
854
517
588
155
383
163
943
646
96
356
793
128
385
33
358
973
709
856
380
12
435
494
300
463
489
198
345
279
526
518
492
381
387
432
536
122
596
831
768
692
539
561
172
925
947
882
250
656
91
630
20
526
476
320
342
318
870
687
949
749
557
441
482
945
874
370
67
822
554
188
866
93
749
38
18
696
920
269
704
363
251
725
242
80
397
584
750
620
623
699
369
181
492
851
478
366
573
897
188
127
85
54
221
187
444
591
883
717
212
940
80
464
17
674
896
414
258
646
34
882
697
755
415
189
958
893
908
532
142
96
11
228
503
232
767
299
824
650
16
388
942
449
204
959
475
100
374
734
98
760
968
147
868
383
337
826
628
245
710
770
693
722
350
548
954
117
848
130
120
216
519
414
17
75
374
493
176
100
227
626
860
547
774
80
930
111
907
558
708
617
680
401
691
383
950
998
852
150
128
324
718
999
739
736
75
113
581
603
565
160
229
777
707
355
858
637
466
117
547
526
86
579
928
778
314
230
776
167
732
256
843
450
256
582
186
683
47
767
638
612
927
867
390
986
223
600
623
41
717
522
568
803
102
848
581
416
78
357
935
810
614
779
612
222
713
799
257
761
918
895
725
198
114
467
184
689
67
160
83
784
682
651
940
136
851
521
905
281
231
192
443
845
323
55
419
37
206
676
150
125
923
227
675
37
695
211
79
114
371
162
899
406
165
839
894
16
712
799
297
943
992
92
140
315
147
559
704
354
587
854
831
862
82
506
252
129
717
331
243
441
493
494
847
10
685
741
378
398
893
675
341
237
119
834
904
266
393
609
972
333
815
803
195
249
661
447
730
731
130
974
524
975
468
723
985
506
816
363
904
709
390
597
946
509
431
203
128
177
164
100
510
979
256
57
581
917
505
311
0
635
637
524
963
458
247
948
964
64
664
868
125
54
817
424
916
249
627
44
426
791
144
288
122
400
345
55
670
202
367
22
838
4
547
153
462
146
101
778
210
765
998
688
172
816
112
88
65
91
132
843
882
628
131
356
381
828
412
51
31
131
425
221
135
972
374
950
119
475
80
681
593
79
369
765
895
833
205
312
924
337
155
158
317
638
515
698
466
279
101
497
410
527
718
545
499
92
847
970
920
928
4
513
359
725
630
254
559
835
566
835
172
73
994
489
711
861
540
529
140
641
27
550
520
97
447
372
190
647
342
110
927
698
975
286
424
605
540
335
440
106
170
612
531
164
453
242
25
993
771
517
987
150
67
507
248
515
879
438
162
574
900
89
624
875
375
48
480
267
383
920
725
906
884
256
70
689
850
448
35
973
965
22
124
385
881
372
252
113
162
414
39
414
855
663
289
582
64
121
201
447
393
926
705
277
182
128
966
384
576
1
357
893
375
481
630
609
205
882
722
367
648
113
133
855
776
774
789
840
895
990
640
288
916
345
917
450
473
884
834
401
237
192
647
613
25
629
222
231
512
296
950
512
409
84
368
537
858
157
378
106
500
370
394
416
67
312
219
893
548
405
294
785
597
293
750
975
923
324
206
787
620
156
651
381
592
19
919
803
529
297
909
29
19
303
797
86
967
368
979
515
774
626
653
723
271
403
698
546
728
904
333
700
413
985
82
357
356
1
160
237
650
69
266
21
725
416
107
44
784
87
560
910
65
565
634
336
968
684
883
48
941
568
101
354
905
535
63
262
536
224
499
538
645
118
559
722
886
18
767
22
457
679
285
522
244
919
859
564
603
94
965
544
662
66
250
568
601
314
182
489
890
33
379
887
503
290
610
389
308
377
764
766
408
49
640
652
320
851
568
275
945
533
172
960
951
774
528
904
88
62
745
330
95
124
218
951
766
180
340
75
909
456
193
317
857
185
321
177
37
889
453
982
775
625
294
78
399
822
335
840
236
80
522
332
557
92
283
323
272
975
750
181
784
295
498
641
481
171
819
870
61
624
852
188
601
499
618
352
321
953
544
558
34
67
242
943
511
877
266
784
204
369
965
988
664
816
630
145
987
801
15
400
777
220
940
378
719
559
730
392
864
627
302
250
694
896
193
205
773
812
341
978
181
659
318
845
475
300
343
814
101
710
567
230
282
507
608
353
418
691
746
635
318
400
885
364
297
431
921
70
243
263
400
424
922
719
621
749
371
316
915
825
27
482
55
309
342
664
663
112
707
761
747
25
161
985
741
458
416
662
881
11
277
633
435
199
704
408
300
76
725
216
901
752
50
956
413
744
972
428
857
31
189
956
56
703
293
149
513
709
812
746
720
441
380
507
641
84
916
293
512
993
861
765
97
264
74
510
8
46
939
217
78
480
526
486
183
819
988
697
529
152
443
601
593
175
461
586
612
377
880
124
722
741
890
819
5
964
329
366
362
620
583
792
101
109
631
284
929
619
333
810
771
129
763
364
304
224
951
916
953
183
393
675
276
635
494
634
599
176
0
313
796
935
106
897
397
737
534
678
708
219
488
479
348
603
195
5
828
498
273
781
681
666
809
958
301
303
592
252
479
944
566
628
879
24
525
276
761
411
306
821
983
794
300
331
398
847
688
578
346
314
711
27
980
520
337
634
176
281
238
655
577
156
283
457
180
161
85
293
924
392
114
907
538
766
591
288
614
631
218
312
945
930
691
278
450
29
912
626
662
502
634
240
659
269
49
839
430
486
133
707
878
599
614
769
366
557
409
332
189
628
644
134
558
687
412
8
716
676
987
731
179
621
971
838
242
20
29
25
506
514
732
737
114
698
858
832
256
267
516
445
895
512
931
805
199
344
166
268
20
153
999
551
126
322
741
368
694
771
393
552
637
477
641
751
176
499
935
432
119
451
229
366
963
160
172
163
504
338
431
877
843
782
428
321
104
522
41
798
645
435
350
282
264
992
386
440
843
321
872
962
125
453
681
88
614
853
603
118
543
386
347
738
520
128
59
624
650
452
774
295
239
477
577
504
821
963
944
16
637
169
331
762
622
12
202
236
865
158
707
760
896
54
498
417
534
909
393
184
361
520
831
953
349
409
457
170
724
401
538
713
570
869
827
545
881
30
781
98
540
840
210
436
247
60
205
781
969
951
966
683
471
797
636
172
558
445
342
635
846
232
348
769
102
176
314
335
558
447
434
450
640
644
238
887
705
444
668
26
747
986
61
218
136
49
390
694
494
84
681
693
668
30
462
770
558
128
106
468
927
892
918
567
888
156
454
945
952
475
972
699
461
385
269
597
435
11
644
281
95
325
974
764
707
788
886
617
916
344
85
196
588
355
763
477
864
570
422
816
397
746
516
858
132
137
808
919
149
804
200
596
129
175
360
189
963
599
158
232
943
596
428
884
951
543
361
815
465
135
984
862
882
852
73
366
989
881
637
138
685
837
735
166
364
447
707
680
46
866
912
342
462
692
226
413
587
939
581
53
74
565
267
308
417
340
674
406
573
311
897
610
501
632
777
217
79
484
897
478
702
161
820
164
205
398
930
793
337
863
198
763
428
817
72
197
158
98
603
83
762
500
694
263
484
823
480
564
659
378
394
362
891
566
878
97
964
808
242
653
23
792
416
451
609
840
648
119
939
604
203
701
456
249
964
941
72
796
857
731
526
251
93
418
817
972
867
133
132
109
786
156
901
554
959
862
395
960
982
686
564
185
387
372
434
703
313
858
851
522
589
378
773
683
148
942
7
367
75
491
476
213
999
729
120
959
591
867
919
925
905
835
462
292
207
248
347
521
106
198
395
696
928
169
731
428
463
738
795
891
229
623
456
229
704
928
540
296
795
459
573
700
294
36
344
853
284
43
726
391
594
122
439
522
643
170
951
106
908
98
997
489
722
806
70
426
734
962
74
882
773
648
582
419
36
279
273
320
322
999
63
268
121
502
791
764
672
94
223
932
544
572
774
266
378
196
45
113
159
119
347
932
119
281
352
155
560
977
828
235
976
891
503
450
746
646
214
770
92
789
703
637
362
829
255
92
25
300
205
536
772
904
821
243
186
173
399
746
150
579
333
478
822
189
928
568
835
495
339
280
284
42
269
998
223
524
91
248
825
648
137
949
553
958
192
739
131
943
485
633
522
171
463
345
360
392
913
547
239
604
827
875
998
96
874
221
973
965
470
150
613
607
99
166
917
291
905
400
235
743
33
109
266
848
454
626
592
720
525
831
324
353
707
323
801
933
544
774
898
366
924
863
325
375
30
242
667
287
642
254
382
27
715
648
876
170
626
820
890
152
652
566
857
711
889
10
644
786
785
894
504
61
757
830
789
139
424
808
427
67
62
161
446
777
162
674
299
140
495
541
292
499
460
501
562
349
512
206
487
649
100
992
62
209
174
851
349
598
659
128
17
73
289
464
203
803
490
502
944
985
396
588
484
856
90
46
557
602
604
45
251
56
389
665
266
563
517
967
161
176
95
531
250
736
995
453
540
485
307
836
823
703
424
659
911
514
58
469
468
662
866
71
71
255
737
689
818
254
656
331
782
103
862
32
839
209
837
731
47
145
567
870
200
344
529
112
858
587
933
679
602
799
750
25
54
839
66
224
445
722
907
228
177
770
260
16
331
450
100
378
947
667
248
147
11
778
611
222
717
544
253
671
343
355
696
749
195
762
325
640
836
233
220
13
355
833
382
686
283
482
65
230
501
665
729
865
795
341
439
513
885
692
184
581
399
233
682
946
347
360
939
536
945
159
901
300
992
283
338
627
117
755
857
971
421
587
836
216
928
627
81
165
319
618
98
70
851
133
17
550
493
956
86
438
115
988
90
460
623
780
87
93
536
945
64
309
884
900
525
164
527
607
329
198
225
780
268
428
913
637
330
406
593
769
196
709
757
638
169
732
418
608
825
306
553
889
615
789
141
493
953
20
452
635
218
29
415
839
809
328
476
139
86
70
908
634
131
17
272
652
750
42
260
927
701
166
817
668
955
310
161
909
331
613
896
549
994
311
740
803
991
217
943
429
639
851
63
122
221
687
126
971
81
386
898
782
904
67
451
860
378
964
121
709
930
17
610
924
680
351
728
671
920
23
100
911
226
515
33
447
202
159
770
635
897
21
770
802
88
221
14
818
537
487
527
467
856
490
744
536
193
824
207
113
199
659
376
425
174
761
225
728
272
995
363
169
16
133
323
457
706
689
275
596
176
155
415
32
645
159
920
190
335
479
655
534
138
31
960
664
144
537
744
416
532
108
937
901
593
613
710
652
302
985
600
831
492
15
215
489
527
136
679
862
615
334
749
106
717
61
770
861
598
515
629
482
975
567
383
920
180
93
924
834
431
524
17
275
540
233
765
419
721
796
281
688
483
382
794
200
443
917
414
41
784
43
524
111
610
259
383
142
353
308
977
136
184
346
411
76
579
528
495
652
325
129
341
808
511
487
360
955
404
126
348
540
170
872
651
132
484
35
275
189
695
604
325
879
950
88
308
882
617
803
534
942
284
227
102
796
715
814
103
471
941
451
12
111
676
15
243
512
50
870
701
97
826
26
329
129
114
637
11
731
440
897
25
725
125
479
873
192
294
328
663
235
131
675
346
807
691
941
671
93
164
372
543
990
398
872
471
865
509
482
948
301
732
326
378
857
805
251
49
99
579
64
334
711
740
32
870
783
326
542
228
490
266
771
832
665
995
304
882
504
138
830
806
870
156
184
79
314
788
480
413
719
545
100
782
637
132
5
772
458
899
352
300
165
124
485
182
119
789
64
976
279
247
134
150
755
670
581
69
458
414
483
530
959
583
312
948
67
317
72
878
216
424
178
382
900
663
564
372
804
981
348
84
228
482
586
335
152
519
405
963
933
240
493
244
175
157
192
242
475
264
120
43
41
651
777
941
666
694
313
471
27
13
907
255
847
845
942
352
364
347
667
650
587
160
894
762
669
439
357
496
55
477
540
96
480
669
390
147
715
703
970
742
69
229
349
268
74
292
620
790
639
287
440
579
799
687
693
469
126
50
965
181
880
857
630
360
879
20
859
594
75
829
337
144
58
686
413
484
330
385
275
322
25
67
901
824
106
946
645
232
349
611
766
581
820
396
941
699
768
153
294
843
982
631
340
393
669
105
877
0
842
504
322
867
924
575
692
30
873
337
615
222
300
381
803
121
129
97
820
249
250
466
444
584
449
784
329
119
241
559
471
84
415
145
951
339
720
995
722
945
333
337
168
633
70
323
106
551
420
279
800
22
745
244
959
195
381
640
666
622
199
489
58
615
634
10
306
706
5
28
651
690
717
171
676
139
495
782
690
267
61
842
642
807
439
601
354
820
241
372
794
793
861
853
760
495
215
418
553
220
799
204
263
516
376
939
8
223
721
698
490
135
893
132
294
332
85
648
504
679
20
298
472
233
503
584
80
718
2
633
291
801
189
554
670
565
493
678
140
566
728
631
701
621
115
995
953
201
995
457
880
367
108
704
600
611
288
680
682
642
665
973
444
855
527
466
772
372
144
913
938
872
896
992
494
11
339
799
212
335
609
444
702
717
148
655
680
788
687
362
431
353
687
227
560
566
693
332
938
189
597
229
413
493
221
259
505
912
59
717
247
20
162
302
89
662
309
769
451
996
484
234
701
171
813
261
738
858
946
28
47
543
257
460
37
830
72
894
743
131
963
342
503
125
996
592
140
305
713
591
654
549
177
355
73
990
969
811
848
915
191
247
810
801
59
199
983
131
93
78
614
57
421
117
534
417
61
674
75
775
617
729
324
794
436
397
136
757
560
336
672
104
583
835
905
643
34
888
126
128
967
741
185
740
210
71
509
272
746
584
399
715
665
723
510
102
473
998
211
385
335
884
489
918
71
394
913
105
635
392
233
602
133
770
342
695
194
851
967
940
788
366
655
453
442
517
907
267
868
119
652
203
355
142
473
426
888
739
531
523
131
117
125
616
239
819
663
433
23
631
725
811
349
733
616
791
602
524
410
470
995
63
25
350
557
851
128
445
590
11
321
73
128
798
41
720
618
704
505
993
335
583
156
37
668
772
180
622
648
591
445
643
6
470
345
563
321
473
360
263
485
681
336
965
480
729
37
450
434
543
795
121
478
951
158
146
723
691
768
372
282
213
367
288
36
713
203
709
538
563
973
23
245
661
341
77
391
378
879
177
273
674
298
751
625
809
249
700
500
370
72
134
583
440
774
971
505
977
681
43
540
654
419
137
667
112
566
58
842
445
587
116
471
886
219
96
47
821
797
899
191
221
385
126
13
159
98
518
488
779
914
380
785
685
518
452
149
436
863
991
234
450
459
705
688
31
802
735
852
951
986
43
172
371
521
538
530
619
56
370
750
322
751
535
359
621
340
508
57
203
852
291
653
311
997
342
694
151
429
546
454
416
941
626
139
463
164
22
434
573
392
185
247
143
72
959
116
412
819
174
615
671
817
621
335
166
315
29
317
744
928
771
512
869
750
652
684
266
26
119
191
418
656
791
914
728
750
30
493
569
204
108
593
374
81
280
540
396
661
210
493
589
333
5
811
435
9
495
702
35
966
245
806
622
36
720
703
138
750
196
708
307
304
653
681
386
933
573
134
594
783
627
536
117
985
347
904
994
842
606
382
809
204
540
431
240
260
486
379
362
682
439
669
339
444
702
77
377
276
211
323
411
839
859
880
824
206
785
170
401
743
552
210
947
92
993
188
704
480
919
67
514
710
88
853
154
791
930
531
419
142
206
830
333
418
63
157
976
848
679
377
591
584
939
539
676
933
79
733
765
350
152
279
60
240
485
214
383
415
97
154
909
655
337
242
73
400
751
50
248
431
427
839
15
367
730
43
652
161
776
417
511
280
48
571
521
885
137
256
301
234
411
562
890
748
157
963
148
908
365
396
339
793
587
706
512
670
750
164
831
878
933
343
159
333
266
32
219
404
288
872
990
51
434
880
799
591
196
299
500
561
47
191
706
987
898
218
657
0
382
488
230
667
183
389
1
802
773
572
206
62
444
196
113
878
429
265
822
977
916
674
538
964
217
245
951
467
815
608
467
550
448
698
217
984
439
570
786
213
142
344
627
586
892
740
817
321
357
639
298
274
665
189
590
882
786
541
350
601
501
817
151
301
867
721
285
659
291
423
872
434
767
499
372
660
591
541
333
301
532
632
575
197
821
165
80
959
58
782
560
559
951
712
212
819
433
498
478
76
921
702
862
41
201
235
701
144
128
34
445
661
18
20
858
191
537
290
150
947
72
711
858
24
775
71
843
560
921
673
636
842
375
851
235
928
438
936
72
566
323
518
227
341
890
86
885
780
728
35
727
801
98
586
825
873
657
20
785
578
693
774
772
420
625
8
348
63
296
772
629
619
290
209
313
181
647
198
961
375
233
40
176
332
626
353
557
635
373
343
565
418
117
338
190
742
698
890
157
994
663
138
966
305
347
279
838
994
829
151
722
62
192
898
746
170
604
304
806
977
999
371
748
116
61
938
210
111
829
367
458
844
857
776
149
205
55
988
551
884
139
273
298
331
524
397
502
128
53
660
457
52
383
205
520
797
496
730
908
677
449
718
521
306
494
670
863
901
10
415
137
150
40
788
833
916
185
687
396
238
699
854
642
83
411
162
232
259
892
492
936
693
211
457
351
57
480
215
959
842
982
96
992
22
884
178
291
421
217
687
659
917
893
653
352
305
815
584
564
59
76
853
752
287
310
104
345
142
671
656
985
653
104
329
675
989
859
966
762
77
6
774
994
899
427
698
204
243
282
121
302
358
974
407
998
636
511
695
131
182
351
116
187
455
797
862
796
657
181
559
734
187
685
80
438
112
778
643
355
60
116
10
770
442
417
120
430
280
167
913
814
870
29
1
678
179
863
474
836
396
385
922
935
70
2
374
535
132
369
890
544
837
900
314
279
317
787
61
949
954
975
763
825
356
764
503
887
980
329
723
376
67
997
664
137
351
38
24
483
407
915
27
596
167
694
875
837
481
288
786
787
615
550
612
972
314
115
859
294
445
935
23
864
932
687
353
284
725
378
119
484
293
147
80
460
193
307
649
26
947
436
813
563
986
426
887
300
893
98
947
690
33
970
554
318
657
908
954
734
286
73
218
931
572
650
743
765
957
393
143
904
829
957
467
815
735
706
467
628
805
414
319
838
384
225
508
393
133
462
127
771
888
697
702
460
347
446
578
656
839
721
913
668
30
380
835
765
439
302
746
244
69
417
82
805
642
943
199
128
405
678
899
293
376
602
106
75
48
684
732
239
757
645
259
788
377
94
553
816
396
299
412
817
716
495
623
711
438
822
839
195
852
738
489
580
692
595
656
92
631
740
331
388
737
590
528
466
684
82
635
433
733
47
602
802
894
225
865
684
399
704
880
252
794
721
832
487
668
488
931
299
580
263
39
317
205
568
136
242
2
771
27
87
818
629
241
713
855
106
397
254
162
629
858
309
350
691
796
370
531
79
21
112
694
61
781
900
981
269
494
983
40
873
422
859
502
664
924
709
122
673
316
637
303
174
946
5
865
742
728
749
173
749
213
868
810
994
120
143
264
614
478
656
487
901
867
341
917
791
51
391
817
367
28
472
893
974
829
759
68
557
508
242
307
721
110
469
67
582
613
683
196
91
340
35
344
559
728
261
703
779
5
520
498
33
344
392
8
173
503
76
731
363
670
38
436
132
507
503
714
472
539
262
564
231
297
908
790
378
522
845
157
527
365
8
560
709
400
920
235
255
997
966
618
19
356
54
152
215
909
866
688
448
129
252
31
778
512
174
156
34
19
666
913
737
674
826
798
426
746
33
681
95
999
651
115
707
705
267
923
966
485
611
767
966
863
798
97
727
324
605
114
344
271
27
81
297
853
879
75
600
913
108
695
264
111
162
972
168
781
895
135
267
506
902
233
721
52
682
800
377
288
914
73
911
942
154
561
795
385
636
747
298
97
795
915
208
957
239
377
739
134
512
358
992
766
591
65
170
626
865
547
914
780
972
825
722
126
386
869
512
375
969
162
472
764
429
32
73
668
409
164
802
273
522
146
391
466
211
562
92
429
461
6
209
434
183
283
912
922
504
776
297
473
291
121
589
720
505
663
389
267
179
543
892
702
42
284
520
253
198
612
682
11
970
243
797
505
526
62
427
383
838
76
856
481
549
446
202
55
461
943
322
640
486
566
694
528
202
214
134
400
178
168
764
500
764
913
6
642
975
433
25
166
862
882
647
411
680
849
818
493
144
492
485
631
59
180
511
261
746
997
14
277
166
778
777
930
43
783
572
19
569
950
537
431
832
184
842
864
386
661
357
530
153
194
513
212
374
25
826
473
374
840
750
540
970
527
822
13
663
747
384
232
697
921
663
881
458
505
97
844
518
454
726
672
648
240
236
375
617
62
200
991
902
950
884
224
829
58
238
492
157
974
724
206
896
387
87
706
245
184
902
763
990
628
435
991
220
24
718
837
86
918
181
341
220
417
565
49
827
155
542
985
130
618
191
378
6
631
436
603
815
338
366
158
966
154
501
187
178
219
376
616
137
909
309
357
678
875
758
506
382
300
491
864
271
34
242
629
665
30
232
833
368
950
343
335
104
844
874
634
63
602
603
552
512
912
909
190
139
667
48
522
320
539
386
591
574
981
572
591
11
804
424
732
754
767
67
211
963
293
197
26
895
152
578
759
417
839
302
556
859
350
430
531
242
169
474
168
502
46
759
513
850
536
597
956
655
664
519
619
309
69
645
557
221
576
668
990
415
970
547
274
673
329
157
915
498
631
83
0
677
194
866
879
730
463
836
386
480
707
5
789
128
650
698
350
578
367
340
994
689
239
620
362
569
778
629
67
409
712
420
439
907
286
318
989
749
506
375
229
566
380
371
694
383
69
396
961
788
737
307
478
328
280
192
249
410
822
317
171
534
89
610
793
375
929
783
476
787
510
58
353
243
429
48
626
850
444
939
991
533
599
469
214
231
661
463
641
483
132
812
370
221
423
515
948
704
650
425
843
161
483
197
404
264
597
382
466
393
321
457
927
272
278
141
503
292
956
144
127
89
309
497
310
84
365
611
140
15
36
983
176
871
532
580
135
481
962
953
875
636
763
802
260
41
295
764
333
251
260
461
692
569
310
355
5
675
966
145
43
2
481
219
225
365
152
360
847
114
665
722
102
428
524
363
470
171
479
155
774
91
968
467
13
631
822
18
658
140
516
701
494
997
921
719
362
425
79
209
891
96
931
994
525
807
709
347
330
188
854
105
631
823
924
644
454
98
663
464
238
179
166
732
528
439
451
242
864
882
452
755
978
735
749
855
895
810
202
225
350
57
682
982
232
958
626
38
56
641
502
294
820
668
378
700
459
181
943
323
415
747
79
394
482
180
601
729
991
156
307
341
565
989
675
797
300
302
187
356
943
689
3
116
710
381
168
169
915
111
845
330
858
924
76
693
456
678
774
447
834
81
141
399
423
168
548
723
822
735
431
766
776
434
234
486
168
402
8
83
866
853
765
76
129
842
121
585
872
896
385
706
329
878
457
104
398
357
827
221
92
611
339
868
45
573
707
213
327
67
648
193
272
414
622
753
608
743
338
480
991
75
538
321
305
995
425
704
704
605
277
796
216
616
16
261
189
75
827
868
142
827
414
414
593
36
167
201
131
858
681
123
285
219
444
943
566
221
999
270
826
276
418
394
892
787
656
433
862
835
301
357
14
67
123
608
455
643
809
587
501
843
710
138
414
506
433
333
727
432
955
906
708
726
300
952
513
308
385
727
495
39
84
510
106
208
118
562
851
279
501
704
474
211
842
889
69
276
574
148
60
529
54
121
255
707
73
120
15
459
848
511
498
932
21
956
140
491
870
343
122
371
47
597
934
242
838
3
870
412
152
930
293
558
51
901
265
125
373
281
936
221
144
786
506
517
742
998
8
613
342
482
336
741
431
271
983
269
274
853
33
778
136
679
337
187
932
602
664
305
235
600
879
731
738
385
248
481
735
608
446
77
91
782
819
522
53
154
144
680
8
529
458
144
208
795
683
140
750
700
798
337
652
677
69
391
414
317
224
149
278
670
579
369
804
398
243
858
552
387
890
912
269
348
408
477
496
92
970
598
144
768
935
796
445
4
187
211
674
411
360
952
81
939
673
238
689
268
448
594
8
338
506
277
686
267
754
534
711
76
132
855
844
68
651
641
424
839
852
450
602
565
754
36
504
779
274
546
48
722
140
56
60
998
685
98
265
439
633
976
868
117
183
712
185
835
706
962
26
910
764
628
475
519
664
332
298
938
230
346
660
370
754
72
368
439
171
986
231
156
314
99
273
498
163
811
685
221
125
711
132
889
339
959
408
4
643
59
294
873
405
307
595
512
379
316
303
902
302
534
410
968
985
684
466
149
847
151
722
972
862
206
861
554
166
622
910
161
681
204
35
438
863
982
950
243
298
254
497
600
140
908
921
126
944
387
627
791
891
349
763
105
556
976
659
74
598
921
235
631
478
622
70
341
605
372
936
903
978
434
856
119
694
777
597
638
516
224
429
759
925
544
865
833
872
876
907
823
798
495
454
276
469
524
617
74
897
554
330
875
340
538
346
34
667
943
672
535
519
453
295
445
349
160
630
573
36
538
396
834
385
851
462
854
375
432
281
624
986
963
852
678
853
198
712
872
142
736
407
13
541
54
810
242
214
441
815
603
979
212
789
716
415
604
570
790
36
203
767
22
166
619
52
371
817
116
243
311
852
651
325
745
57
135
339
624
576
154
227
907
718
368
975
133
972
546
276
8
101
43
382
268
662
434
639
831
902
235
495
106
238
820
851
295
307
542
919
236
49
498
495
767
867
471
253
191
17
881
552
118
276
934
738
290
721
730
121
623
317
616
730
555
788
933
850
448
476
122
684
525
620
179
644
839
650
249
383
19
482
935
490
758
221
228
48
294
310
522
270
627
490
352
534
631
285
385
79
113
507
763
990
479
942
987
671
945
236
54
964
71
989
454
829
562
35
230
857
345
104
479
325
946
831
859
577
468
596
8
582
455
123
924
935
418
911
958
363
500
12
327
571
353
782
400
915
169
982
124
514
438
603
191
385
786
51
314
255
999
323
189
455
446
113
742
864
25
700
227
525
712
907
96
417
41
848
332
210
183
809
76
621
764
268
6
551
671
321
158
670
996
347
477
794
460
219
659
837
271
238
362
983
497
810
752
538
11
437
748
194
246
177
815
362
445
174
265
468
847
423
490
843
770
968
989
583
539
648
420
811
239
135
146
736
297
899
627
308
336
727
854
934
904
22
296
701
196
562
169
395
337
12
238
108
332
579
691
871
228
463
34
819
598
533
907
896
784
534
204
120
262
411
406
518
433
54
220
629
968
741
24
306
753
614
414
85
545
457
309
125
920
695
944
871
228
852
767
12
738
323
484
352
734
242
871
167
297
91
148
265
184
524
571
290
490
337
375
36
146
36
161
419
732
458
290
312
662
57
325
400
732
161
105
819
404
976
986
701
419
487
318
955
363
242
245
206
931
621
594
78
9
755
849
741
565
139
406
227
548
731
980
632
892
437
451
648
413
790
349
184
277
20
139
992
262
385
198
193
358
792
623
719
900
472
813
465
963
219
45
511
950
377
144
194
814
595
843
579
385
544
115
14
564
606
7
826
343
557
372
701
702
995
773
602
820
586
419
783
805
816
295
107
545
791
653
359
738
848
290
476
393
757
490
957
364
849
136
707
759
508
761
461
855
534
415
675
472
834
459
277
3
106
736
548
249
741
260
339
590
550
815
983
308
658
292
672
859
428
731
618
288
492
79
496
378
494
171
850
681
982
479
684
440
215
232
41
309
492
381
899
395
196
882
55
206
526
79
66
307
810
684
595
303
116
443
681
962
967
884
995
301
363
679
742
931
264
135
240
108
516
139
503
65
373
910
623
899
989
689
206
800
726
154
455
194
597
488
508
564
372
504
866
88
535
960
19
799
95
259
908
964
398
763
381
771
674
4
22
15
46
229
167
124
383
622
318
980
463
826
897
187
682
763
275
218
75
294
369
522
553
629
486
303
393
219
426
419
576
449
786
622
678
954
746
413
576
416
393
391
594
642
579
277
405
854
847
832
501
216
355
54
846
841
710
591
413
136
362
989
585
148
611
615
454
709
28
383
477
774
774
71
416
353
700
174
560
547
358
61
116
713
467
314
907
177
905
320
666
619
309
603
119
272
571
574
981
951
957
458
725
731
881
494
437
582
20
349
481
378
410
597
444
229
911
351
759
168
671
425
787
980
380
259
604
951
833
585
903
790
395
980
873
276
826
310
210
198
659
692
929
421
641
373
651
905
724
762
73
395
539
213
727
919
472
331
223
657
268
478
447
663
810
672
291
637
335
502
835
994
546
764
768
539
137
771
444
213
533
870
608
72
435
687
343
907
18
566
564
286
396
363
301
207
35
945
844
722
799
31
69
345
148
837
236
637
960
681
851
493
903
459
917
338
147
260
597
517
179
161
156
575
876
457
782
263
402
978
986
201
10
55
898
510
244
135
147
204
168
998
49
423
810
966
761
309
578
358
826
757
871
982
685
99
792
819
362
546
798
700
100
160
107
350
670
351
837
817
907
357
168
956
780
978
922
541
287
853
251
465
962
122
800
647
221
592
467
936
490
617
988
942
777
96
293
447
799
130
264
707
488
432
663
268
762
938
162
49
791
413
867
753
536
667
753
109
611
572
397
101
189
386
44
966
482
689
413
281
819
29
340
659
814
4
280
576
942
442
978
85
855
845
838
743
512
943
853
123
515
602
576
704
988
972
670
822
661
435
456
833
465
796
844
279
800
124
855
94
566
185
179
422
30
370
517
894
665
722
369
181
325
946
237
313
270
908
488
284
695
944
469
160
740
313
791
893
438
999
987
4
184
519
778
215
889
648
109
554
370
831
87
695
777
325
361
399
585
849
35
280
793
504
441
885
170
584
778
608
583
766
964
768
285
95
335
526
743
444
432
465
275
520
513
404
197
874
156
782
75
191
62
220
48
855
105
218
440
884
178
23
2
142
143
639
589
478
517
332
275
949
798
902
821
311
659
18
537
815
152
612
358
567
184
758
774
289
328
566
525
506
590
527
1
85
518
590
564
35
275
191
985
73
93
158
736
752
529
625
919
681
589
630
600
773
740
375
62
69
941
940
575
883
467
576
969
986
519
885
373
794
76
358
219
169
869
955
274
398
932
545
431
521
175
32
294
268
407
708
337
700
648
912
584
468
841
905
806
360
790
179
506
218
890
725
739
111
680
13
509
964
559
292
485
86
324
131
354
83
191
43
136
192
308
720
12
149
977
818
861
767
349
367
337
591
92
76
702
124
90
563
88
1
856
925
439
532
408
146
968
599
189
104
143
497
176
155
998
153
325
859
272
675
578
609
618
22
685
321
146
127
236
586
480
92
863
920
977
271
66
945
223
607
49
366
105
225
874
103
378
199
315
650
226
245
611
197
268
296
518
766
776
106
353
256
551
568
176
528
192
594
473
415
202
522
133
659
99
7
114
477
559
429
479
137
27
442
334
295
738
204
61
866
311
766
123
862
335
651
742
527
246
215
294
800
89
427
811
188
787
925
17
698
707
848
835
734
290
170
381
28
726
442
247
37
209
370
251
544
21
993
423
619
560
717
771
649
144
934
189
283
860
206
981
919
54
169
5
344
691
386
725
417
828
972
807
389
694
58
285
715
404
708
687
964
425
810
966
922
745
155
205
957
362
539
228
416
60
233
113
751
971
838
168
151
162
975
541
856
386
826
923
142
887
610
458
312
421
424
586
518
580
144
475
294
683
703
710
743
288
175
846
259
365
14
410
527
342
951
383
80
130
307
222
17
269
680
681
42
457
268
560
37
412
387
331
447
90
393
542
730
569
388
989
934
402
400
814
96
703
197
528
185
856
750
202
126
783
236
520
240
504
81
629
916
820
960
715
263
705
257
993
626
645
983
561
399
735
727
496
790
924
24
976
781
127
530
259
262
766
779
854
622
212
835
890
33
147
605
296
852
862
289
479
507
624
392
907
359
119
755
502
395
131
478
528
610
360
787
224
127
919
78
749
483
913
640
516
60
597
164
265
460
806
96
319
430
488
226
142
959
333
644
354
817
474
883
427
834
22
652
313
293
82
63
777
348
55
293
408
652
810
25
464
616
121
784
46
609
362
540
920
696
536
275
513
10
510
292
197
884
296
510
178
379
925
307
727
980
600
487
985
762
513
801
378
986
585
777
948
948
317
868
996
206
495
861
216
357
505
765
242
802
276
772
181
201
79
260
534
31
747
871
794
612
672
172
599
610
301
547
910
971
767
258
177
263
119
745
620
976
511
214
778
139
986
311
340
65
571
226
449
671
449
243
283
122
767
234
84
69
781
994
40
901
252
569
164
723
314
784
699
177
351
830
316
337
141
9
755
713
235
204
384
685
447
19
159
214
254
595
635
387
589
27
288
193
596
804
268
911
941
319
440
292
149
757
629
643
766
384
708
353
588
444
390
387
463
549
954
69
496
589
809
85
617
97
630
565
254
898
828
195
218
269
487
719
26
468
362
792
853
70
497
793
514
888
533
978
789
487
399
286
428
208
371
397
658
354
963
912
252
143
107
822
412
946
542
438
414
904
582
619
975
80
765
841
320
298
171
109
137
571
395
565
131
119
315
789
473
278
701
77
421
160
900
186
106
442
624
521
698
559
140
25
991
905
867
311
555
390
420
692
961
168
258
445
287
925
234
760
203
288
837
976
448
89
514
555
531
139
428
582
50
568
607
393
826
826
56
733
217
476
426
530
996
36
975
283
961
562
43
516
850
233
844
298
322
359
853
206
850
281
788
252
202
747
645
380
926
701
113
495
529
539
25
526
927
353
809
888
267
205
756
117
790
601
415
112
960
621
670
810
254
458
62
808
558
59
188
484
112
654
979
641
545
356
519
473
61
681
713
328
238
470
797
28
423
213
492
383
186
163
545
792
973
959
601
531
370
141
367
482
147
698
475
693
407
995
518
820
676
231
149
266
53
298
294
476
511
786
211
49
949
756
194
275
67
795
806
437
288
526
919
788
224
395
481
631
742
351
452
770
934
953
36
988
251
682
816
115
468
28
516
770
784
710
45
204
857
203
641
498
729
913
286
306
660
119
289
402
470
93
524
404
46
560
744
650
242
561
117
62
589
633
184
725
696
581
929
905
785
923
403
866
188
689
172
200
160
814
954
630
907
478
387
306
390
483
956
632
44
425
46
985
410
231
711
106
812
992
12
949
267
415
816
807
457
340
7
617
154
961
600
62
439
339
368
829
822
676
813
219
101
860
204
511
443
267
970
255
612
982
205
879
749
373
39
558
65
46
528
220
360
128
634
799
819
354
981
993
382
146
212
483
358
769
346
801
36
316
409
648
650
966
880
400
691
919
958
756
317
486
976
677
966
962
829
137
668
810
131
50
308
695
533
667
464
880
820
501
548
581
501
199
899
381
951
590
652
909
347
970
748
675
647
66
638
476
556
658
638
687
709
947
734
242
966
199
474
138
52
375
720
553
574
619
287
525
562
939
786
909
909
886
584
557
305
574
385
861
233
24
900
942
971
634
536
289
185
363
427
237
738
499
143
664
119
430
541
33
369
327
942
631
566
878
188
871
805
573
84
390
949
984
684
920
970
220
209
508
935
989
745
673
488
888
689
959
670
230
992
40
910
934
671
476
165
211
699
970
136
783
360
86
119
44
358
441
616
920
949
552
909
47
577
749
935
619
709
606
849
701
998
759
988
21
587
505
584
638
475
72
773
187
510
892
231
221
686
199
141
987
103
402
34
681
151
322
300
212
280
501
266
278
613
606
651
552
111
587
191
586
659
964
773
522
209
356
743
895
907
236
234
11
638
269
692
141
591
344
354
871
845
620
501
810
578
152
363
689
739
554
627
750
870
752
624
79
108
367
326
15
955
561
378
593
182
70
87
773
766
793
644
964
765
145
774
343
649
489
32
740
43
659
842
266
411
467
697
871
834
376
238
142
937
617
87
119
39
174
244
806
967
888
122
84
385
896
427
386
738
459
126
781
470
968
399
233
435
97
456
622
473
695
764
762
664
851
233
703
378
477
861
697
717
335
782
454
584
209
840
322
21
966
455
491
934
855
77
722
952
533
696
777
580
460
539
244
663
772
300
41
601
513
739
318
849
521
772
433
82
964
755
103
930
562
947
216
417
24
938
721
909
986
498
490
446
37
734
462
161
386
855
762
900
946
432
101
467
556
886
902
520
993
5
802
555
304
19
973
328
309
694
238
296
545
80
94
582
166
556
96
553
412
858
805
358
643
906
178
199
792
80
72
137
437
874
692
742
893
665
422
555
712
12
851
257
92
945
191
259
854
287
164
618
498
969
328
141
227
506
692
371
938
764
508
728
991
200
822
236
218
244
791
282
609
994
891
53
292
82
664
146
722
828
116
220
149
444
361
376
303
405
99
593
522
607
321
513
160
143
749
378
740
893
660
701
887
903
106
179
985
771
677
707
951
793
927
101
238
640
829
893
398
929
486
920
888
808
433
48
303
534
426
395
427
438
96
667
341
203
198
679
326
876
738
277
21
18
730
611
10
912
504
408
193
991
328
81
151
761
482
806
296
260
202
75
51
650
742
392
205
941
423
531
169
162
161
542
180
243
154
542
507
658
951
700
1
279
134
504
393
968
311
41
228
513
116
279
515
211
24
721
504
447
604
25
961
117
567
493
713
721
36
220
732
987
273
85
618
759
590
11
727
901
52
307
766
169
587
281
732
611
354
588
410
959
613
724
428
180
569
141
254
605
362
986
944
987
423
563
746
13
574
825
266
979
132
32
500
719
666
232
682
20
820
445
331
433
521
112
965
90
253
219
696
967
557
992
306
981
907
52
346
834
229
613
813
362
997
313
433
15
897
468
388
69
265
71
854
786
183
819
876
789
391
924
108
300
917
415
281
824
819
980
10
49
945
823
763
294
488
548
310
385
16
50
806
281
121
660
67
657
832
944
446
223
220
906
875
137
321
157
314
141
489
676
542
434
500
657
80
988
205
390
726
222
792
884
855
914
545
923
923
729
219
369
304
791
275
179
281
949
336
947
442
177
623
984
611
123
993
44
464
198
434
542
772
579
426
628
493
323
903
768
52
474
137
356
265
764
536
546
65
224
493
507
754
117
843
717
592
836
761
408
35
196
950
807
775
729
787
620
404
690
388
457
164
877
165
430
993
53
328
59
630
822
918
384
291
762
101
235
950
863
644
985
411
946
145
538
675
932
510
80
623
898
889
139
127
406
921
472
460
250
883
90
424
802
826
67
916
927
302
866
790
298
204
553
245
349
91
272
633
601
704
608
851
593
748
978
352
21
803
812
623
686
254
399
488
80
466
404
7
121
623
150
419
827
703
664
528
147
289
161
748
993
122
952
587
222
282
939
243
85
103
867
772
357
618
612
789
437
369
148
558
992
298
329
819
354
346
347
501
635
860
601
628
982
553
567
204
836
858
800
273
961
19
45
670
637
658
811
74
379
960
984
371
610
314
542
964
12
241
817
647
101
771
627
436
324
195
992
512
405
792
138
719
811
183
389
801
193
553
875
572
513
212
295
123
526
837
88
538
78
257
537
532
28
164
968
705
711
960
569
117
105
707
836
916
243
577
69
788
130
945
361
643
157
8
767
35
846
207
925
276
816
462
808
845
978
776
550
690
89
119
807
194
827
995
462
422
572
532
210
703
477
923
346
986
932
465
373
130
24
298
406
841
112
215
686
90
991
588
132
80
59
291
626
238
286
89
660
859
621
871
562
450
794
260
436
78
78
161
208
102
459
615
295
923
830
333
365
821
921
498
254
333
141
880
571
428
969
232
287
590
455
201
40
249
813
828
680
891
989
888
346
800
503
641
75
333
975
793
507
248
291
113
581
784
993
153
212
315
737
499
257
192
52
650
793
866
830
473
757
820
362
103
972
217
97
400
551
72
193
58
672
836
171
254
620
516
407
833
183
496
684
441
40
737
443
185
955
273
659
64
445
373
520
418
590
617
170
493
41
363
903
713
551
426
967
171
295
726
356
478
574
41
919
614
130
362
800
437
636
811
501
433
536
21
203
478
990
373
972
31
736
875
97
639
654
64
811
949
143
167
427
717
560
699
684
42
413
484
479
401
295
333
835
831
354
38
661
345
412
633
728
500
861
825
140
515
242
303
816
385
470
243
454
383
294
138
425
708
974
257
109
269
590
296
452
296
335
114
993
99
99
722
599
312
899
91
179
141
394
995
878
217
591
685
600
885
823
377
945
798
986
407
419
576
703
224
225
38
690
218
137
141
292
89
454
192
532
633
685
927
981
916
496
924
601
448
809
776
825
107
926
164
514
698
92
217
922
317
608
964
888
97
457
180
538
911
724
71
897
410
998
230
678
494
154
279
294
963
407
471
422
334
635
936
32
728
154
306
397
114
622
285
211
79
466
750
343
190
821
240
952
171
470
630
17
976
261
311
291
669
782
714
355
770
650
387
498
156
45
247
270
667
533
834
98
351
936
441
893
109
33
846
632
503
828
649
831
442
312
123
111
446
837
466
216
487
205
66
996
250
314
618
269
847
804
367
198
740
161
91
201
194
289
833
50
470
482
881
912
146
4
23
593
841
841
809
681
46
876
29
648
542
647
269
741
804
988
291
544
149
382
746
344
24
579
394
494
414
275
406
560
632
781
153
473
974
315
506
372
543
535
20
85
535
641
826
339
629
117
235
779
851
333
475
227
265
869
721
679
496
479
591
128
612
745
954
586
412
460
958
955
348
330
392
235
971
218
926
601
687
161
732
890
847
207
118
112
76
191
791
924
671
382
53
283
479
7
222
243
819
180
198
519
863
590
106
834
160
32
435
199
546
167
90
393
374
560
505
802
751
648
727
422
382
132
58
214
491
632
457
662
164
8
182
27
950
640
862
111
25
649
662
571
169
752
316
895
664
821
50
416
821
777
838
203
909
248
769
752
880
227
414
397
235
948
424
185
589
638
648
614
288
311
537
809
415
853
704
80
26
754
496
199
883
686
402
144
287
172
896
519
751
663
916
986
611
693
523
552
331
524
166
971
835
55
780
602
260
837
34
286
591
882
485
827
921
240
971
560
764
220
79
867
883
348
205
846
41
728
399
372
252
917
344
439
973
124
394
233
961
780
872
905
15
709
84
936
301
407
496
65
627
927
284
862
275
489
709
668
570
460
41
174
377
737
966
350
213
360
584
175
492
808
432
507
517
868
795
819
275
291
236
255
571
521
469
846
10
530
515
580
990
908
755
368
645
721
718
858
433
654
385
925
814
169
433
332
37
228
503
313
872
739
568
443
260
389
641
271
920
508
203
910
416
958
278
413
31
349
272
464
355
9
742
170
179
527
854
568
107
357
881
331
96
801
774
357
191
768
980
463
628
535
373
45
846
4
810
877
353
434
694
60
444
788
230
975
315
84
543
422
441
777
754
890
930
880
599
473
0
931
936
629
466
310
26
664
314
836
542
19
271
588
79
67
376
310
42
691
746
585
465
540
714
571
430
645
452
381
118
804
312
55
433
778
365
459
443
31
296
337
50
567
277
129
634
653
791
28
696
538
965
513
430
680
85
212
325
889
593
795
693
905
850
127
35
567
586
830
598
234
519
0
153
796
130
139
801
921
167
849
811
133
363
593
165
448
805
490
689
398
285
734
303
488
861
339
55
800
169
6
386
689
6
540
837
488
679
639
762
199
488
573
332
851
167
497
651
972
339
692
723
976
427
26
816
640
717
872
440
239
230
179
928
588
719
117
77
750
756
839
949
597
764
633
448
283
482
452
608
173
496
331
502
923
357
318
564
427
542
356
666
772
535
946
361
606
63
790
709
820
629
658
769
393
644
217
29
478
21
637
652
518
968
154
793
677
824
709
104
367
66
770
139
953
68
852
912
132
642
621
304
623
631
73
17
627
642
398
106
16
35
110
534
3
264
679
32
88
389
489
807
807
611
299
760
680
151
24
812
146
645
468
769
629
541
138
256
183
536
362
199
571
472
85
926
88
765
311
529
506
800
336
313
411
635
425
91
139
450
255
285
447
723
54
76
616
545
333
800
81
47
351
653
520
789
931
960
906
242
841
412
42
178
725
806
165
150
249
304
600
505
941
48
580
348
476
197
893
809
349
974
857
52
979
729
841
911
41
747
505
883
159
548
413
236
706
578
387
955
235
339
812
528
739
393
876
216
590
769
377
291
96
586
343
75
667
185
338
709
284
844
592
444
744
5
32
450
935
771
757
522
111
570
51
202
963
279
770
905
49
148
196
497
86
891
924
754
428
263
815
713
459
407
509
555
764
541
5
51
313
762
574
776
332
977
978
647
256
101
552
657
249
100
154
687
344
431
441
772
46
256
485
505
15
346
60
131
888
417
183
553
531
109
329
216
438
659
863
694
760
768
704
361
220
210
49
564
641
842
689
687
99
526
544
466
873
956
598
113
373
133
666
257
594
347
473
32
6
688
78
119
808
782
480
381
993
881
297
634
724
986
674
175
513
218
641
386
175
591
499
900
724
517
157
318
864
982
702
222
23
781
341
183
563
174
564
908
55
862
543
131
200
569
306
713
787
948
451
314
539
302
215
616
171
724
286
35
59
989
610
82
770
951
265
685
477
182
594
533
44
489
664
596
58
323
310
845
271
113
160
162
768
727
778
939
803
417
975
862
406
585
944
528
888
562
213
366
744
807
251
140
296
267
736
354
590
398
552
213
864
64
376
632
143
506
923
946
923
898
809
681
835
105
209
76
19
423
794
115
582
397
255
231
16
344
937
607
94
489
172
958
905
548
942
48
407
866
347
682
116
508
716
304
613
925
732
985
700
878
100
635
275
708
866
291
52
803
250
498
645
423
809
902
323
103
303
82
969
650
765
438
158
833
94
123
758
826
460
811
704
561
446
331
269
664
622
673
819
873
523
464
648
332
719
971
436
22
54
757
24
171
547
534
4
641
9
114
819
470
925
875
31
723
206
652
387
181
677
207
406
200
23
54
885
742
377
673
116
431
430
140
954
330
26
958
323
36
73
143
506
350
18
889
74
577
541
461
110
570
20
516
770
44
922
655
138
299
680
255
83
463
747
37
793
774
996
116
810
421
611
668
771
982
557
197
559
450
659
21
20
31
537
142
75
459
150
566
110
830
821
193
293
568
231
86
694
227
555
504
0
166
524
123
500
81
321
411
883
332
432
255
363
969
398
791
780
548
357
891
730
178
84
24
98
667
462
793
246
369
649
246
888
174
370
388
607
691
800
843
23
584
98
738
554
496
529
686
396
886
929
479
416
14
855
515
681
317
660
928
39
661
526
927
187
896
667
795
939
819
638
314
404
88
53
958
937
934
996
333
821
926
164
589
292
19
456
325
337
116
605
728
130
132
655
317
380
674
464
320
494
102
986
898
543
391
208
480
326
204
165
147
482
330
88
774
349
545
100
686
13
705
766
143
189
773
461
570
448
925
242
942
380
228
840
923
620
400
755
298
956
920
445
439
250
885
213
600
430
665
638
444
723
405
587
912
178
400
834
626
326
76
920
58
657
760
333
629
512
88
927
469
8
724
908
259
609
473
211
392
139
849
836
214
254
775
126
785
176
961
411
854
389
684
264
398
444
597
27
309
37
306
778
45
382
38
656
992
511
867
384
2
69
572
216
323
347
695
460
875
656
224
729
397
908
345
796
704
942
175
13
331
834
791
377
216
181
385
560
693
605
296
47
674
868
264
349
568
311
810
795
319
34
877
716
942
222
864
646
517
392
660
848
226
803
577
794
985
963
355
30
920
3
77
594
224
693
943
144
4
753
939
323
787
816
392
81
391
608
728
908
0
740
756
578
895
686
373
232
649
80
262
921
435
692
515
659
737
458
803
94
564
95
769
703
911
161
785
302
122
865
562
122
605
671
701
852
357
426
85
358
858
347
279
293
391
794
305
481
604
460
575
168
555
696
872
819
210
9
473
332
874
388
454
831
59
507
683
416
285
768
774
495
468
53
141
211
199
446
692
803
258
619
324
166
668
548
337
878
557
810
562
783
198
368
614
609
876
649
25
513
418
799
9
238
204
150
801
403
948
846
207
558
817
531
724
485
79
61
715
988
224
277
771
774
646
737
384
874
386
409
387
156
561
748
746
765
250
548
521
550
394
728
109
211
611
833
697
42
895
764
30
471
42
153
245
688
890
629
914
276
391
301
433
304
402
179
69
652
79
590
203
473
670
312
685
633
497
734
675
392
850
57
215
892
210
461
932
100
442
846
729
185
500
514
489
902
45
911
906
125
501
109
598
524
773
635
157
271
721
833
15
572
890
231
816
453
44
749
553
486
947
282
672
447
796
513
701
842
424
608
967
278
69
917
802
843
905
311
114
626
496
481
550
739
64
367
192
108
468
745
947
767
380
971
567
176
484
268
370
909
228
689
187
298
607
341
141
864
652
607
490
149
440
393
888
505
112
432
613
932
177
560
699
557
531
266
86
16
887
456
277
115
146
816
413
105
509
906
969
161
513
811
662
954
556
902
811
668
334
424
952
864
337
652
773
868
270
859
236
157
668
513
625
166
681
38
271
190
945
592
704
810
403
718
116
960
621
927
980
307
704
933
523
41
937
297
261
207
508
498
717
176
363
694
342
45
732
965
587
29
909
291
192
313
10
308
625
983
588
957
290
644
242
166
685
179
463
946
739
323
796
808
500
160
502
194
557
586
512
144
616
421
436
808
86
798
468
711
781
408
21
423
52
263
589
89
795
404
388
534
728
184
342
580
696
196
774
253
782
286
750
750
60
186
910
146
984
379
210
117
139
231
540
544
846
130
633
641
534
373
175
262
558
869
842
254
65
969
508
200
607
610
950
667
796
861
166
132
592
376
249
83
959
789
627
805
271
613
447
158
986
974
420
896
844
615
151
261
936
11
813
895
621
764
563
769
977
729
253
569
457
854
652
416
995
632
221
267
597
668
425
583
643
197
480
839
164
983
452
100
994
266
996
967
30
911
736
359
992
989
928
801
195
932
217
190
564
438
457
161
459
234
97
454
432
929
645
948
912
97
401
258
363
749
225
745
12
313
104
4
654
384
805
849
317
374
39
233
164
849
747
623
83
844
429
867
125
74
816
37
524
569
295
239
318
872
985
330
185
441
686
839
178
843
40
847
217
79
80
381
928
179
357
364
375
786
231
500
213
399
889
737
320
536
976
638
408
313
320
945
107
6
784
285
849
176
132
66
256
564
800
536
744
157
900
119
295
484
620
508
235
861
245
556
398
574
194
806
887
515
752
346
873
888
631
723
65
763
141
673
680
941
209
424
450
462
895
746
946
867
254
533
729
852
89
127
778
636
933
17
503
37
364
376
926
995
451
343
111
945
16
143
238
577
567
41
39
462
787
337
330
393
871
411
245
960
538
375
948
471
393
451
861
757
180
139
104
983
482
567
280
850
710
871
427
277
912
819
92
699
156
774
92
27
185
690
340
723
65
288
546
458
92
759
567
624
898
672
959
732
239
240
934
302
111
362
579
23
533
23
722
689
149
166
717
334
208
409
409
274
49
308
84
141
67
4
117
318
676
77
50
267
317
337
569
780
699
501
803
584
876
877
273
26
395
342
712
604
751
122
230
153
782
666
294
201
670
764
519
698
841
922
318
510
259
239
290
310
92
445
246
969
674
519
995
69
214
59
25
965
181
607
470
315
274
117
517
296
881
388
995
74
662
665
584
273
904
226
935
997
23
181
318
697
53
665
118
267
724
144
584
258
751
55
573
377
172
442
674
53
183
21
479
197
686
63
823
942
641
758
291
664
292
609
361
345
274
831
964
351
327
548
609
79
603
534
808
127
329
834
532
512
855
11
61
541
426
884
836
67
995
127
731
287
737
444
984
363
276
948
714
603
496
675
34
452
210
195
579
891
29
112
403
885
475
464
778
902
701
966
969
696
94
53
983
831
849
967
546
477
915
613
433
763
288
819
215
850
14
147
741
396
259
496
633
86
313
763
988
14
730
310
710
824
715
45
7
916
12
905
394
279
518
179
394
159
998
610
361
365
109
455
761
368
303
746
806
616
509
795
982
591
457
692
415
172
737
774
88
101
680
834
732
550
13
127
709
364
89
423
729
198
230
842
918
533
588
724
150
449
871
132
41
328
177
808
852
266
583
293
368
615
127
452
165
141
931
227
505
20
650
586
570
880
780
488
765
368
565
915
169
788
400
210
117
577
19
321
195
954
614
915
569
742
368
734
235
299
313
92
672
315
678
242
195
458
83
313
178
0
228
699
788
980
262
257
909
281
579
105
587
193
20
156
935
740
242
522
40
556
614
64
871
644
658
419
454
741
732
632
93
312
684
882
645
946
139
554
579
718
11
166
912
384
674
199
124
268
722
516
176
336
580
48
333
591
819
787
332
903
772
426
567
456
660
212
402
799
119
981
518
130
147
782
514
173
981
991
441
55
507
618
744
440
18
77
31
837
864
715
92
636
493
659
92
153
224
494
305
343
475
823
825
974
957
692
147
290
35
589
346
894
207
90
686
577
167
717
414
383
785
858
20
630
869
112
784
445
959
441
788
434
616
966
761
573
10
908
863
45
849
561
939
408
3
626
985
522
695
751
906
832
609
278
463
831
742
599
276
701
40
417
488
656
383
249
581
745
509
796
142
359
710
81
767
713
59
105
236
107
856
494
291
818
772
106
649
514
705
925
568
97
342
56
105
77
657
38
174
518
835
316
877
545
750
997
610
809
102
846
268
310
692
912
128
816
18
777
683
76
55
251
525
397
659
631
827
668
669
1
186
856
318
64
753
68
413
364
229
867
562
850
177
255
762
306
71
780
435
106
856
490
357
382
240
368
365
67
36
386
420
223
595
738
639
348
158
52
712
740
271
275
590
448
882
352
106
305
484
542
412
693
384
769
427
624
490
792
43
526
530
464
101
477
554
740
826
713
144
890
453
415
517
395
216
399
747
322
705
583
864
469
276
249
238
703
225
80
847
269
607
730
733
60
207
639
153
33
352
297
276
157
65
793
552
633
193
651
955
250
235
172
719
863
773
309
567
998
390
766
619
349
496
704
409
56
344
562
89
48
212
717
558
629
511
110
262
56
114
217
306
701
741
25
564
514
686
483
865
428
250
484
777
98
189
539
154
533
453
596
581
665
313
491
294
824
954
908
880
68
126
538
121
867
915
685
734
602
521
599
30
771
83
160
221
272
699
376
157
152
972
91
170
637
582
464
462
536
725
694
956
851
233
77
70
148
115
804
102
636
755
485
407
839
645
980
463
344
356
973
848
680
64
18
318
998
835
132
535
560
178
843
763
763
921
833
264
36
990
366
672
97
851
431
288
848
411
752
544
120
725
393
800
141
763
470
139
598
954
26
510
485
870
273
248
791
459
512
179
801
231
203
898
434
634
187
283
397
291
827
517
368
572
670
509
336
492
0
286
799
379
797
284
249
422
532
392
881
397
571
34
628
126
285
414
760
472
49
509
115
229
27
483
801
49
344
489
541
344
776
340
723
925
976
324
347
509
716
581
258
639
967
238
765
252
652
877
724
702
387
839
283
766
674
436
815
18
926
708
715
54
401
438
979
377
763
678
238
831
611
496
823
579
734
940
183
739
818
260
793
557
451
76
675
126
512
490
144
790
550
859
844
951
650
175
681
765
206
271
948
817
768
771
748
854
64
932
593
234
544
738
791
995
814
466
121
679
308
618
469
210
829
314
514
479
489
195
596
47
466
545
865
586
668
965
793
732
249
738
966
793
477
109
789
643
927
262
322
587
880
144
798
710
458
312
541
299
859
490
347
325
387
564
264
55
529
57
140
779
795
458
924
624
568
713
268
847
976
942
435
208
86
585
270
896
897
812
548
756
654
247
433
41
811
49
96
692
106
588
823
254
47
748
230
967
813
498
166
789
793
601
350
879
538
620
128
435
784
676
543
438
923
977
479
86
378
928
130
837
516
306
91
915
406
673
882
219
172
49
361
317
2
711
196
541
331
324
328
116
352
872
906
627
201
386
713
579
666
196
768
534
502
211
450
260
885
684
479
409
733
192
726
88
903
922
981
587
599
309
703
303
533
961
931
86
347
996
18
365
192
786
900
46
998
350
306
883
34
138
292
120
330
18
560
234
292
541
173
243
850
228
547
736
189
478
822
889
474
840
254
19
627
154
417
625
856
724
860
243
214
152
715
544
522
275
130
166
168
303
410
370
531
957
106
721
435
929
610
261
121
216
632
748
723
50
725
579
126
937
174
340
441
241
884
963
868
15
130
36
670
892
407
202
849
513
275
636
794
885
249
916
453
882
16
176
932
94
756
410
31
282
750
825
524
634
140
392
1
622
781
672
514
188
226
715
53
501
351
848
738
601
116
191
835
484
368
119
578
476
529
962
110
279
787
634
265
927
379
619
902
160
643
416
700
869
132
753
722
835
953
812
788
421
3
623
906
723
94
484
199
623
798
310
254
585
296
520
865
27
491
767
539
134
535
239
355
667
345
77
855
650
241
643
72
244
267
978
320
361
814
871
337
613
533
591
550
830
463
767
209
306
886
749
440
422
340
147
441
37
576
296
40
817
292
112
414
911
442
734
272
256
605
961
221
139
905
772
321
368
891
882
675
778
631
467
552
324
615
345
713
191
994
753
9
286
865
775
197
659
509
821
916
466
783
489
957
688
613
278
408
505
513
435
635
144
903
187
820
870
884
534
413
878
639
774
516
857
549
65
516
58
887
784
525
22
274
834
62
887
113
822
392
978
258
379
122
513
918
295
735
803
181
148
33
820
923
902
677
472
967
546
883
206
330
760
228
604
594
642
844
59
465
588
37
75
968
512
940
886
807
675
41
340
823
75
512
98
977
190
571
296
736
454
503
418
214
83
23
160
726
867
220
543
807
257
970
775
769
910
14
928
937
55
268
112
482
781
211
811
323
782
108
411
588
611
181
154
694
204
314
772
423
886
667
231
144
637
358
265
899
372
194
836
428
814
301
910
947
512
722
622
646
182
385
586
793
567
740
839
123
406
964
899
293
631
130
789
621
840
406
520
213
600
709
993
767
10
255
66
522
329
689
520
511
426
106
656
993
846
848
117
604
812
16
249
443
498
390
64
338
797
937
903
749
646
896
868
8
152
935
530
481
976
402
993
402
508
1
396
706
849
865
310
661
881
912
457
731
302
521
69
99
810
325
201
456
221
69
464
725
4
346
207
980
748
552
383
608
553
131
314
755
996
625
416
229
889
873
960
191
747
381
643
557
706
196
366
280
265
182
5
622
881
564
954
629
468
689
590
374
820
904
129
168
881
897
397
770
771
357
314
870
91
309
779
149
505
145
429
122
680
787
744
561
703
699
542
172
388
132
898
561
37
27
729
918
924
479
41
47
188
355
269
279
664
49
429
521
546
210
643
226
997
388
139
53
439
682
225
179
814
123
92
203
502
822
122
778
653
163
178
841
870
447
121
534
848
902
407
747
464
50
973
814
790
465
867
229
147
92
761
961
567
853
165
421
27
639
199
680
154
729
522
24
529
995
910
377
249
317
124
713
719
450
527
510
915
394
91
414
838
204
727
757
58
244
178
85
883
730
118
389
459
640
765
340
987
675
718
236
344
194
949
416
996
829
926
263
223
369
677
414
574
405
171
632
649
702
69
885
784
187
274
243
179
392
936
166
67
654
754
764
200
704
180
549
885
458
812
460
827
842
874
753
599
398
737
600
100
159
485
884
346
112
479
878
504
415
396
923
421
151
39
974
207
219
523
92
29
687
552
209
881
779
962
480
177
52
81
629
211
918
865
557
382
696
787
886
464
184
162
237
335
201
211
542
773
86
986
154
126
890
363
7
669
678
840
198
730
921
179
941
191
396
850
574
93
638
812
909
822
974
146
509
528
710
403
301
148
389
807
274
279
171
634
301
849
474
851
579
747
31
520
938
427
370
512
872
360
677
781
182
651
280
43
531
990
446
184
490
187
992
117
819
163
751
120
12
577
971
943
324
354
815
614
782
537
479
6
898
156
140
432
807
420
476
339
762
274
875
252
462
867
369
281
30
120
753
394
49
76
689
373
431
504
340
565
42
819
571
940
975
711
724
134
483
200
825
245
827
701
498
289
568
867
922
599
340
675
345
389
751
35
115
534
539
455
99
933
274
23
873
601
734
950
735
218
150
561
815
977
262
313
618
830
533
540
781
225
567
127
614
671
514
81
205
53
888
305
339
162
328
564
763
414
514
499
984
665
412
800
994
674
465
965
856
998
857
990
223
425
117
190
448
983
271
653
388
160
310
727
674
990
292
790
757
806
641
741
471
53
893
818
79
359
783
935
709
640
925
933
417
394
475
865
377
98
871
766
610
181
493
637
172
137
427
929
944
420
22
767
473
916
585
904
627
720
191
336
713
469
621
482
863
448
348
593
547
219
711
157
752
556
146
276
694
573
557
638
993
580
757
818
848
343
722
827
415
914
515
480
383
137
963
598
585
311
543
484
882
254
994
986
163
140
263
857
66
172
847
59
104
604
230
304
299
952
131
67
218
647
547
601
136
510
552
73
173
95
558
407
702
904
394
865
44
9
74
110
533
273
522
638
229
752
942
529
56
426
948
275
425
495
228
561
358
780
986
883
228
544
291
930
800
37
147
197
398
221
659
931
494
181
569
75
933
864
604
342
290
904
617
715
752
845
628
110
978
614
345
206
511
636
136
311
673
283
860
71
856
520
355
702
701
276
777
987
140
734
329
782
638
946
849
390
143
477
852
121
444
198
327
955
186
815
618
212
98
479
635
306
999
990
8
700
267
786
39
759
520
720
542
158
18
391
901
162
221
105
283
665
655
963
972
194
778
590
406
229
421
41
535
420
384
544
473
651
682
864
410
202
585
304
712
603
696
965
765
269
423
401
286
78
364
258
272
494
200
30
723
622
72
611
42
808
507
867
459
189
732
221
391
317
526
455
272
574
421
38
843
844
791
129
274
507
739
899
1
939
929
77
561
353
688
956
161
195
175
620
384
907
194
127
576
720
582
849
294
355
239
489
199
30
618
474
537
709
373
538
648
654
967
562
8
655
518
169
202
693
142
586
953
336
65
881
56
648
730
702
355
969
191
555
351
161
381
888
870
106
779
518
760
746
80
120
754
950
290
956
996
432
895
301
120
960
182
176
960
913
878
316
234
69
223
586
230
604
826
100
62
605
970
174
704
403
295
458
353
937
414
701
369
309
2
841
270
185
17
582
98
247
898
684
668
121
270
250
77
97
702
491
54
672
666
758
75
961
216
781
250
631
482
619
292
485
460
914
670
829
497
120
428
747
804
96
221
75
346
650
524
48
142
578
72
808
337
148
121
905
281
371
888
763
342
181
248
154
95
270
335
944
390
763
44
547
859
265
974
557
915
498
605
57
428
677
217
117
177
338
23
458
61
263
574
403
444
174
557
892
445
244
188
187
7
232
86
866
497
60
423
765
910
380
822
691
410
40
808
939
730
183
398
792
447
324
195
243
498
105
487
295
349
676
835
357
908
921
575
406
334
351
171
596
731
345
287
141
737
448
81
468
983
831
260
782
507
807
26
5
264
513
653
966
541
488
675
450
761
250
208
95
601
731
692
685
76
331
178
814
779
611
634
115
794
246
897
301
53
275
659
318
141
312
636
682
152
311
132
265
561
692
713
515
423
757
552
852
88
730
18
220
342
652
335
488
898
584
790
303
212
801
621
353
465
609
35
617
920
520
882
482
564
595
349
988
352
901
840
793
983
858
13
325
862
700
166
760
636
956
415
848
757
37
201
574
998
589
191
919
461
425
401
25
373
102
365
77
3
205
870
338
415
235
664
629
287
182
741
924
138
157
772
247
546
326
821
544
267
364
463
728
141
216
105
514
318
471
592
673
28
814
12
796
402
28
425
41
210
519
965
700
676
90
299
222
768
472
118
35
188
582
115
329
150
572
844
821
43
788
494
72
954
858
220
708
238
997
750
800
516
67
852
192
509
503
766
629
975
885
16
515
467
131
845
617
704
41
790
99
181
285
523
135
495
743
196
86
741
946
238
257
365
443
802
875
946
568
504
274
453
521
789
272
4
634
242
60
27
32
160
208
669
35
696
517
779
892
955
872
190
545
481
555
988
283
782
935
852
639
561
657
512
350
282
868
337
876
929
364
908
441
925
930
476
621
799
607
513
754
479
703
299
313
610
288
596
745
575
800
384
136
810
896
838
92
764
527
968
45
244
228
486
169
158
315
790
309
922
655
63
754
710
715
67
672
3
15
417
930
816
801
418
626
49
608
70
166
136
390
563
380
618
402
901
129
717
43
438
991
698
854
97
760
569
164
432
924
532
850
206
700
651
624
678
53
232
748
219
720
138
782
452
108
184
353
589
253
396
380
597
446
586
694
206
155
211
639
431
743
489
637
443
492
613
121
545
845
221
116
566
711
251
370
819
787
724
761
41
472
493
990
919
79
684
125
234
895
764
17
638
605
654
433
98
267
906
643
464
127
112
382
838
363
753
10
502
829
123
895
301
616
885
220
695
570
346
281
465
462
298
456
68
304
241
518
571
148
513
387
627
625
122
466
340
875
828
843
56
951
738
357
567
976
930
614
546
276
895
363
90
193
171
510
497
765
28
420
913
542
159
540
519
281
358
860
508
186
55
564
489
145
274
408
121
204
22
19
832
917
383
922
462
906
785
311
671
813
731
936
707
243
829
227
524
187
87
385
726
142
301
567
287
575
976
761
131
998
780
963
268
515
238
730
422
23
42
445
188
125
382
896
368
563
475
245
102
562
982
828
56
283
396
695
211
724
456
342
722
237
306
990
104
896
73
526
919
115
324
459
592
706
707
961
621
182
558
723
96
540
552
504
175
300
552
386
24
8
81
98
597
387
441
702
635
866
580
906
333
904
365
925
962
425
238
583
607
796
659
56
688
563
560
864
863
112
602
239
473
683
689
422
422
482
476
57
348
409
963
681
665
681
607
628
106
845
563
65
994
574
121
34
137
34
250
0
498
853
591
323
888
633
746
663
115
574
72
464
983
388
497
649
69
104
629
527
302
192
592
648
767
714
682
256
100
285
257
598
490
200
922
378
833
20
393
301
594
466
117
578
854
614
227
275
71
856
802
725
400
746
373
519
812
407
776
912
44
385
863
534
937
785
265
771
157
658
424
751
476
541
681
682
155
908
957
578
116
111
303
869
858
28
388
670
436
516
935
480
901
798
367
839
935
632
962
92
290
738
195
119
279
877
801
786
137
111
365
254
222
668
123
432
697
863
455
485
380
390
317
633
540
684
824
827
668
138
271
311
876
466
430
507
695
231
294
833
342
659
439
917
679
562
349
728
777
804
213
509
546
883
143
438
919
967
265
588
458
536
899
334
355
681
842
50
912
488
235
255
147
674
172
178
588
873
907
366
30
472
875
576
707
370
15
627
690
632
567
148
521
818
834
876
499
28
278
411
516
514
18
15
188
542
194
129
768
101
847
798
925
722
726
633
445
93
612
135
726
179
635
247
997
469
123
848
498
753
611
14
267
630
30
808
524
576
937
292
29
784
442
954
858
169
587
303
262
199
790
988
730
425
235
79
247
710
927
745
464
539
111
83
521
493
891
397
421
180
690
450
316
132
405
527
301
344
182
916
544
973
904
626
750
492
706
997
554
633
94
370
524
558
454
397
51
697
795
473
878
485
923
546
969
680
73
623
25
256
539
921
229
795
547
331
287
605
329
194
239
423
564
115
981
370
513
385
68
308
210
298
145
485
844
466
166
918
441
191
174
980
464
755
128
11
86
767
969
767
961
560
543
526
675
524
248
540
261
316
848
471
614
345
957
811
164
475
729
605
18
255
586
482
10
66
845
448
833
814
216
795
374
759
