852
731
696
384
511
447
709
529
921
950
489
672
251
271
96
419
60
211
719
17
691
993
945
573
837
910
981
86
96
268
883
300
999
931
685
862
730
394
743
651
697
232
675
948
855
123
367
267
334
438
636
377
432
581
951
621
844
932
707
292
552
942
593
903
873
278
765
603
24
508
254
721
92
281
21
299
404
740
918
90
179
554
468
963
488
419
936
332
703
643
624
255
938
217
510
811
847
627
767
872
487
373
593
931
655
615
230
59
355
148
150
886
54
970
849
542
389
785
226
444
781
203
51
719
772
561
882
620
188
1
492
27
375
437
958
30
404
540
441
112
40
943
998
94
913
848
637
654
985
863
98
118
418
501
189
191
414
424
811
954
425
655
981
800
92
939
182
497
479
976
609
519
919
607
966
833
807
603
839
145
818
290
263
237
791
805
428
206
229
591
160
654
246
142
807
338
433
989
187
913
965
796
784
237
756
750
422
915
705
261
412
876
551
676
113
695
481
893
901
62
836
413
716
82
907
523
772
341
865
960
606
182
108
742
771
216
493
193
132
550
455
544
426
358
572
891
53
405
136
306
467
972
720
536
54
627
411
827
320
276
139
926
811
247
669
582
464
514
776
948
64
583
492
843
293
417
86
699
822
223
5
642
195
725
178
602
705
589
781
25
218
920
304
381
167
973
963
983
839
91
931
255
26
776
98
320
193
185
19
367
760
376
361
955
454
891
909
511
833
690
536
51
610
192
432
130
517
747
465
356
191
749
612
217
525
62
889
70
599
260
789
359
989
151
667
443
42
576
954
875
619
842
278
581
35
62
711
552
810
529
261
353
278
873
570
803
287
812
225
887
424
14
246
413
517
265
856
560
842
162
787
461
5
66
42
40
480
106
944
642
987
205
995
265
430
918
420
718
730
997
957
506
11
555
920
881
821
128
441
15
291
580
828
296
998
222
688
479
680
632
121
667
190
469
284
620
387
704
690
469
701
647
975
65
203
247
946
376
376
739
391
667
671
219
315
670
793
355
501
474
987
974
141
177
443
426
150
830
482
840
299
536
488
627
953
43
874
251
771
250
342
162
269
13
733
936
35
526
291
536
0
279
511
494
808
954
272
310
137
106
151
788
642
991
415
947
386
290
198
157
892
540
671
162
906
404
98
941
282
742
478
635
21
341
481
181
647
753
492
784
211
995
925
854
986
340
153
724
982
352
881
875
244
904
389
150
308
839
444
942
581
922
929
954
615
410
136
262
515
980
399
727
327
324
933
313
664
86
389
647
790
622
874
387
526
263
889
186
102
333
128
684
607
58
638
222
820
126
837
336
458
236
63
785
912
348
450
928
434
839
927
577
461
801
964
987
64
853
173
519
539
654
203
146
64
193
369
884
672
558
220
130
794
635
916
58
983
366
986
770
558
914
347
371
715
663
359
132
868
884
651
407
538
206
554
602
751
275
839
423
833
59
554
979
47
822
389
382
540
375
504
98
289
203
470
357
866
181
841
735
417
844
494
308
50
48
262
153
675
101
577
860
513
483
191
912
305
580
294
197
956
151
296
597
354
118
306
221
651
147
308
420
991
154
728
393
203
343
547
230
444
476
91
309
959
282
221
616
863
868
813
171
19
461
768
373
931
427
946
582
574
606
3
918
761
83
311
316
426
210
898
223
686
989
532
997
624
106
613
839
326
427
10
345
888
130
70
820
909
369
754
484
975
109
754
88
193
417
404
971
628
303
546
666
644
431
664
620
537
277
459
863
56
821
560
945
304
630
117
213
999
871
49
327
981
803
415
526
221
172
849
201
827
396
867
823
827
883
444
716
161
903
931
217
77
491
514
381
121
631
594
473
855
644
800
188
799
567
714
20
739
915
573
918
311
441
742
490
676
186
206
837
441
137
407
518
980
273
251
454
905
846
927
112
842
79
300
641
646
366
14
738
281
587
8
593
380
750
435
57
288
994
246
730
131
653
600
112
279
852
918
184
50
845
648
892
276
948
885
274
314
899
12
595
487
21
540
219
123
976
276
412
970
523
494
453
528
94
917
807
298
835
343
348
32
991
592
308
939
478
583
253
729
947
201
216
320
741
436
796
69
64
208
391
587
54
197
468
500
114
275
799
302
971
499
334
962
92
995
254
922
930
859
651
877
60
220
550
154
8
346
575
72
906
967
12
960
164
480
460
630
107
611
932
78
111
619
393
203
614
647
125
544
506
128
773
919
348
323
73
356
21
648
429
927
967
441
239
483
273
52
114
732
663
398
163
126
17
908
329
631
555
806
175
413
287
949
684
635
624
109
992
646
110
421
925
77
214
517
561
839
569
27
571
584
777
86
711
795
994
392
426
901
551
954
667
838
255
351
473
231
461
465
229
571
238
507
0
804
24
913
643
945
940
567
529
718
5
240
865
0
985
643
253
536
597
920
374
204
272
199
788
85
665
17
656
255
524
656
60
548
570
55
845
862
974
375
932
332
967
797
684
952
441
937
840
390
858
214
947
482
414
735
567
431
752
575
38
277
231
450
177
153
858
23
16
832
750
300
516
69
98
200
22
891
138
862
281
348
429
228
830
195
315
397
978
68
972
16
697
555
467
226
709
325
601
77
509
351
377
26
421
827
226
795
718
716
9
0
64
790
580
894
985
896
643
315
316
967
332
13
523
151
591
584
828
193
13
337
896
742
715
317
570
294
464
288
10
474
640
427
264
573
673
602
469
317
917
137
636
249
502
511
752
93
95
580
286
460
270
183
203
985
852
773
631
317
413
994
143
54
421
759
979
94
361
448
763
279
585
400
880
439
911
633
532
359
565
171
819
835
706
374
173
558
499
804
227
913
798
722
319
571
482
298
18
195
98
781
474
35
533
707
474
797
692
6
508
257
529
679
445
235
54
618
146
553
774
725
818
925
448
489
496
282
787
866
477
237
0
304
272
533
11
98
682
55
457
190
664
986
870
109
222
924
79
720
829
854
445
648
779
245
137
627
527
277
494
5
514
494
661
139
379
24
237
62
79
46
252
743
33
122
853
607
398
932
327
228
138
772
228
917
18
717
897
897
994
391
902
861
237
915
352
968
939
589
30
18
636
635
114
21
109
967
628
508
251
955
88
742
79
316
11
449
33
908
347
380
651
601
593
240
517
945
209
456
534
591
827
522
226
941
895
336
260
523
844
863
830
932
605
262
600
617
711
985
525
410
365
529
12
958
769
881
903
978
337
790
570
164
664
148
457
560
484
717
435
680
581
618
964
186
880
916
803
943
902
681
354
619
210
718
578
979
599
833
310
288
623
232
805
640
380
262
200
217
980
635
249
561
605
566
747
485
482
903
429
384
584
135
4
146
853
934
125
452
767
787
740
743
19
545
383
400
808
935
969
788
922
218
701
528
784
448
13
267
703
794
3
639
929
359
785
782
645
263
586
413
50
679
508
422
576
243
822
736
178
791
524
452
361
577
980
146
378
346
765
81
492
120
721
774
832
858
908
477
473
495
242
524
526
102
298
102
345
120
839
875
263
715
328
976
293
660
122
671
358
239
104
851
712
177
625
544
36
533
373
509
380
616
385
906
718
683
9
416
155
848
291
770
915
971
99
208
632
573
231
990
813
336
193
877
513
170
421
901
704
146
763
436
762
148
343
833
184
704
601
691
904
892
814
819
216
913
380
848
486
611
190
651
947
736
528
813
906
301
714
962
448
477
751
562
978
94
747
514
150
348
205
54
593
371
225
809
284
605
9
123
217
551
774
516
287
655
329
546
956
396
860
404
873
611
319
203
57
66
717
207
415
923
613
360
294
839
169
931
796
530
54
13
81
180
882
721
835
563
619
792
959
479
548
185
443
867
388
500
286
106
60
53
381
673
413
675
864
582
958
661
464
364
26
545
545
908
618
380
472
237
524
783
69
73
968
512
292
357
12
578
463
424
631
844
98
44
871
314
978
182
975
442
546
354
340
91
262
310
472
86
548
996
870
969
421
838
481
714
195
845
644
10
270
276
206
720
672
430
34
3
612
362
445
510
716
137
602
330
448
426
417
348
774
287
317
196
477
150
262
25
347
258
35
617
534
594
689
559
24
76
562
988
438
359
498
154
497
452
484
297
878
253
997
5
892
666
201
370
816
815
395
163
73
782
133
960
376
822
519
752
898
433
92
688
792
591
194
641
395
31
290
274
284
287
279
177
305
832
547
473
999
294
637
424
76
122
384
453
296
255
557
547
688
650
235
833
593
430
474
988
813
765
614
97
404
245
274
710
77
173
183
428
467
172
853
896
646
589
701
943
845
258
490
885
260
77
718
853
859
193
194
672
310
808
770
714
54
396
776
483
922
312
264
741
484
117
637
131
706
338
426
903
949
268
789
209
345
507
63
557
52
609
229
362
417
351
429
823
100
557
659
22
869
923
115
706
392
753
837
450
443
615
354
392
883
143
602
580
2
17
137
55
626
367
769
395
70
550
571
170
108
582
544
977
857
660
683
249
413
872
699
856
487
53
601
722
548
203
303
903
220
440
310
198
159
431
593
230
982
516
400
90
98
945
419
955
605
455
204
370
327
256
578
167
661
179
889
562
734
544
465
306
985
775
504
144
558
450
374
540
966
127
982
65
72
402
20
29
209
577
399
536
833
977
55
494
509
297
56
243
841
873
550
178
0
54
675
559
856
49
99
823
528
434
888
600
836
908
981
45
485
380
933
670
710
341
165
219
990
573
814
831
447
716
362
447
123
37
358
979
86
810
802
967
244
690
919
432
951
901
477
788
281
762
459
343
455
624
914
445
549
729
629
348
445
991
148
568
28
506
900
466
316
702
433
560
393
353
992
696
254
821
484
887
936
943
231
391
919
145
189
469
226
818
817
24
809
317
944
837
824
844
303
140
547
89
53
292
442
397
988
48
219
472
935
507
768
518
250
39
664
439
508
242
257
678
266
418
995
211
255
171
55
911
664
954
0
717
246
794
114
586
842
685
59
129
192
179
648
795
218
664
234
79
906
844
109
173
262
456
736
870
628
791
133
644
746
133
361
344
279
827
931
473
865
342
602
409
521
250
204
91
914
439
170
821
283
631
346
897
88
82
767
68
225
900
712
323
385
425
668
664
252
599
489
469
941
92
879
814
342
435
905
609
874
428
782
509
411
128
407
499
562
526
567
139
427
631
463
164
56
131
829
661
82
318
130
375
762
361
541
457
797
798
66
23
226
848
533
638
328
292
489
890
170
409
29
597
40
844
762
449
327
943
110
761
613
240
136
376
954
677
833
751
476
251
774
54
99
659
44
427
303
886
669
474
295
50
423
687
247
537
136
574
480
246
336
446
839
824
174
793
502
359
896
330
610
670
736
61
682
781
840
337
667
861
163
314
911
587
1
158
124
490
85
957
736
421
755
927
245
929
720
99
640
616
781
250
639
518
311
673
651
503
10
670
364
174
336
627
113
689
786
237
179
223
546
916
644
301
195
241
582
916
693
222
884
826
472
875
344
135
548
347
990
911
369
354
85
705
982
550
395
120
787
574
343
686
842
339
339
38
932
922
306
625
144
190
452
969
418
148
456
966
496
447
877
217
153
314
923
135
216
318
255
356
244
598
42
87
289
381
125
222
655
783
199
152
973
651
121
391
152
929
710
0
728
939
217
882
606
140
17
822
810
625
178
55
575
572
142
865
954
619
87
609
754
286
761
79
290
234
823
442
516
533
794
596
824
11
478
430
504
848
605
314
473
783
721
48
356
215
265
662
186
352
623
940
991
737
20
281
323
843
75
839
376
869
788
200
880
266
983
736
466
588
51
939
723
772
340
79
340
605
93
526
310
717
467
301
454
487
582
777
330
9
969
58
878
757
610
110
375
945
199
842
533
250
133
257
374
473
688
714
431
782
593
741
499
60
394
305
899
328
82
229
337
403
639
567
160
601
29
536
547
228
730
432
830
863
41
205
689
82
271
120
864
864
213
715
276
959
20
175
287
454
756
976
210
747
543
370
349
572
258
248
153
988
32
983
852
74
188
893
508
812
365
372
28
930
439
657
889
811
832
528
617
941
504
827
688
399
550
389
323
808
637
476
149
670
460
353
96
0
246
604
164
611
328
545
541
119
202
782
282
386
310
899
327
166
79
16
565
629
405
888
789
395
717
938
417
177
291
513
529
537
469
694
500
149
239
393
620
441
175
902
827
837
153
507
3
232
523
568
861
280
809
651
675
526
941
92
55
233
957
584
122
426
630
975
927
869
368
547
662
896
801
842
733
955
349
737
539
224
657
401
504
818
404
180
696
345
272
103
930
230
688
405
8
670
380
936
892
100
835
906
996
989
748
82
944
449
171
483
25
180
236
530
999
992
710
47
690
334
151
620
916
191
377
925
861
109
213
753
210
400
660
558
389
760
992
685
562
163
169
587
344
757
469
695
750
531
742
440
866
893
412
782
84
790
59
298
899
624
51
461
25
63
20
766
176
12
452
738
528
973
677
224
730
147
271
480
678
13
272
896
259
685
31
695
827
90
993
78
67
45
540
444
460
912
210
636
276
662
726
804
635
756
380
366
903
651
198
933
665
823
182
276
860
213
971
687
655
965
117
722
362
657
166
822
569
377
811
198
391
537
2
379
293
735
97
548
386
295
834
403
470
16
679
330
229
651
369
236
968
487
311
330
144
477
152
66
206
315
264
950
853
618
329
498
353
426
399
740
73
233
495
544
601
527
874
182
178
244
418
498
83
729
828
227
559
332
645
117
648
261
67
853
880
396
703
585
174
102
677
248
687
173
792
288
700
18
470
230
614
241
728
697
970
908
925
881
240
922
999
240
184
66
445
416
815
149
1
989
603
679
589
643
852
381
931
904
400
754
134
14
995
862
64
317
122
341
199
714
263
198
955
447
616
752
215
783
901
217
773
857
896
714
500
748
96
783
652
848
537
138
214
884
352
278
202
474
619
753
188
883
303
495
682
919
248
898
55
501
467
180
710
363
894
210
463
990
346
467
190
235
605
405
120
957
35
674
783
655
779
971
890
82
819
924
353
419
174
408
920
641
588
983
4
483
545
467
825
891
286
16
127
891
773
599
200
808
625
983
463
404
307
705
486
126
630
839
897
156
600
169
798
188
152
154
23
698
974
849
941
260
865
68
152
990
19
352
798
644
688
614
48
995
319
534
473
301
726
370
458
326
539
256
866
44
762
890
742
736
739
35
997
956
104
501
946
475
205
744
120
893
358
168
240
30
55
65
331
781
787
789
459
327
397
325
723
160
215
817
896
306
852
245
262
308
98
208
784
304
305
904
549
15
424
142
397
831
207
729
964
995
870
423
674
268
749
397
780
316
214
676
623
418
274
885
727
372
446
511
28
103
767
930
470
543
72
868
375
631
597
339
978
467
115
652
87
216
401
867
532
967
896
507
386
522
745
465
246
543
976
275
646
95
557
468
990
981
336
365
612
285
57
591
105
172
595
544
740
997
412
624
316
308
132
54
182
877
519
428
420
847
703
418
942
612
886
933
593
575
650
206
212
59
149
317
583
744
862
323
93
626
948
762
286
80
816
468
309
336
896
729
183
952
499
478
564
737
763
158
312
765
716
525
825
217
194
408
313
56
732
759
682
32
521
968
112
689
788
773
25
685
502
561
637
353
391
553
90
506
63
755
271
131
632
96
348
826
857
662
235
589
421
269
621
294
238
85
983
378
858
361
63
712
274
52
417
17
606
507
523
669
614
794
153
246
243
501
73
100
515
308
41
936
577
14
582
167
451
566
546
309
279
961
373
553
14
790
570
972
649
445
993
264
591
146
510
186
648
935
638
163
595
679
452
173
45
34
692
496
952
590
157
231
552
530
136
918
672
58
890
322
855
883
586
447
382
448
633
30
384
272
545
979
303
349
504
349
384
197
197
688
139
355
272
43
237
408
961
910
819
203
232
674
439
170
473
821
618
107
203
354
731
748
334
386
450
190
87
186
739
285
874
879
992
498
922
229
907
236
139
78
439
723
104
878
893
578
699
864
37
254
218
768
355
904
154
805
95
242
991
834
879
217
713
871
716
988
100
975
224
592
405
15
667
509
894
913
87
945
777
124
200
347
892
907
604
399
712
699
993
55
885
872
272
951
743
340
939
195
315
515
139
72
530
807
582
424
720
669
722
849
794
274
196
38
181
800
789
245
851
782
300
737
6
924
688
101
617
979
297
284
494
436
357
24
243
939
801
315
608
875
164
754
149
713
145
682
513
286
927
717
421
579
454
427
503
494
529
472
473
178
757
319
614
114
343
210
53
496
525
13
371
690
120
872
403
617
554
268
903
481
985
324
60
791
752
916
637
633
740
110
811
497
781
777
611
125
987
16
973
513
30
697
555
502
569
310
119
124
930
22
957
268
699
370
59
451
638
49
436
378
511
247
876
293
24
839
418
364
856
743
229
238
440
784
740
10
446
211
486
376
233
443
644
932
813
56
735
803
105
523
182
616
770
58
909
147
897
679
511
105
423
740
343
215
876
435
577
322
646
63
50
232
859
695
516
24
751
604
828
856
127
10
824
250
420
734
397
669
765
260
775
188
352
470
756
580
906
333
254
904
397
304
488
256
999
5
280
102
961
108
310
88
470
135
338
890
221
87
560
986
699
687
175
403
157
283
983
415
616
237
672
13
542
160
621
893
517
902
996
478
362
306
919
833
441
609
75
14
697
635
1
748
674
528
152
832
811
135
599
427
725
271
441
267
784
414
160
301
316
508
132
679
815
51
864
608
12
939
623
709
927
976
810
601
504
962
785
315
449
385
94
174
8
887
793
144
302
306
798
618
814
930
649
981
333
513
590
345
805
565
407
732
541
569
685
45
531
471
712
332
208
806
507
216
694
652
713
996
958
511
966
773
441
616
754
126
481
696
823
286
261
582
370
154
151
56
199
34
879
263
367
87
70
226
655
116
878
368
112
837
879
430
962
672
46
716
798
880
413
974
518
26
556
889
181
60
297
732
94
176
996
813
263
418
39
918
886
918
287
350
107
518
780
69
191
179
785
341
59
550
315
577
929
224
818
462
636
115
194
82
643
542
896
906
312
935
177
198
853
816
548
960
334
329
381
525
508
167
219
567
69
886
496
350
462
315
812
98
782
7
181
426
901
77
684
214
12
213
412
218
29
961
530
364
642
912
241
150
431
812
69
852
699
565
203
161
232
367
260
367
374
793
793
628
870
829
842
234
43
254
804
424
567
687
140
209
599
382
711
382
194
780
586
245
346
141
407
930
509
667
297
883
460
442
511
682
272
705
916
667
312
73
91
879
760
232
441
711
966
152
93
512
933
679
758
631
821
165
561
682
184
211
565
996
653
429
678
277
134
946
944
446
19
36
678
131
620
119
842
586
271
935
450
556
967
208
187
140
725
101
822
909
312
739
257
317
520
935
595
7
234
539
805
605
927
483
737
547
954
931
485
578
867
936
134
186
144
322
678
870
775
852
131
87
943
389
756
464
676
351
471
910
891
628
868
170
464
957
718
418
888
555
996
107
491
131
645
988
805
323
210
932
527
341
371
471
730
127
935
759
479
758
21
722
738
889
892
202
198
962
973
87
518
969
546
361
452
192
349
609
867
559
541
395
901
912
866
983
40
153
742
871
263
764
593
1
5
485
204
556
800
177
643
318
498
541
679
303
733
29
264
601
940
806
348
841
70
214
177
462
719
271
333
982
387
926
335
745
764
891
301
564
420
296
234
919
837
265
574
571
646
838
524
587
996
872
780
67
438
957
529
509
581
215
843
968
493
178
713
257
70
366
173
842
662
759
761
500
25
687
423
671
526
299
610
522
523
391
941
313
700
823
822
281
38
665
602
531
195
315
141
617
682
666
460
696
426
573
196
803
261
971
826
139
270
437
661
145
828
955
458
880
778
280
514
816
297
116
699
845
783
840
462
817
859
274
514
285
848
62
88
461
34
914
600
656
703
613
802
883
568
612
764
346
245
278
514
542
746
214
739
529
406
554
347
265
828
213
902
676
275
342
489
661
609
89
670
312
55
472
196
623
436
312
322
681
590
188
576
336
754
315
217
161
869
564
778
698
129
33
726
405
375
216
418
984
657
88
649
712
912
845
688
349
509
10
30
99
550
606
787
305
274
356
818
495
273
596
193
402
981
272
807
357
840
578
693
497
666
342
210
579
539
898
280
48
260
662
499
810
621
638
115
895
995
285
390
268
882
936
670
215
208
830
572
400
408
618
897
74
960
459
5
852
709
637
900
969
300
752
132
921
390
599
816
737
885
558
5
119
846
28
334
54
858
259
454
618
877
704
44
189
163
402
41
873
39
294
194
339
46
678
260
788
278
428
526
515
339
883
634
185
911
320
592
121
579
398
739
808
102
136
998
618
538
39
843
577
333
389
269
379
68
881
520
698
662
46
213
1
929
199
538
841
519
130
314
451
881
406
259
335
542
257
953
432
649
148
9
982
538
630
714
958
512
234
656
526
632
221
879
561
772
417
754
291
900
69
94
781
475
354
116
369
963
422
801
612
570
162
947
108
793
661
66
657
247
74
183
879
647
62
792
419
831
547
711
731
968
157
512
795
863
981
164
827
403
965
791
973
479
738
434
272
751
852
281
350
279
464
581
926
878
374
346
710
921
409
441
889
566
306
684
430
287
200
609
42
517
752
367
996
843
153
621
946
6
902
297
285
719
878
563
597
604
909
307
525
318
101
766
885
407
802
667
46
354
628
440
871
380
807
868
223
961
841
170
319
743
819
956
462
697
519
412
654
429
719
179
99
172
298
984
931
452
3
329
807
631
769
678
364
929
898
587
242
739
109
561
483
928
869
297
978
740
709
632
169
781
163
269
953
813
605
885
266
961
214
73
944
336
103
308
265
2
248
507
741
357
420
576
638
289
226
616
381
935
600
551
716
115
172
22
929
129
259
547
90
825
620
387
161
75
695
778
77
943
285
171
301
57
99
291
698
325
259
80
613
859
983
329
326
155
703
255
636
962
802
79
140
774
466
301
850
161
432
279
457
69
802
110
127
254
401
825
579
660
905
192
871
888
874
197
395
929
453
384
892
607
815
384
734
281
37
584
794
469
215
603
539
370
713
666
624
114
843
203
126
749
748
997
989
974
195
737
903
0
121
795
959
936
179
693
569
217
629
715
38
845
319
577
215
32
595
839
499
439
394
625
188
142
975
529
116
170
266
20
522
739
167
481
27
699
175
948
268
804
664
306
1
983
236
216
15
831
407
866
270
802
492
810
296
467
340
765
989
958
137
511
50
656
992
429
707
519
378
975
324
42
634
325
377
222
894
392
53
301
611
324
455
103
486
104
922
178
221
263
489
710
774
539
366
118
320
74
990
698
401
666
740
387
991
117
609
237
862
663
891
825
339
698
280
177
802
202
356
375
465
845
85
591
736
452
61
56
878
51
107
279
717
199
19
61
669
628
298
883
643
541
708
334
240
988
512
394
542
868
770
359
65
855
950
153
307
363
561
185
767
668
817
836
868
188
897
537
816
548
772
812
441
480
146
681
468
658
76
362
878
846
721
295
701
23
448
361
386
10
898
505
678
67
342
898
255
591
787
72
491
559
884
933
39
382
614
859
393
42
221
271
888
294
919
942
317
367
303
56
729
553
561
760
621
903
658
876
847
446
300
338
357
536
623
397
919
238
608
312
632
182
935
873
476
854
815
794
574
470
850
303
23
763
63
996
667
722
873
866
520
525
204
229
62
180
978
333
770
587
997
402
769
284
275
245
139
442
391
713
912
241
368
288
5
432
284
24
506
509
242
378
35
798
607
449
978
586
782
748
173
131
151
294
415
778
891
554
221
283
619
133
876
988
773
233
772
58
609
278
567
851
8
954
650
615
403
980
201
537
729
726
668
232
372
84
10
264
990
231
899
962
717
127
950
490
361
74
900
322
352
820
526
712
774
528
327
530
508
881
67
237
959
88
821
332
172
832
948
514
415
199
476
132
326
778
975
39
852
227
362
556
47
888
268
174
416
948
704
276
829
123
514
788
211
335
472
735
519
420
250
935
971
78
419
298
209
746
337
413
974
51
322
21
291
590
547
59
890
251
336
71
375
202
212
586
889
684
674
409
457
276
696
428
354
115
726
915
214
416
329
188
819
651
561
111
593
109
170
484
712
506
555
87
60
767
26
950
804
700
359
261
328
55
41
34
522
120
950
736
536
279
276
355
282
838
818
227
299
989
63
11
847
971
451
260
90
477
210
894
529
921
507
857
328
549
891
850
21
193
939
909
824
215
616
106
405
435
334
56
776
397
68
975
720
519
235
811
348
445
705
877
366
213
86
694
114
329
897
487
523
836
396
699
403
12
158
161
799
844
217
575
593
637
551
314
156
138
125
856
584
830
85
302
395
171
349
861
853
598
348
376
786
744
75
189
109
233
702
908
77
920
484
671
557
387
985
66
525
110
274
461
292
360
116
688
531
817
901
384
415
250
112
201
346
540
742
455
125
445
716
555
365
552
578
274
939
915
692
816
377
967
630
669
327
98
709
210
915
963
947
682
565
411
883
911
951
977
719
429
422
787
984
139
339
914
766
630
829
458
798
558
777
780
579
456
878
641
19
145
604
966
179
169
377
414
432
681
392
503
462
814
290
446
954
981
712
720
611
893
530
410
451
308
542
382
116
421
23
135
918
979
101
98
148
831
512
933
864
256
788
326
71
79
124
377
412
836
449
24
729
331
786
532
639
328
914
756
101
290
891
20
269
345
470
770
528
334
703
392
591
491
718
662
922
842
391
335
30
192
711
111
523
849
995
163
177
909
271
631
199
514
3
821
211
473
591
739
807
294
131
750
137
849
764
412
43
155
99
425
347
810
536
871
11
531
386
188
793
9
171
344
875
174
165
87
999
756
826
807
402
958
909
540
159
674
952
555
181
403
980
529
213
869
752
224
752
490
764
545
851
288
242
726
462
407
813
462
516
992
621
918
302
530
810
813
556
114
368
738
517
701
619
730
570
723
306
674
213
423
220
416
711
462
142
525
221
308
339
737
300
960
8
602
843
818
767
399
933
136
489
450
189
108
533
111
831
191
785
396
614
357
812
677
819
955
555
393
615
894
130
915
855
490
869
50
309
636
801
242
124
291
692
313
399
577
776
583
769
562
979
735
919
144
765
91
451
320
484
66
214
966
981
421
457
202
471
118
190
625
360
315
916
404
980
667
982
757
250
103
671
582
838
590
78
603
33
529
923
517
595
490
836
928
911
645
130
735
763
320
360
475
987
628
879
968
295
213
77
898
316
748
832
507
690
910
462
724
439
738
593
34
228
429
314
491
426
796
226
189
116
586
664
456
214
896
776
862
461
853
760
130
953
944
637
643
854
451
719
293
189
313
679
417
94
993
909
521
789
487
62
257
426
79
65
992
327
841
854
788
46
966
918
999
910
907
995
116
359
714
409
548
27
440
318
474
785
579
347
926
66
409
184
492
488
601
485
815
443
691
956
489
658
874
841
920
134
836
37
493
902
798
393
282
239
711
756
24
642
103
951
709
512
487
553
353
88
38
520
883
82
476
725
92
703
566
12
837
754
401
682
656
200
75
938
791
139
694
167
781
149
470
490
14
957
44
367
398
434
239
633
516
68
358
608
123
276
973
960
30
374
642
687
926
717
977
717
856
24
885
990
173
355
480
187
665
876
906
415
663
498
48
531
566
407
492
689
683
817
1
66
191
643
105
118
712
82
187
921
106
72
911
632
780
743
819
445
972
78
860
987
576
260
518
142
19
362
183
703
179
184
121
723
827
226
193
891
308
732
164
767
805
75
399
937
171
570
382
143
648
594
130
224
206
0
718
226
715
901
281
246
85
402
969
264
628
514
508
936
247
672
703
404
100
454
341
271
25
75
766
673
21
248
250
227
248
968
805
315
222
86
562
659
488
883
924
116
750
784
405
997
456
460
753
556
267
94
179
292
521
945
317
542
193
567
121
794
536
927
109
110
13
671
769
854
907
693
322
657
829
727
654
286
540
759
194
807
853
374
451
374
671
768
268
865
336
389
659
224
316
120
334
682
792
103
536
51
149
858
708
978
938
714
616
830
473
163
637
678
889
88
404
560
208
672
425
544
413
436
120
82
557
806
764
701
262
652
752
411
510
812
741
800
526
710
630
351
225
619
29
114
59
433
674
268
457
452
164
870
888
285
952
797
91
68
498
353
720
602
116
583
766
210
383
292
272
366
995
497
985
24
611
45
809
637
313
266
89
477
137
330
114
441
127
558
510
978
263
582
932
732
165
699
294
901
343
566
267
339
63
252
363
26
649
525
663
314
791
105
144
280
435
258
74
914
168
936
892
432
518
177
516
684
876
810
937
219
376
204
558
791
808
274
169
458
799
184
772
942
289
916
575
76
527
649
343
695
585
587
479
103
764
995
139
640
805
76
212
533
632
770
676
441
396
845
251
195
382
23
490
23
292
65
100
819
66
795
866
3
382
346
106
147
693
598
139
851
26
351
736
11
474
413
452
870
610
55
418
992
78
908
16
722
325
468
893
391
263
760
394
645
458
852
144
151
802
284
354
181
987
91
192
461
504
996
684
114
51
102
459
481
362
475
204
687
943
97
430
558
209
176
203
667
380
700
171
183
336
877
716
323
968
260
137
824
256
821
291
659
275
750
140
637
225
696
676
520
146
106
78
355
634
633
375
14
333
898
549
21
775
265
697
96
525
834
920
133
7
211
792
282
313
285
271
890
981
947
410
479
405
840
187
39
474
562
53
159
812
603
533
587
220
230
35
98
416
956
231
775
519
24
409
185
309
680
75
642
979
486
474
384
678
661
423
152
575
828
664
387
783
197
326
4
779
714
102
195
670
685
322
541
709
731
726
370
411
802
365
390
640
839
126
670
852
549
175
779
729
839
166
513
388
844
869
519
558
323
714
580
8
388
474
70
119
552
440
882
706
157
272
346
348
750
369
200
299
544
979
380
735
497
893
123
694
762
642
604
85
708
537
446
96
11
516
567
563
308
449
270
466
73
968
166
823
337
719
474
881
698
854
616
548
100
91
594
862
85
550
300
145
87
98
593
98
614
160
14
922
609
636
740
682
604
907
857
294
626
331
175
676
538
144
576
638
587
170
852
673
721
504
818
160
602
412
611
568
924
625
843
534
261
583
568
217
842
778
511
468
461
39
497
999
535
73
989
122
596
194
147
669
698
966
829
653
730
440
221
6
417
416
540
678
0
461
896
842
239
759
663
52
798
160
52
333
585
393
456
533
587
603
202
286
921
384
291
3
176
864
10
946
281
902
976
633
363
872
827
954
984
490
7
782
2
411
116
940
804
924
473
744
879
28
382
153
764
673
156
940
889
518
238
170
773
215
155
488
439
983
443
423
825
802
206
828
565
674
120
721
950
593
465
829
973
847
334
737
520
843
30
762
361
268
932
134
483
88
623
275
423
418
698
248
572
904
428
137
930
548
858
880
494
676
62
819
523
396
557
396
239
939
158
953
559
442
439
395
882
414
670
305
832
368
554
756
625
982
893
907
883
104
140
377
780
202
196
655
950
105
51
542
396
561
847
956
4
286
703
886
701
373
192
885
93
98
642
718
80
887
978
963
343
118
692
123
672
241
779
622
698
182
516
95
744
363
403
100
2
106
986
55
479
530
940
572
628
934
643
61
174
621
376
517
91
421
641
763
662
772
385
360
306
254
807
402
617
210
502
971
668
841
26
147
723
319
72
352
253
67
765
427
40
141
945
131
562
938
894
576
62
631
289
368
885
96
771
855
659
625
826
327
818
205
827
542
524
251
246
777
318
11
557
710
504
854
841
67
792
87
995
854
718
284
574
956
733
697
163
744
323
341
71
141
546
250
35
70
501
281
200
171
292
109
881
149
963
722
216
755
161
563
961
232
848
535
540
933
585
703
677
908
396
748
401
943
999
437
365
852
70
917
24
715
26
905
864
989
980
432
96
141
995
57
725
843
945
265
128
530
968
805
790
717
906
543
660
257
332
377
109
403
295
133
118
321
391
334
663
723
766
759
864
761
169
942
957
114
207
85
996
528
243
138
245
149
33
257
406
366
634
867
121
929
353
591
603
744
925
266
467
691
25
683
804
546
625
761
12
185
199
8
713
442
498
310
591
532
567
349
250
201
216
371
483
921
314
86
665
239
704
484
282
81
520
86
628
497
200
640
682
399
1
747
841
851
409
784
383
976
133
985
530
701
356
365
623
670
451
640
261
507
477
543
588
997
982
568
846
182
209
529
933
562
628
126
413
390
910
149
366
395
134
248
448
843
613
423
865
416
64
479
923
541
374
864
890
356
432
736
890
993
617
823
907
598
301
321
988
211
822
354
958
308
955
407
503
568
830
369
337
246
848
612
787
574
476
677
931
261
766
173
254
383
349
162
981
650
835
969
214
9
676
172
317
631
931
821
551
762
542
888
8
742
501
148
316
977
177
599
590
943
125
845
679
474
359
660
476
546
982
690
555
658
215
224
641
146
397
192
908
939
81
269
33
934
417
702
911
946
653
854
890
778
51
569
604
410
581
81
308
563
123
863
573
338
439
214
485
837
407
745
128
840
14
514
774
783
216
37
730
221
891
972
0
942
893
604
704
474
37
12
390
161
227
315
851
667
882
336
856
641
434
336
481
800
850
607
584
418
644
666
640
888
638
640
830
531
596
887
357
986
251
99
499
479
767
350
498
649
39
706
290
473
42
771
273
893
378
209
663
374
875
303
262
513
295
445
396
892
332
106
230
935
205
729
414
972
79
264
621
470
970
263
295
365
34
921
610
764
130
273
491
6
577
753
871
872
550
620
116
882
726
346
170
283
427
584
608
507
201
229
329
523
845
625
888
231
546
850
996
676
124
487
34
53
592
258
277
143
878
394
377
604
92
547
239
520
484
847
379
685
429
708
560
274
685
449
505
231
651
501
260
775
340
294
828
933
552
458
428
782
204
805
738
296
353
978
168
189
825
899
874
254
960
434
880
645
235
386
877
887
239
137
14
932
783
195
217
688
653
645
822
857
450
561
505
155
891
26
344
716
925
570
323
885
357
203
883
944
941
760
183
181
249
198
465
384
745
682
424
750
327
247
959
129
160
816
637
51
842
333
119
120
904
794
5
613
350
240
557
291
0
93
824
601
643
289
338
388
971
762
138
650
9
449
780
169
265
417
572
108
750
692
228
6
486
585
619
836
826
529
480
178
622
304
132
265
946
470
5
917
232
495
920
594
944
700
115
209
469
688
669
571
732
897
930
218
835
549
407
13
430
887
543
52
191
675
669
137
497
674
407
730
169
327
676
465
379
143
675
200
831
344
771
915
594
701
134
781
603
893
146
33
780
689
438
323
717
459
813
214
134
572
296
655
899
972
121
630
116
148
830
299
492
953
215
438
655
701
219
610
594
717
995
726
407
785
49
476
245
214
690
731
786
987
386
685
311
859
667
779
7
497
79
852
451
646
290
458
699
862
68
293
579
415
371
338
201
420
814
446
635
857
529
773
844
915
459
507
127
126
287
134
976
718
986
427
716
629
885
415
843
305
60
774
72
431
113
273
203
279
71
190
136
600
964
332
868
423
840
995
901
479
129
229
549
468
656
265
449
893
680
292
550
740
66
623
171
531
248
726
163
320
917
651
272
881
984
140
656
176
487
557
7
969
139
556
437
795
821
238
41
853
530
943
593
948
918
116
832
167
842
995
839
111
646
111
992
982
604
648
158
443
558
517
412
697
73
201
844
894
439
237
747
321
181
692
270
99
160
102
266
355
449
457
466
95
921
459
78
877
107
588
320
17
106
733
714
531
934
559
426
726
796
525
47
329
570
317
429
82
771
47
437
220
857
904
668
778
715
98
655
174
38
327
192
144
60
258
676
347
169
454
73
318
331
472
647
253
790
428
336
913
828
125
486
685
29
506
463
96
604
470
623
642
797
167
139
210
425
167
557
947
621
982
265
304
454
264
558
596
693
246
862
521
371
348
558
753
854
21
849
810
843
824
804
992
991
943
202
417
110
111
716
83
93
981
740
900
245
650
496
290
896
710
811
619
58
369
372
264
742
574
426
937
398
231
930
390
174
132
159
637
244
875
72
689
208
164
589
453
814
438
744
62
148
907
682
559
629
54
823
723
980
250
661
379
833
591
121
359
723
632
996
319
859
421
9
419
585
950
872
400
388
968
814
889
228
496
448
857
903
623
580
883
225
593
614
58
184
87
418
260
71
766
931
282
187
940
701
125
243
926
877
983
894
691
872
474
540
672
683
443
296
616
326
521
209
293
932
394
380
702
6
804
468
937
86
8
230
788
133
473
714
362
456
960
53
681
435
593
353
470
388
649
86
67
523
296
360
807
42
92
509
48
896
977
985
335
337
215
123
822
40
189
184
849
149
590
530
936
535
883
407
924
885
845
991
408
141
703
215
183
795
724
231
44
53
569
379
391
136
854
565
177
395
750
26
896
340
556
833
875
791
592
799
676
437
142
84
931
845
651
114
993
727
698
389
133
619
120
876
755
326
441
284
721
191
310
617
531
218
802
759
362
394
910
38
184
405
475
115
250
126
581
595
206
631
984
339
250
456
215
6
782
656
290
503
200
953
121
83
523
923
842
885
670
105
276
854
510
751
321
112
229
254
708
787
886
44
126
488
501
693
494
283
702
137
139
254
442
260
337
317
183
532
555
205
989
831
59
499
934
732
963
515
339
23
303
577
68
781
65
921
827
912
556
881
401
695
135
843
955
472
512
491
356
67
696
345
250
108
844
184
192
160
700
531
183
355
460
603
136
526
524
315
790
433
196
191
128
331
386
436
156
898
279
512
318
327
858
568
435
54
105
980
214
157
863
398
512
324
1
0
202
878
668
992
311
864
535
791
196
921
227
352
171
858
864
841
186
74
410
973
129
867
953
343
24
817
93
888
493
95
240
695
325
908
39
636
125
574
427
321
495
7
25
18
217
241
860
403
316
622
377
797
489
330
140
865
499
586
105
992
681
697
687
6
958
726
994
83
652
773
756
499
780
781
518
350
374
730
753
690
352
482
487
193
165
980
58
664
566
515
9
599
212
48
957
522
127
951
605
779
724
713
279
857
494
797
559
221
527
312
911
231
147
751
424
312
83
834
328
1
701
337
600
265
386
909
788
513
212
745
292
288
459
571
145
305
720
704
526
599
369
790
830
516
893
606
828
976
440
156
977
141
846
929
407
232
838
547
745
50
292
389
338
751
313
836
409
33
892
935
633
613
77
815
481
970
422
661
946
862
818
275
356
16
556
115
248
394
662
345
796
306
86
487
410
399
323
819
433
567
106
418
181
184
233
662
154
7
324
453
222
494
728
578
862
285
45
110
31
707
807
828
365
893
667
775
293
990
594
78
909
701
848
442
885
433
457
39
441
133
844
663
979
573
593
841
210
638
951
593
697
110
773
62
3
440
838
648
782
432
726
692
485
926
486
370
360
943
762
801
76
606
464
55
531
57
896
93
47
199
687
744
309
812
806
665
253
644
665
35
429
744
79
914
670
918
637
30
861
751
831
290
709
647
697
593
56
594
686
103
145
725
847
807
890
6
824
143
2
489
530
431
233
962
698
904
880
687
934
741
438
118
383
147
765
81
92
822
675
131
277
172
208
125
331
98
131
155
241
485
645
124
917
230
86
967
134
966
654
421
59
444
539
443
943
656
524
36
830
551
167
108
75
375
585
407
474
68
562
67
553
559
191
822
790
629
789
276
947
795
697
359
591
588
802
535
245
678
923
75
581
90
183
8
817
120
415
643
188
330
63
742
241
606
564
31
236
354
308
535
501
357
894
93
946
48
980
191
726
903
618
659
345
154
668
514
274
435
158
463
765
573
205
7
179
769
390
767
475
50
303
329
408
197
774
354
246
754
545
324
9
515
336
354
669
4
868
944
439
378
759
557
303
964
916
483
85
306
250
913
357
905
242
765
455
368
119
701
122
16
377
131
883
713
837
553
717
57
849
509
788
608
66
91
924
982
926
361
640
177
626
997
434
868
114
889
588
585
942
710
953
320
193
837
385
30
742
103
440
943
964
228
903
382
319
827
716
246
540
356
775
167
706
561
387
172
451
976
758
393
38
63
65
232
252
451
614
994
906
54
937
870
282
840
604
954
19
320
552
912
28
327
79
86
888
466
259
691
794
369
437
833
432
502
65
685
953
31
31
211
86
321
81
720
161
37
26
533
357
578
445
738
257
876
824
498
694
83
189
489
452
626
674
237
129
91
274
434
122
305
646
560
626
79
281
140
117
659
673
826
238
470
916
495
698
741
993
392
176
535
233
981
513
907
218
994
998
492
429
473
149
427
33
776
506
666
916
975
326
941
154
564
763
70
411
461
163
757
205
340
644
791
673
157
698
891
152
49
735
581
522
236
360
907
12
218
574
928
546
252
221
700
168
984
122
579
797
286
688
355
978
332
146
651
490
196
894
642
245
981
575
119
217
935
27
582
153
953
862
699
205
84
751
373
420
226
304
570
864
993
925
842
677
423
845
167
619
91
161
217
424
736
336
993
23
715
575
177
668
438
228
225
874
332
598
646
558
255
216
422
600
493
616
277
268
461
445
888
904
606
105
680
695
793
673
718
509
601
247
177
39
828
403
265
160
353
263
718
608
480
140
560
325
756
838
594
569
635
834
473
593
939
153
288
732
178
359
241
779
606
771
170
434
526
787
594
879
51
664
840
531
804
400
208
912
590
154
481
225
988
306
171
279
811
459
12
990
170
605
121
129
728
292
915
254
79
862
486
130
526
326
13
331
78
574
595
21
728
77
598
717
383
769
996
547
581
360
537
751
318
658
880
46
302
148
301
382
10
139
864
536
465
230
219
895
804
815
268
532
892
867
601
627
636
950
174
569
662
63
673
980
74
553
379
376
53
32
110
63
171
975
600
988
557
171
235
361
986
504
245
230
723
199
858
711
149
384
281
163
800
954
496
874
859
875
250
913
259
713
976
430
688
928
770
245
100
5
958
438
861
203
669
584
402
879
296
903
263
929
419
415
883
915
289
94
142
892
359
401
605
688
183
645
616
953
242
68
310
200
507
172
755
176
756
510
407
404
765
670
333
184
86
568
451
727
15
593
619
374
346
224
62
881
869
31
834
111
99
145
663
958
317
419
134
425
281
541
830
46
564
515
231
2
436
682
729
451
628
701
825
326
925
240
208
147
271
394
610
370
891
274
329
560
45
815
986
326
709
168
372
625
35
955
627
471
990
708
922
970
409
100
296
687
340
856
186
611
603
796
333
494
422
14
55
467
830
393
793
891
913
518
516
948
473
495
772
815
555
694
785
317
794
434
356
134
290
542
97
893
338
431
740
761
445
147
228
627
892
374
870
157
244
386
105
717
233
877
885
789
924
670
458
70
104
814
557
747
356
654
992
694
85
732
807
883
231
388
862
123
114
733
280
358
471
738
427
57
967
312
198
243
983
656
314
439
470
871
186
826
525
179
872
963
263
32
198
495
420
60
970
534
145
603
892
617
693
319
26
660
632
224
904
967
880
218
406
350
441
945
528
966
124
752
281
739
784
479
234
204
540
557
90
37
160
982
6
205
654
32
865
638
256
121
957
136
691
363
838
132
660
718
451
784
823
732
524
607
212
110
164
104
19
254
141
531
589
148
736
243
180
954
881
789
75
838
277
119
553
468
603
214
538
54
350
361
139
226
969
703
689
485
807
708
739
300
592
680
800
328
923
333
634
156
122
62
346
399
181
252
219
136
818
758
543
168
119
682
747
440
385
788
277
544
496
17
196
440
49
997
121
973
330
755
481
804
817
828
555
350
80
775
487
250
533
30
418
4
64
517
797
801
305
74
697
154
443
893
594
493
890
715
466
572
823
947
376
640
127
932
991
559
59
830
809
592
860
580
948
924
449
745
725
755
820
422
909
263
667
855
756
910
923
574
482
746
874
211
386
1
495
729
913
554
559
74
498
771
654
446
47
104
192
124
211
364
898
472
627
566
327
736
476
250
662
310
348
536
873
87
890
368
168
803
922
80
229
420
851
236
867
251
692
411
375
903
775
274
375
754
192
54
842
20
657
505
682
5
41
556
444
283
924
613
438
847
693
668
267
544
904
486
147
596
897
523
499
24
149
226
131
693
632
973
65
289
478
747
647
872
303
91
507
580
704
946
427
397
614
46
294
870
885
441
466
134
316
317
511
817
895
642
510
527
615
575
817
446
323
464
670
978
907
177
910
612
123
689
361
89
736
7
959
973
801
777
107
117
446
618
935
341
612
797
869
228
373
38
26
48
854
48
378
761
225
289
725
701
978
87
142
66
446
454
39
247
231
499
717
678
469
4
371
434
801
240
14
526
630
40
574
484
88
305
246
665
594
323
718
924
762
213
991
209
667
382
808
250
233
525
280
55
529
652
489
331
244
503
857
875
895
784
359
335
89
957
352
35
281
71
959
43
636
302
604
303
685
413
553
270
938
186
325
468
838
166
151
82
669
360
957
916
496
669
251
937
626
604
972
907
27
284
303
663
586
907
318
623
320
223
246
611
409
571
431
247
90
582
682
111
294
639
28
143
308
279
80
287
235
405
546
262
41
849
277
627
109
595
603
429
819
849
392
228
772
823
828
862
757
510
326
52
149
354
195
810
985
627
97
221
32
995
835
73
845
113
53
306
708
8
87
879
209
480
108
981
303
936
196
61
446
522
465
947
228
12
109
213
639
558
434
24
554
622
449
751
735
854
57
795
214
144
27
423
976
135
757
280
423
305
693
221
827
158
520
55
522
630
620
161
188
407
537
94
29
339
845
116
545
254
263
760
751
290
535
727
425
292
7
200
597
700
421
776
210
294
183
732
924
804
246
464
211
135
559
592
826
756
708
372
363
971
484
114
262
19
841
39
312
201
240
261
253
13
38
464
307
221
548
583
377
146
48
588
282
959
532
108
67
240
832
430
212
316
544
474
688
386
865
352
587
105
613
192
119
3
656
778
225
557
362
954
703
410
895
337
721
427
446
788
668
630
219
232
299
763
706
987
501
923
339
440
29
304
633
500
308
641
278
885
198
992
839
254
754
734
591
475
162
389
616
830
20
835
62
671
950
120
658
804
43
349
596
424
653
229
276
961
223
907
846
773
899
686
27
654
772
619
481
934
8
97
116
380
284
530
51
587
2
709
391
398
410
987
174
64
569
451
377
792
358
576
565
609
614
945
615
386
564
449
673
572
898
141
305
183
24
356
770
26
418
513
776
828
852
303
244
421
754
622
565
464
550
483
425
164
428
41
550
344
490
575
916
388
717
221
923
741
930
45
119
348
558
248
176
763
551
773
536
657
395
102
473
945
937
898
461
717
939
363
61
781
939
977
522
8
551
797
101
481
843
572
181
753
820
709
516
723
482
53
380
229
507
853
526
444
104
987
161
43
351
222
177
642
551
51
2
454
848
103
287
691
675
468
445
848
178
313
923
12
366
304
242
873
509
768
669
613
756
830
9
459
404
538
453
308
589
455
762
437
558
402
481
585
222
926
785
752
591
709
765
958
365
7
183
874
127
205
840
883
35
201
694
792
739
147
452
328
602
214
117
512
968
598
450
191
876
235
943
468
944
708
778
309
67
961
536
195
166
728
430
554
929
477
698
20
624
150
700
579
716
817
443
685
768
893
228
644
129
171
464
425
232
242
87
299
556
623
846
74
703
277
980
984
754
678
356
730
180
56
661
897
225
105
934
993
350
162
990
831
685
454
609
269
49
696
921
605
671
767
679
374
396
660
710
502
690
66
233
871
122
246
768
699
703
54
45
54
568
387
237
253
841
846
523
890
542
444
847
213
563
527
939
960
187
649
462
877
67
47
100
541
294
220
241
997
274
638
403
842
25
641
448
218
487
323
109
382
767
308
947
682
835
239
642
374
888
457
604
956
504
704
497
150
925
90
148
551
728
903
394
753
544
194
324
384
517
433
118
636
93
65
318
929
304
313
303
545
770
259
853
626
964
702
777
889
793
277
440
873
180
186
979
725
732
303
461
249
88
579
237
181
644
908
462
301
221
766
846
343
377
51
969
341
753
98
582
898
375
375
772
556
913
103
633
646
406
94
247
846
673
485
27
669
393
490
970
966
608
168
661
985
219
630
679
325
81
261
223
456
988
347
364
902
802
997
548
208
91
795
406
116
632
786
786
377
276
108
343
236
629
356
573
200
339
252
525
420
866
101
876
854
800
241
756
603
590
656
163
682
452
570
150
436
356
936
814
984
397
509
572
26
866
145
226
205
750
104
625
616
205
853
822
357
446
579
960
37
235
476
71
39
398
221
476
754
510
642
90
907
151
662
285
17
159
511
574
909
967
551
525
524
405
348
882
203
279
194
592
866
670
663
258
68
237
86
174
747
728
264
6
879
278
291
249
438
802
823
347
770
375
225
294
132
925
528
335
204
723
280
422
393
943
680
814
532
118
988
279
846
605
285
726
235
576
327
673
731
150
373
853
877
598
499
361
875
28
49
431
103
329
853
496
624
886
662
157
4
3
788
203
608
74
281
843
2
608
869
733
110
242
938
340
192
438
701
67
818
750
498
921
79
703
769
56
941
432
213
946
435
1
149
395
427
430
590
430
390
459
515
500
53
806
840
597
244
894
16
414
644
514
335
76
570
456
132
511
888
345
809
675
698
310
422
126
92
13
908
482
824
423
335
230
229
175
827
825
69
196
591
66
62
278
142
632
735
274
496
975
971
305
651
669
616
425
795
708
438
703
191
615
479
526
845
60
53
24
238
475
220
829
893
283
108
35
267
843
661
763
818
632
69
821
653
37
247
801
745
37
856
288
652
335
166
849
748
220
874
986
47
446
815
940
729
923
327
349
118
340
112
289
324
533
110
977
570
709
130
316
99
987
956
751
674
123
953
422
695
827
760
94
273
576
386
355
851
713
56
970
405
168
259
729
54
721
58
624
783
189
292
234
176
249
337
202
724
290
625
419
117
385
513
743
313
899
450
517
964
506
839
369
26
450
450
80
171
508
57
306
49
349
540
225
950
878
428
674
168
405
445
638
142
310
733
808
561
183
325
525
689
164
246
67
614
48
148
137
557
205
796
606
906
336
184
857
566
964
883
87
721
681
725
863
991
458
23
553
993
348
430
34
864
29
101
830
77
249
968
634
806
116
593
713
452
129
922
371
93
805
458
814
838
535
29
830
345
53
735
690
753
165
724
618
194
177
800
272
427
768
258
585
236
203
298
41
332
572
412
425
730
222
591
568
109
973
398
454
26
133
144
131
651
220
101
197
397
902
469
176
22
80
762
259
283
412
300
616
985
712
393
715
286
337
283
395
310
34
849
688
519
345
819
522
565
921
720
314
823
189
491
845
269
605
104
905
17
404
521
354
468
914
421
754
603
705
501
913
91
350
601
962
47
421
485
964
694
205
279
517
746
122
714
368
727
171
273
96
927
146
451
396
412
224
502
16
929
4
929
372
706
883
335
754
304
172
70
350
377
701
219
475
823
933
843
902
104
468
351
32
614
154
780
27
378
634
43
660
638
324
32
697
207
719
803
863
891
873
213
620
927
784
96
102
718
291
5
174
760
356
558
374
862
690
753
240
325
148
900
315
473
933
12
32
4
167
248
248
393
813
220
320
598
316
422
316
960
779
842
720
487
401
446
349
91
552
590
768
700
490
436
525
775
448
910
132
968
158
380
361
971
600
33
569
269
455
237
229
587
80
301
74
833
99
776
276
651
366
45
704
208
481
581
336
281
491
468
601
649
200
962
973
152
347
894
421
803
132
2
742
212
303
168
397
403
944
673
406
662
70
110
871
903
692
559
537
535
27
138
185
579
453
510
731
800
404
153
955
536
507
49
100
811
218
849
566
162
523
972
825
945
435
48
201
127
607
738
662
986
228
199
917
33
61
648
186
466
153
493
354
661
543
455
824
761
304
390
275
179
714
100
477
149
500
678
628
459
768
643
797
996
194
714
382
256
363
920
722
868
413
428
529
308
883
353
69
540
95
345
71
810
797
548
311
650
226
940
109
994
935
907
343
129
973
77
737
688
997
811
557
410
240
438
719
123
144
140
15
239
837
87
49
987
635
713
637
862
653
746
208
940
5
551
69
979
628
807
667
625
618
224
388
858
15
459
334
159
951
349
398
789
788
800
776
424
513
413
638
518
511
846
458
517
750
879
496
730
686
515
356
657
92
96
867
107
907
553
266
858
255
664
647
43
816
775
819
329
188
457
199
52
656
657
569
406
537
417
136
575
284
844
584
376
292
804
483
199
357
749
58
612
766
57
8
934
833
827
616
373
285
815
425
293
825
346
699
714
115
187
641
400
384
226
776
676
30
260
228
739
361
638
352
479
695
712
414
880
539
30
606
176
845
383
469
22
730
520
736
197
708
378
597
92
956
374
120
338
986
348
77
699
986
781
179
34
493
593
914
385
975
872
561
172
256
383
195
338
903
931
535
963
661
133
407
969
859
528
307
845
228
737
544
215
518
723
249
364
668
515
749
643
388
662
816
996
45
363
334
949
646
221
264
660
354
672
629
565
552
289
410
780
26
307
347
896
382
596
260
51
464
361
46
204
24
214
552
69
929
238
370
576
459
635
236
166
307
865
731
211
506
494
991
532
801
339
429
183
287
41
586
103
403
985
307
779
551
859
848
481
97
571
57
909
206
645
75
865
862
806
76
369
300
67
901
453
758
682
637
46
724
575
501
479
912
809
258
464
20
458
945
470
29
354
379
587
351
806
452
213
964
528
582
617
948
836
70
706
870
59
104
946
987
606
425
899
767
35
363
139
846
660
609
227
366
340
815
717
498
267
931
463
148
865
80
96
53
502
154
924
562
259
870
549
217
648
448
984
35
164
123
233
824
85
461
543
777
628
260
628
247
543
91
395
761
523
843
166
25
998
90
587
609
313
488
826
313
937
810
700
453
285
934
629
722
747
172
852
727
785
480
974
680
571
722
441
446
565
608
471
915
50
411
524
715
899
350
28
188
512
729
641
798
15
271
872
762
795
724
489
580
204
815
261
127
537
54
573
455
14
45
370
65
456
895
780
707
245
161
896
110
890
537
908
905
160
780
19
956
857
860
536
61
675
149
189
565
204
114
20
570
159
742
635
967
637
768
675
235
929
923
345
171
460
605
428
621
737
799
929
594
659
817
656
686
967
197
251
523
311
623
93
823
366
81
142
355
201
169
942
482
92
639
