150
699
353
74
769
101
183
928
936
171
954
666
526
560
474
320
920
356
476
780
147
171
770
53
984
304
71
134
657
830
346
160
881
699
234
650
152
769
930
440
940
236
106
467
796
932
139
716
288
967
849
787
490
619
840
474
923
911
961
933
742
307
93
623
358
327
626
510
449
556
950
389
793
408
208
941
340
700
10
980
19
859
767
510
830
608
336
754
871
297
39
613
956
132
589
314
811
215
176
260
123
478
2
916
886
562
210
578
614
220
558
634
79
678
496
909
638
832
15
509
130
54
475
438
538
64
753
702
279
281
314
754
760
316
671
998
231
233
577
845
453
487
479
884
165
327
145
155
160
513
665
642
567
492
80
458
556
185
512
187
467
826
941
579
143
964
577
374
197
506
571
2
994
403
886
511
730
384
667
242
897
684
884
816
176
317
274
84
854
138
271
321
965
564
252
460
529
830
186
78
336
757
433
682
160
671
194
243
55
213
485
952
897
722
769
425
39
395
509
893
534
132
567
851
696
819
311
577
1
497
8
338
606
441
372
767
112
566
10
520
131
847
472
28
569
593
805
608
341
314
854
227
798
421
430
847
592
741
776
594
590
784
284
196
577
656
315
42
575
677
562
706
525
386
87
94
332
892
55
25
559
909
604
357
682
34
556
274
775
333
868
717
469
504
913
47
161
229
441
736
906
355
442
783
741
881
878
425
774
933
802
333
842
406
42
524
440
951
150
567
284
371
284
753
875
550
152
36
779
593
124
37
948
919
821
42
800
51
819
574
984
622
259
178
28
654
54
821
605
204
388
241
575
25
994
451
575
499
839
354
92
964
743
393
883
916
435
683
967
606
610
303
228
869
481
609
875
535
430
480
740
170
73
667
195
68
118
770
567
310
476
11
274
220
404
157
488
191
840
456
798
450
759
378
672
593
987
547
128
769
380
220
940
453
888
135
873
358
906
792
668
734
804
942
954
560
451
795
104
292
603
902
94
714
632
118
307
620
18
436
741
750
656
681
555
896
169
781
255
427
573
923
161
729
218
468
642
669
263
746
313
866
0
760
932
632
878
240
604
248
28
698
998
684
379
906
933
900
687
188
327
612
111
841
342
681
309
336
351
924
82
664
142
434
424
74
418
303
314
375
903
342
73
902
379
804
808
312
705
847
852
384
459
315
225
801
997
534
489
348
810
571
12
952
357
789
27
776
444
693
151
347
388
576
601
767
380
761
431
85
608
283
470
68
598
47
221
947
582
711
295
744
634
660
697
992
449
76
120
245
769
623
592
157
199
546
276
579
307
59
17
916
694
839
336
293
886
557
592
820
620
888
565
607
900
262
599
701
338
71
946
459
694
890
617
893
436
245
824
744
305
841
12
999
680
348
644
567
257
589
387
878
477
304
485
729
566
436
430
256
507
376
716
553
618
685
798
55
282
622
151
939
464
163
291
144
511
287
63
768
876
803
998
705
107
483
434
26
919
864
282
778
592
350
683
211
387
481
618
670
104
769
609
920
932
900
416
795
540
480
915
416
635
914
122
742
397
556
768
669
773
403
799
717
105
483
280
493
964
898
163
420
19
124
340
951
377
109
98
917
589
14
685
576
928
807
318
677
716
439
346
489
194
498
206
299
981
487
792
297
737
307
70
757
784
762
60
513
871
159
430
812
525
467
388
453
275
707
130
343
498
829
832
692
679
390
991
660
229
136
309
319
443
731
76
579
494
488
92
365
647
874
178
524
342
918
977
969
625
460
312
475
641
496
167
320
886
511
332
468
647
993
787
442
725
215
374
219
703
466
936
703
341
114
227
35
33
557
4
10
17
316
838
10
812
5
330
50
868
662
870
515
7
657
310
732
224
684
951
928
502
888
631
195
354
858
230
739
415
586
102
784
254
940
794
418
297
476
821
518
490
691
33
498
701
695
230
925
731
534
853
234
774
484
429
128
695
12
220
462
598
674
247
853
966
393
623
615
870
444
133
360
136
519
210
837
214
441
114
946
327
968
532
101
804
961
581
499
325
801
962
924
827
561
129
793
954
752
761
176
549
894
889
685
413
99
874
980
892
988
278
219
308
810
320
113
123
902
964
449
55
278
373
235
839
854
380
146
958
141
674
507
36
563
544
801
15
770
781
907
759
59
479
67
869
799
532
993
53
497
442
109
775
167
344
967
373
724
465
683
218
139
191
254
55
87
407
422
858
189
329
969
600
808
388
470
960
921
815
13
770
609
474
897
128
170
864
501
247
681
184
465
173
727
71
228
167
478
650
25
667
331
346
268
492
734
90
452
7
257
817
777
866
292
27
346
462
891
199
709
925
383
526
98
463
597
678
630
76
328
7
743
11
353
363
503
439
805
307
799
62
125
576
280
769
955
626
583
847
825
645
124
561
171
222
376
769
900
6
845
580
365
940
943
718
656
799
509
461
106
308
876
583
237
156
704
192
783
288
391
960
933
515
873
104
737
249
225
989
255
422
569
972
363
865
42
371
664
552
832
770
860
708
706
449
217
410
642
352
698
385
312
983
901
186
88
990
435
665
980
43
88
901
15
803
766
58
174
430
962
358
553
174
67
611
624
284
21
618
636
72
3
300
55
904
838
495
895
626
161
227
21
249
128
388
404
247
446
578
677
760
936
582
935
355
193
911
991
567
529
979
639
532
280
694
789
470
542
36
96
703
263
117
304
743
506
708
342
304
638
372
65
574
954
352
930
500
263
921
67
144
901
706
676
533
752
817
3
294
205
452
349
820
569
5
564
427
65
906
732
703
278
149
630
585
853
560
85
116
833
152
260
86
210
288
619
314
458
975
961
663
427
662
484
348
668
400
128
85
658
860
789
937
361
419
874
214
331
311
682
164
815
294
603
25
934
574
339
392
549
652
56
328
315
892
29
335
292
157
420
950
369
209
239
730
980
113
296
311
424
330
828
239
624
783
616
558
357
308
951
259
960
359
587
627
251
968
962
895
125
383
845
494
944
437
576
925
902
224
588
679
554
768
270
178
551
887
89
261
547
40
520
859
751
459
487
354
428
449
249
905
832
446
752
777
235
328
54
138
905
642
817
459
763
87
990
314
326
79
575
873
471
447
85
574
907
572
928
335
21
529
592
206
327
344
335
563
25
389
53
930
383
870
741
146
309
83
813
988
514
740
213
985
188
298
911
95
870
191
782
244
720
374
802
400
71
137
963
96
878
16
378
261
238
119
760
899
203
573
887
717
665
101
55
853
751
966
300
974
158
82
218
230
809
20
630
232
509
945
328
387
313
706
0
903
177
760
803
380
685
42
450
351
495
505
556
247
823
857
221
333
291
791
916
452
811
898
684
672
196
364
59
509
70
59
413
600
172
568
980
857
610
782
560
458
639
117
705
815
974
278
148
265
69
416
70
232
315
754
904
511
119
963
372
541
374
137
141
898
705
474
756
668
256
668
126
896
785
183
711
111
461
211
729
530
628
799
762
295
553
666
158
24
981
530
566
707
668
707
606
373
533
714
393
790
382
519
38
520
702
101
631
163
312
360
45
292
159
807
587
65
825
97
89
806
628
7
866
296
715
472
21
600
186
415
390
920
286
780
440
989
881
72
504
546
784
550
838
296
709
778
361
535
875
802
693
855
810
911
151
877
383
173
477
921
940
220
194
226
0
634
567
882
58
424
780
195
326
970
491
35
100
204
922
328
6
968
183
816
879
687
693
615
212
171
888
152
391
82
730
743
69
298
977
479
74
757
674
400
80
165
787
180
721
710
508
728
30
44
544
261
731
590
228
943
113
117
447
856
551
177
599
972
827
929
452
253
686
478
653
766
996
441
299
717
503
159
445
885
203
342
146
286
932
375
581
397
844
28
253
747
558
852
72
737
781
524
991
820
354
644
938
350
437
589
68
940
749
865
825
304
207
324
591
491
51
172
888
247
553
141
994
111
346
418
848
479
294
191
651
649
836
590
999
625
531
419
918
280
637
743
585
844
419
528
688
470
700
576
69
605
70
416
716
768
834
917
247
129
108
899
778
296
841
129
922
372
901
192
5
538
287
942
382
707
470
422
529
522
999
599
128
421
15
196
189
849
465
436
978
574
687
108
222
880
238
496
605
491
688
610
29
976
904
763
683
726
186
564
248
537
163
728
958
178
277
147
380
742
935
710
668
975
819
891
855
409
739
460
900
428
422
929
756
326
44
791
52
230
355
653
767
519
733
77
49
10
576
429
753
864
140
773
839
311
664
46
720
404
859
972
184
281
253
292
960
297
83
364
528
438
369
647
309
103
77
711
465
653
492
570
517
984
344
708
647
360
755
367
116
966
691
300
599
944
944
559
242
27
276
122
818
997
769
479
100
198
190
918
852
35
488
721
371
184
782
19
545
889
386
661
855
430
314
454
374
258
366
616
638
642
90
456
639
212
287
92
410
478
362
614
865
850
336
236
387
470
255
932
359
994
945
214
424
611
668
150
222
34
119
860
28
209
668
20
421
955
464
832
785
826
446
2
28
134
239
415
604
846
699
315
192
645
529
616
608
550
767
182
936
238
394
965
447
62
337
869
370
801
53
507
627
851
510
655
338
101
71
294
947
770
610
492
767
139
108
728
689
227
910
626
465
305
943
265
719
280
486
89
81
539
949
60
742
459
715
80
912
138
727
211
909
337
703
28
828
164
756
870
743
667
848
561
972
791
826
691
423
312
133
856
203
82
916
945
893
983
378
805
122
105
16
383
794
720
763
622
236
520
492
979
539
340
540
863
483
366
906
906
678
39
114
881
473
382
179
366
366
909
171
840
366
540
575
160
612
338
782
848
210
627
827
749
319
368
964
803
86
871
61
765
910
176
998
736
910
529
102
628
438
626
468
804
166
43
316
130
734
99
978
944
78
805
46
397
525
10
552
612
881
614
729
144
142
79
232
52
961
334
681
751
312
501
556
478
897
224
608
631
675
938
927
753
96
973
503
621
336
55
585
569
669
666
713
811
98
945
216
59
632
897
810
944
750
718
775
647
295
735
278
970
674
206
724
122
531
227
743
867
282
681
437
304
699
502
467
797
800
683
208
432
932
371
728
35
89
855
682
384
591
961
707
617
519
431
739
50
10
834
918
644
867
707
300
567
209
768
716
9
803
925
793
88
296
874
123
737
729
805
474
672
118
181
641
637
964
380
688
326
567
958
970
434
17
271
353
226
391
70
588
546
995
733
634
643
959
757
380
689
915
854
713
33
387
355
671
351
87
711
677
654
21
0
441
38
623
794
616
366
864
556
912
211
290
547
854
601
656
587
642
571
793
356
957
181
63
980
884
150
43
914
805
64
266
598
454
889
392
422
607
609
979
519
172
621
418
379
222
75
966
865
998
759
573
955
292
636
287
529
786
330
443
943
746
61
541
200
302
286
623
909
247
954
428
419
575
199
798
149
274
764
366
624
876
939
932
520
575
219
49
714
550
844
657
648
905
551
849
207
189
824
468
436
130
249
855
705
448
654
206
74
770
573
698
998
864
982
519
792
202
920
506
104
765
515
752
22
418
953
582
607
129
50
43
259
651
899
316
99
905
523
173
27
448
224
26
312
206
897
104
760
817
962
216
934
478
969
309
896
274
891
504
404
293
899
663
945
150
980
396
55
855
570
83
655
146
461
967
704
710
424
465
527
386
681
814
864
2
123
113
277
366
969
681
659
868
696
956
19
28
353
426
235
275
861
890
773
322
858
477
384
282
942
912
20
976
78
885
978
201
350
255
919
319
288
930
539
985
887
558
365
592
337
601
219
198
491
344
873
701
821
257
335
116
521
356
92
599
593
422
152
943
678
71
262
318
2
801
655
241
712
21
185
49
974
756
247
465
100
472
519
921
730
854
37
251
562
481
203
155
904
355
98
934
779
360
252
781
514
260
374
226
633
911
627
607
667
226
424
767
699
943
688
429
150
78
32
712
911
235
868
167
591
966
101
722
679
706
855
545
966
229
123
599
140
750
206
807
976
982
926
675
926
966
456
428
396
489
140
308
724
360
475
667
327
929
389
358
635
244
903
953
825
378
552
965
128
110
124
104
92
50
132
370
369
588
798
765
77
291
73
154
651
901
821
330
830
211
40
817
807
295
770
633
673
674
950
801
136
427
258
580
829
390
951
198
330
101
964
408
744
389
562
748
290
735
430
472
298
471
641
106
766
411
91
792
437
41
945
573
820
203
154
650
945
457
848
628
910
812
388
655
202
950
403
844
37
833
669
336
656
310
794
775
74
885
567
511
278
512
437
99
68
591
101
365
400
949
345
310
114
733
965
668
35
720
512
73
554
533
409
562
196
555
337
270
792
256
133
70
121
570
521
541
513
622
906
913
924
604
224
38
337
541
706
373
262
570
446
168
104
207
730
300
114
420
922
906
676
55
976
797
978
850
338
843
824
597
757
748
201
333
786
538
874
844
263
136
415
61
656
871
268
387
523
734
159
445
640
835
852
969
633
182
819
323
26
643
920
783
744
121
468
882
12
342
727
627
831
494
689
839
365
309
578
888
44
737
685
684
573
889
653
558
72
824
881
98
468
802
233
564
275
701
446
639
395
525
267
578
19
956
418
384
617
348
624
661
86
661
346
11
551
351
569
975
176
450
73
996
604
658
560
232
711
358
223
458
884
490
37
903
798
807
640
416
155
616
429
593
278
127
604
181
479
173
156
7
976
581
3
580
239
915
164
302
273
388
760
509
878
149
765
29
956
405
797
464
373
226
409
3
706
14
184
185
539
692
192
515
625
547
448
216
814
612
518
439
352
279
949
583
428
714
612
737
471
761
553
844
987
962
848
693
328
384
230
868
429
774
735
54
673
183
271
487
148
789
927
500
420
228
83
849
294
47
938
765
808
843
961
148
805
161
193
486
898
776
354
327
550
441
733
576
977
4
415
477
146
342
977
566
922
413
767
216
812
705
333
621
548
295
121
706
808
314
192
706
442
898
33
345
691
119
921
668
123
336
145
269
31
475
188
953
240
955
522
52
13
855
25
913
502
146
971
311
813
515
17
607
765
403
952
457
522
873
125
997
562
623
619
593
98
807
898
690
114
420
742
479
276
120
393
130
618
716
441
431
232
811
39
997
566
991
806
88
217
932
85
779
907
56
724
357
863
622
47
978
395
141
809
23
261
202
153
880
919
595
663
503
758
54
852
324
398
659
764
615
943
201
746
850
258
470
207
121
444
606
451
839
747
261
862
361
815
16
241
86
963
256
589
73
311
794
397
709
453
161
676
396
362
422
246
620
244
805
94
40
411
897
880
510
158
94
871
326
462
464
412
777
721
354
850
384
148
247
93
601
408
769
349
123
543
595
743
139
752
189
179
515
87
411
25
597
506
249
923
320
65
688
98
138
394
948
522
542
548
967
495
308
736
196
431
631
791
527
770
895
716
950
410
803
713
787
401
219
388
676
892
454
364
990
944
758
290
467
652
838
434
499
147
523
695
930
154
838
809
277
733
526
579
495
681
292
283
434
864
671
111
756
477
827
746
422
586
36
241
590
227
675
442
726
550
137
656
57
328
466
334
413
344
913
909
377
205
192
812
69
863
275
825
693
102
923
115
40
312
356
983
539
383
425
265
934
914
273
343
242
91
677
656
787
942
917
165
499
109
329
569
324
604
746
17
58
22
132
99
334
840
434
225
224
859
842
510
773
115
853
368
559
882
376
346
824
293
863
675
402
192
244
78
796
343
96
855
717
580
306
51
773
740
276
997
951
118
859
724
585
64
444
144
946
820
843
122
113
706
797
867
899
394
946
47
89
394
254
806
326
560
209
99
652
485
448
603
955
659
680
540
723
124
37
21
297
880
143
410
938
293
630
837
39
928
237
128
322
491
286
0
52
495
452
56
980
900
12
287
560
692
179
635
168
216
657
465
448
800
876
387
445
858
576
484
786
813
964
108
305
250
460
709
745
912
117
77
813
129
364
725
821
544
360
990
112
369
455
561
522
683
300
967
541
876
804
327
42
768
787
347
19
600
408
764
512
525
194
677
655
558
402
476
102
115
818
215
484
626
128
6
661
428
326
555
656
130
234
698
898
22
45
269
622
453
386
486
331
580
164
986
138
918
814
593
385
633
160
870
611
288
228
272
68
906
827
724
36
62
423
287
436
820
908
410
626
294
248
957
226
412
295
717
331
109
662
716
94
822
938
705
462
519
330
882
777
509
606
166
923
381
805
711
202
713
473
180
360
722
137
586
134
432
655
817
893
317
886
988
491
176
45
305
695
727
187
825
589
146
991
512
527
796
576
81
509
49
613
221
123
750
160
258
534
815
427
780
485
313
120
976
842
517
634
889
245
821
714
834
319
705
698
199
501
274
632
363
676
246
584
799
348
744
409
235
912
189
15
397
854
135
373
696
4
7
586
249
181
300
435
500
358
486
51
859
112
684
574
140
930
159
940
278
255
701
865
167
890
880
564
745
367
290
441
372
649
379
973
830
680
409
683
38
247
734
249
359
418
824
500
700
335
792
331
590
493
196
110
736
77
26
481
796
316
274
168
318
654
494
148
686
255
183
724
502
918
325
213
688
149
713
389
836
857
720
779
703
268
889
439
697
267
272
494
584
546
14
902
552
508
402
238
763
586
314
617
856
640
831
896
141
896
285
978
754
357
757
457
978
998
896
675
265
168
169
201
66
184
455
619
44
210
209
160
148
524
777
4
164
960
900
657
857
538
635
963
247
744
420
225
742
668
901
360
188
422
561
606
606
369
225
3
579
787
163
727
311
292
83
827
253
983
484
462
873
472
425
473
216
197
698
959
865
951
319
405
374
232
11
332
601
589
335
180
376
850
259
39
495
342
218
748
678
702
562
551
174
987
24
743
184
75
702
401
26
373
806
752
605
169
85
207
110
772
739
486
623
999
877
118
341
95
218
371
150
780
923
676
119
299
419
655
726
473
56
105
846
214
857
452
735
294
11
846
67
750
684
42
101
562
512
795
9
82
166
159
862
441
188
333
93
607
988
819
81
44
924
927
610
134
731
345
428
742
191
847
845
228
889
946
790
401
741
151
483
260
663
697
701
851
30
794
810
370
966
243
766
242
171
376
728
254
74
157
349
617
4
194
845
894
492
987
647
586
139
483
846
802
180
899
5
563
46
815
285
12
59
52
606
582
780
335
836
854
492
537
824
848
731
669
94
224
657
94
162
148
577
8
302
109
259
307
24
305
474
310
669
533
362
276
467
494
611
656
349
455
193
525
303
277
194
750
853
203
844
15
351
421
375
5
882
634
312
907
940
139
217
961
24
931
237
492
425
848
500
126
655
693
651
959
322
198
61
175
401
905
190
105
678
565
110
560
552
775
467
844
266
36
805
290
967
43
134
745
243
634
223
899
680
875
210
2
425
271
178
826
528
720
283
206
638
746
118
190
873
586
34
139
974
191
429
942
234
916
39
830
550
262
81
582
489
291
937
914
914
467
93
794
187
728
352
177
474
470
367
699
408
753
838
383
297
620
325
883
536
716
713
438
978
794
373
468
437
310
734
351
777
827
497
316
556
849
494
382
320
213
82
728
319
272
111
616
892
788
499
780
504
213
571
835
359
944
303
797
254
389
500
383
217
998
699
125
847
193
859
519
759
941
248
78
566
711
694
458
852
193
591
708
758
162
543
118
458
198
267
712
588
767
447
805
117
146
282
965
692
141
836
451
435
84
529
1
148
575
811
0
120
754
708
231
916
604
349
374
802
968
438
390
735
237
547
853
384
829
170
428
323
6
879
758
443
760
111
943
687
274
295
807
29
355
38
945
959
739
672
762
707
462
152
795
700
700
0
436
529
522
864
204
880
95
314
675
207
425
618
246
52
913
53
81
621
444
378
580
535
402
342
595
865
495
742
917
195
94
705
76
616
921
633
848
16
947
524
575
725
494
821
777
760
226
858
381
22
236
961
910
639
304
505
856
151
599
125
698
693
830
774
661
751
407
509
119
707
385
46
432
232
867
209
344
445
419
725
468
7
38
378
998
694
235
206
845
834
331
543
527
513
670
540
616
429
401
87
488
139
133
920
371
352
481
715
798
252
792
618
260
830
996
258
525
583
817
722
417
500
618
296
14
640
836
982
421
589
70
910
728
555
830
99
260
664
166
58
916
958
28
528
789
24
139
666
607
956
740
376
456
358
672
822
998
860
805
420
449
227
682
530
134
512
629
394
528
148
804
797
106
832
325
247
208
464
265
167
420
6
543
877
364
567
699
715
779
856
487
581
83
169
111
218
33
92
612
914
240
769
711
347
601
36
946
810
501
212
329
921
570
873
150
934
440
202
1
572
58
840
153
494
9
264
712
395
356
676
309
597
797
20
296
399
408
242
561
909
806
890
183
376
115
685
663
908
887
16
480
298
857
633
792
218
897
856
965
253
532
626
202
682
646
850
81
55
445
994
316
251
884
499
980
352
537
995
260
424
11
740
722
220
373
514
439
622
722
404
227
607
31
430
289
29
280
370
436
725
716
105
329
952
956
661
304
493
656
564
270
667
304
992
888
29
859
679
651
581
435
879
188
466
661
477
848
293
199
636
19
915
741
700
220
50
361
524
543
17
89
813
684
745
158
924
127
17
603
778
950
39
9
491
857
670
320
57
964
520
694
335
787
787
387
7
837
748
884
733
117
973
898
153
70
56
78
197
425
33
328
376
72
337
219
282
360
539
339
676
411
385
11
551
525
750
910
714
850
794
447
967
119
346
472
190
754
902
387
180
936
715
908
360
405
127
642
765
666
334
441
430
719
804
981
596
554
891
311
404
686
110
723
805
808
195
347
563
98
735
743
34
802
3
746
207
130
389
324
148
75
765
578
146
569
911
743
475
803
406
879
841
516
954
998
677
150
346
240
248
433
335
634
587
338
380
147
820
121
471
968
548
589
899
695
510
810
790
986
965
196
217
158
64
172
157
741
322
855
981
922
288
668
908
875
6
640
22
178
762
846
147
662
435
398
357
945
560
147
283
526
343
501
684
408
25
193
501
699
48
483
621
336
503
881
564
510
521
938
40
635
784
187
298
571
937
655
517
498
155
800
24
850
653
60
610
678
254
112
377
654
947
350
991
450
231
907
312
753
197
353
740
334
892
38
905
830
46
774
328
553
927
704
403
580
116
14
611
722
478
340
377
425
691
720
227
274
627
540
379
824
245
120
158
137
510
416
967
556
190
647
461
469
703
865
50
820
231
13
542
709
353
919
486
44
991
713
319
618
605
698
795
850
170
305
988
681
721
307
589
264
307
51
733
10
268
135
182
499
148
725
560
854
996
398
898
988
111
569
958
69
620
753
919
142
411
259
823
132
567
765
396
874
816
482
236
436
617
419
287
766
496
847
972
492
245
870
832
708
792
143
777
764
896
49
258
307
308
82
792
227
199
540
101
15
22
690
803
640
109
90
758
605
937
730
449
534
952
634
594
96
777
724
212
25
773
471
685
433
905
477
661
104
369
114
471
392
804
274
384
913
364
494
870
653
576
320
539
880
954
485
329
731
209
541
756
334
364
441
768
269
270
429
725
640
543
548
384
348
822
768
613
538
614
484
543
190
156
82
422
110
568
751
193
129
645
301
464
9
743
232
631
365
13
708
5
908
257
389
608
431
509
222
970
475
58
865
17
214
300
440
676
868
191
869
349
188
170
165
550
265
397
533
983
762
241
340
671
850
82
631
282
591
853
604
67
263
469
84
829
769
876
505
989
420
726
339
608
249
504
158
866
254
43
849
16
285
190
39
135
272
671
769
215
876
373
634
492
843
71
321
612
947
827
602
367
905
941
328
154
797
486
21
403
530
222
772
167
412
811
654
36
834
424
604
63
797
238
555
640
309
876
605
257
55
207
976
961
500
304
115
297
143
488
53
25
711
825
192
475
636
198
864
823
622
468
886
772
58
793
412
368
669
17
977
77
576
953
38
76
610
505
726
753
346
779
778
409
604
322
236
592
520
100
415
143
920
653
267
979
446
679
699
468
49
676
545
625
981
583
54
591
440
132
696
786
263
474
195
867
796
432
811
669
884
579
164
157
232
431
136
31
462
835
499
511
863
396
489
196
331
895
140
771
27
836
910
290
663
457
509
811
889
320
832
126
899
996
283
484
427
771
867
890
958
366
753
821
114
594
369
445
489
861
216
516
50
478
158
713
936
667
876
825
340
709
303
591
705
586
427
485
357
294
375
315
12
480
488
126
75
210
571
564
71
140
433
121
618
943
186
554
963
63
732
303
772
35
246
829
974
674
314
683
320
41
999
685
522
839
811
949
49
735
513
121
227
298
594
197
242
781
752
557
844
836
212
968
223
458
149
197
484
816
881
805
857
232
490
731
423
653
680
825
740
546
946
967
196
892
165
790
673
269
347
517
457
559
837
680
18
987
230
854
803
111
659
12
695
501
744
470
507
776
295
247
674
593
567
871
486
84
661
159
705
9
29
162
568
866
842
938
853
72
793
8
535
804
21
582
658
117
53
165
245
348
764
920
942
683
791
428
767
804
939
472
813
968
986
734
835
829
24
40
253
817
49
789
622
422
371
632
539
776
797
784
125
913
56
419
597
847
199
716
652
138
541
817
107
527
903
942
356
928
334
610
745
383
751
719
157
474
351
48
251
500
185
728
414
241
499
363
441
698
79
445
836
620
262
295
500
166
589
856
94
924
818
191
659
569
263
817
396
614
217
647
467
402
375
233
996
226
596
437
924
27
882
112
0
496
408
500
14
997
708
108
273
879
652
933
800
915
102
196
881
319
843
348
74
570
581
70
796
529
859
72
909
741
185
261
589
945
761
604
942
821
64
568
700
716
501
501
983
955
697
865
626
893
213
700
815
147
122
964
28
981
36
937
74
221
198
664
166
311
268
461
133
332
381
185
401
234
38
384
189
736
249
815
981
815
868
796
314
990
760
342
324
149
632
398
370
830
62
889
494
682
702
627
15
83
164
416
669
203
800
858
291
402
25
272
217
893
420
883
236
533
225
912
682
857
310
404
40
725
645
534
407
699
513
422
134
677
190
803
880
343
661
523
745
39
795
314
932
568
197
520
101
422
432
783
632
95
539
672
820
185
206
579
884
71
354
19
748
544
822
981
887
836
504
984
875
652
298
159
220
847
32
321
622
816
456
254
911
347
278
83
532
836
663
769
907
17
140
7
913
314
988
153
502
845
137
377
497
788
889
69
635
273
742
609
89
550
863
353
897
493
436
782
329
451
903
588
820
43
596
86
709
936
239
212
781
728
941
630
516
830
51
504
103
793
113
545
343
329
898
593
822
686
375
504
490
278
92
662
673
40
748
382
977
339
594
110
68
536
93
936
718
144
440
174
290
906
719
985
235
969
578
409
655
305
265
497
583
358
160
608
750
260
991
79
600
937
190
20
825
635
956
896
131
749
70
773
655
141
759
242
110
689
3
117
995
269
967
930
979
127
539
729
739
882
809
339
819
351
359
645
338
668
541
469
417
963
243
424
456
354
666
566
43
21
35
390
290
2
321
269
481
860
351
221
742
160
912
913
863
624
558
201
292
451
22
61
766
617
837
222
971
503
140
367
876
176
757
167
530
78
788
364
290
139
937
384
651
849
298
514
825
856
67
469
660
442
882
426
59
719
649
383
574
789
102
451
317
859
618
200
290
406
564
932
898
853
317
549
54
615
416
880
823
483
701
483
925
584
262
337
303
911
720
878
52
822
329
370
33
299
570
675
57
486
608
955
339
925
505
393
892
921
625
715
756
327
551
34
911
813
371
214
76
443
444
128
617
125
850
650
424
772
326
482
258
286
789
597
563
294
343
455
567
968
522
324
295
73
710
558
238
81
773
314
524
569
795
141
695
645
143
471
418
821
953
28
107
743
978
22
389
321
477
309
641
0
985
289
425
695
847
664
776
972
330
652
542
125
145
589
123
288
60
893
462
366
273
921
461
251
944
850
924
773
159
918
125
496
207
551
191
54
567
319
379
897
323
921
375
468
510
498
109
570
743
571
936
16
844
397
268
788
600
544
914
111
462
39
608
669
942
151
76
509
471
455
759
794
728
134
615
590
984
724
160
727
647
449
743
491
198
363
632
150
260
898
262
722
937
222
744
232
373
172
741
196
627
500
991
707
986
606
297
970
682
809
49
681
610
793
524
809
508
508
311
768
406
925
843
696
147
587
928
873
759
21
69
738
874
412
445
860
370
94
183
404
903
232
85
514
377
610
675
886
118
986
6
877
912
849
573
411
788
853
284
547
874
706
637
748
470
434
961
841
528
496
245
784
728
683
298
106
293
973
344
763
311
350
640
223
552
213
987
340
66
623
240
293
681
229
393
152
664
706
345
544
202
942
328
931
625
978
389
270
303
85
34
615
787
674
190
339
240
177
32
658
153
624
303
834
853
697
986
517
755
331
414
958
274
742
241
251
721
982
522
24
67
556
991
854
582
182
546
174
711
578
833
864
202
136
699
407
185
37
277
941
369
691
251
995
785
492
598
506
474
120
883
541
28
874
747
963
408
293
137
120
223
970
336
777
459
35
185
996
73
462
289
794
505
540
141
290
32
91
149
858
212
384
751
592
258
851
555
19
144
693
491
720
15
827
497
826
215
34
175
640
848
464
786
353
5
279
996
389
370
145
600
582
529
351
527
139
202
82
158
699
127
1
419
495
829
268
321
396
303
496
36
151
313
822
857
318
101
853
59
471
998
659
406
879
363
933
370
565
367
881
616
847
882
387
342
63
656
15
459
311
512
495
814
177
669
671
495
122
524
554
594
874
566
352
105
929
637
476
846
356
357
463
203
591
850
545
655
858
561
114
169
425
962
984
602
631
7
449
754
532
355
700
758
921
404
216
202
41
44
49
749
401
864
953
344
66
850
999
925
763
466
446
188
428
430
142
411
438
943
517
322
651
569
432
924
973
648
127
366
44
528
116
445
392
69
142
458
271
493
735
35
959
182
575
739
612
70
503
402
13
20
76
664
590
861
589
563
861
68
930
906
596
398
703
340
819
845
798
90
339
534
125
650
68
701
390
32
771
893
435
136
265
863
153
855
724
94
771
586
162
53
844
110
451
547
450
270
745
600
360
84
486
838
734
554
539
476
587
662
721
374
150
987
589
303
194
314
397
965
252
911
18
448
21
821
995
823
91
740
424
804
176
262
642
263
169
533
739
756
547
461
482
697
800
71
353
994
737
102
960
341
14
330
789
387
504
137
211
595
229
987
751
406
249
745
669
418
630
760
526
177
221
360
227
373
784
932
368
521
34
680
215
48
362
356
436
866
493
999
814
723
986
565
481
587
663
150
358
293
910
884
823
484
245
402
857
29
334
577
902
368
257
469
769
620
826
557
486
671
556
300
746
894
218
227
481
881
729
191
526
992
76
349
476
673
751
685
54
85
263
308
806
872
778
575
492
956
132
331
979
40
983
726
286
201
305
119
434
35
311
961
27
739
310
855
764
414
892
170
499
155
478
657
28
608
232
872
916
716
555
896
756
539
622
42
92
927
162
527
314
825
840
693
564
502
548
328
916
441
498
768
948
328
425
328
937
658
553
205
726
108
101
483
647
75
877
740
355
391
619
21
216
459
715
780
961
615
460
230
408
958
998
357
287
423
37
576
433
590
133
160
51
587
995
50
662
224
142
369
616
761
391
184
572
458
965
534
73
425
116
482
736
114
191
375
889
228
303
323
171
436
835
574
23
182
624
38
406
767
407
22
528
150
207
101
608
524
987
682
301
103
164
389
569
707
764
458
287
67
133
458
856
968
32
879
502
9
917
909
776
677
283
656
827
490
757
788
366
96
470
20
551
986
409
120
693
526
931
980
945
64
791
801
385
175
681
887
184
950
796
312
979
80
969
807
922
78
595
641
527
417
661
78
403
422
199
448
948
130
780
894
546
923
47
931
99
728
171
635
31
967
300
10
399
269
169
674
347
764
667
226
533
680
305
288
102
856
736
403
338
869
649
884
792
696
168
243
777
339
231
160
658
531
170
410
152
692
84
851
808
103
78
342
783
383
630
237
239
719
640
577
588
641
813
732
338
981
328
467
320
559
627
331
442
149
741
594
841
177
445
650
280
523
992
63
906
974
300
497
693
293
426
633
934
240
366
624
573
694
91
246
605
70
577
47
572
318
641
413
847
438
415
127
962
759
542
220
734
194
718
779
487
496
765
774
736
131
398
662
177
842
908
134
264
837
181
836
155
174
602
354
612
369
481
926
129
375
147
215
569
865
346
409
361
111
183
450
242
933
464
771
127
372
257
744
209
790
580
716
964
534
70
929
904
903
855
33
630
2
600
551
219
946
960
933
58
495
735
652
781
199
776
908
923
33
652
484
824
585
200
140
471
622
69
375
877
277
760
859
631
712
410
851
659
723
136
69
218
871
721
351
422
497
260
345
883
264
181
707
201
381
199
673
355
621
400
584
898
513
443
881
225
205
84
884
928
220
953
147
443
27
498
217
876
110
914
759
727
95
818
280
828
18
305
535
639
706
119
889
571
914
770
796
120
855
681
48
427
986
547
871
13
46
88
890
508
355
1
587
450
820
868
279
838
525
814
829
583
286
718
154
200
488
951
320
695
984
369
123
322
916
346
688
314
434
930
175
141
931
762
592
751
982
223
941
860
37
770
443
675
840
950
876
681
253
548
376
237
269
851
911
538
197
599
852
984
529
379
125
813
494
717
916
828
940
858
688
330
980
484
357
173
434
233
854
687
782
582
276
403
434
187
941
631
139
146
615
20
525
741
833
19
810
102
200
103
312
888
785
644
724
142
817
510
728
23
549
862
606
825
265
40
365
207
23
856
353
991
876
878
84
62
250
894
164
450
349
476
690
134
120
767
629
290
277
357
313
827
219
919
4
484
311
369
691
687
225
396
678
454
275
762
516
877
8
32
679
710
860
369
196
332
488
825
622
766
182
288
593
753
559
597
238
871
319
281
910
896
678
588
350
305
702
218
534
62
250
213
772
462
934
969
795
423
794
769
541
329
57
134
82
617
83
672
840
754
306
750
651
984
690
353
641
392
572
527
454
174
740
579
637
26
548
784
449
694
553
990
375
963
476
810
932
912
482
772
666
788
874
669
124
564
23
117
956
595
644
762
121
736
341
110
763
241
894
564
936
800
555
663
115
383
473
47
647
956
171
314
96
45
983
573
609
6
690
917
953
687
679
427
423
373
537
186
614
784
751
902
936
658
566
403
393
391
450
41
699
621
355
796
18
690
721
627
49
411
896
354
450
575
781
874
300
671
60
267
807
163
169
95
821
87
498
215
479
948
256
178
921
963
326
939
653
47
918
54
811
814
409
261
741
190
135
42
213
548
309
20
711
830
115
885
918
613
100
749
913
708
279
834
671
958
125
676
5
43
731
168
857
492
782
599
34
269
993
248
817
302
620
881
484
736
766
754
701
218
503
967
926
135
801
949
93
279
977
450
322
60
619
532
552
753
131
587
22
476
835
192
130
807
73
614
895
191
369
597
409
224
564
335
711
717
636
804
996
613
255
671
26
226
203
578
331
686
517
353
162
704
897
292
512
970
258
407
161
627
356
922
204
272
609
915
342
245
72
690
211
679
361
237
905
916
167
588
602
685
941
116
389
839
760
253
161
19
661
675
998
369
597
554
642
207
470
984
804
542
26
15
221
388
604
478
304
772
66
259
809
359
727
550
550
488
156
712
859
817
739
209
538
688
764
532
895
234
516
52
128
543
67
701
283
24
179
939
148
597
550
957
956
278
859
507
118
15
571
329
184
310
538
723
998
654
255
246
240
124
298
368
19
717
69
654
741
600
945
241
197
496
550
154
126
410
13
596
777
584
925
962
246
815
37
244
822
644
842
62
120
140
431
491
210
852
145
951
453
91
545
650
939
95
156
65
505
169
13
283
753
290
597
999
457
986
596
279
630
438
342
751
931
773
242
141
625
740
444
430
831
989
81
122
85
589
187
942
759
552
577
864
842
174
216
299
160
812
579
143
602
921
246
533
46
840
26
23
580
471
454
763
812
887
885
249
476
424
192
235
976
769
452
818
296
668
470
808
832
49
951
434
322
197
320
720
38
346
743
970
169
549
734
334
436
971
583
265
396
775
500
724
897
304
895
193
972
365
1
804
766
305
239
88
502
911
160
892
609
903
863
779
453
949
465
241
920
48
506
668
176
359
393
73
663
288
618
636
653
971
792
419
276
383
859
131
294
19
375
904
274
590
35
727
539
500
321
812
548
827
480
76
186
873
501
850
161
119
838
166
443
630
937
719
14
148
202
660
519
578
564
794
168
951
873
60
451
194
872
352
22
704
428
208
578
930
410
91
49
600
258
492
231
195
564
597
344
766
257
215
696
174
9
217
125
883
277
577
429
501
929
451
557
709
12
487
639
774
579
41
375
189
885
958
736
449
555
432
568
164
648
264
690
657
833
816
892
110
745
322
963
26
125
873
735
489
360
727
264
939
768
991
128
653
949
217
455
504
649
23
20
297
639
711
955
473
879
199
935
976
521
251
354
999
124
441
488
484
168
104
776
288
95
256
942
44
473
749
900
123
772
273
420
763
336
727
588
215
927
876
543
800
479
897
799
603
690
640
439
859
744
567
147
192
824
441
588
297
190
489
772
314
114
545
430
450
624
18
17
551
246
560
704
725
809
855
328
499
495
120
710
592
687
858
136
511
651
724
161
194
565
285
508
679
830
938
129
455
309
146
358
555
58
414
281
867
270
961
367
117
433
77
709
121
287
197
984
291
922
497
485
487
783
993
167
965
284
648
772
945
147
131
500
205
545
133
73
167
447
792
285
880
221
346
353
509
544
690
800
466
539
637
305
674
630
824
640
266
473
764
211
620
247
64
825
145
549
250
312
996
42
949
229
264
648
934
125
192
976
277
10
516
914
667
190
896
492
182
163
965
947
726
585
194
142
762
339
692
13
4
40
407
953
269
671
601
556
148
145
532
425
507
400
339
175
943
588
667
125
103
984
424
829
569
971
972
683
662
16
48
18
56
456
972
678
479
925
234
628
423
118
53
930
519
745
105
462
333
124
939
788
108
716
617
29
687
941
713
701
957
113
720
14
569
44
692
49
969
278
677
744
396
82
675
267
827
132
81
512
609
373
300
717
89
270
99
128
211
164
181
521
277
901
887
847
297
579
896
267
209
925
363
605
7
38
225
187
523
306
51
132
679
704
201
120
974
300
600
537
464
782
410
742
35
297
941
333
228
837
952
437
114
315
395
473
706
620
660
229
278
64
713
310
768
914
430
742
215
383
631
31
165
42
773
200
339
714
885
568
903
837
5
369
153
752
843
859
372
503
440
3
567
153
313
335
67
95
429
634
478
61
666
995
103
791
548
794
858
433
362
761
271
720
131
776
472
326
987
197
829
427
552
749
580
865
436
647
312
218
634
143
631
300
138
734
91
686
528
949
472
243
63
95
963
546
871
787
872
858
336
53
637
888
154
217
105
943
216
418
161
850
561
144
150
51
878
594
90
758
895
562
1
310
657
316
208
880
456
80
90
144
486
727
33
992
296
490
287
512
908
800
715
821
944
865
873
822
811
315
933
59
877
286
369
886
603
578
118
411
10
208
555
848
287
940
841
583
783
128
447
43
929
162
865
873
380
90
48
191
405
981
250
634
619
972
872
574
550
342
985
912
902
893
761
189
185
602
124
968
82
571
12
363
734
229
237
114
671
637
657
76
970
908
62
589
232
286
164
782
980
501
694
882
746
455
423
932
409
547
900
844
470
264
207
204
493
796
670
164
433
328
592
755
588
6
697
820
644
861
954
624
714
648
506
461
456
929
393
217
828
645
61
299
910
269
855
755
65
526
272
851
854
864
958
442
223
655
262
867
516
216
492
583
216
998
44
24
280
789
594
108
786
7
759
48
276
615
804
694
141
76
897
347
292
855
789
515
511
403
383
379
971
875
314
539
225
710
916
505
499
510
966
638
517
77
686
146
44
842
192
537
918
441
884
563
648
25
78
511
780
813
243
751
40
557
643
266
268
559
123
119
421
441
757
290
519
444
788
563
286
332
101
557
125
337
120
774
363
550
285
143
364
528
247
404
86
890
22
706
801
146
825
574
587
583
864
458
379
5
374
665
337
475
574
463
164
694
589
527
597
874
23
313
755
270
717
193
512
92
899
665
238
76
239
177
659
455
988
390
460
362
56
150
189
630
613
353
677
202
233
274
428
256
939
183
878
8
728
742
100
627
759
690
56
998
868
715
453
208
106
266
570
514
416
759
496
381
464
525
583
697
151
363
305
90
899
535
99
627
277
199
607
388
890
663
386
110
730
192
318
188
810
240
54
226
351
551
607
815
76
542
865
228
905
170
318
804
58
417
432
687
969
391
76
211
54
462
321
784
6
991
