204
630
951
822
928
759
298
133
709
86
382
925
983
790
114
573
366
388
679
94
775
166
282
327
138
481
411
686
831
825
518
387
807
821
562
735
581
860
868
642
298
603
567
634
745
33
559
464
773
238
558
549
756
193
876
894
674
639
932
858
464
450
245
271
624
159
6
205
372
227
199
670
182
766
656
927
800
216
391
925
806
302
474
563
495
703
809
169
342
742
27
807
544
625
78
168
784
437
373
508
16
924
531
198
691
187
125
843
755
869
768
562
171
595
477
666
298
286
187
640
28
567
447
573
192
878
93
328
667
819
837
683
743
368
881
434
907
358
629
663
227
750
577
750
345
54
768
643
340
956
283
369
875
83
294
67
313
387
747
980
558
936
15
302
304
896
88
564
606
718
227
834
468
156
936
165
210
705
808
550
13
91
271
888
526
917
307
839
305
54
171
215
991
186
517
647
82
606
211
41
676
790
875
496
946
163
661
508
868
469
59
233
912
682
121
439
600
780
630
905
835
802
120
178
988
990
177
423
948
389
464
624
531
691
120
830
854
133
338
75
602
749
308
866
432
782
657
32
562
288
289
749
442
761
927
430
751
105
205
699
846
669
675
729
360
147
559
567
280
250
642
234
999
302
453
783
84
110
815
999
750
456
748
192
218
676
623
321
133
828
373
979
850
48
708
562
548
620
481
828
222
123
415
573
778
868
357
214
330
524
213
81
981
314
273
551
342
248
872
475
429
597
806
279
998
514
193
546
486
675
726
708
150
141
282
928
361
991
495
692
515
60
773
848
374
398
399
716
647
624
191
76
573
349
707
571
864
900
117
702
927
844
411
78
337
45
358
699
36
853
391
551
914
516
752
640
914
503
357
561
127
900
989
701
250
48
272
466
949
742
520
228
586
931
306
923
328
17
974
364
870
365
268
136
881
20
777
148
875
486
709
3
738
51
56
340
99
680
806
400
422
327
629
360
610
287
636
291
304
610
655
175
976
275
663
209
647
792
357
523
630
419
878
369
470
286
709
921
966
868
322
741
547
951
453
509
238
89
800
543
700
808
70
28
435
85
589
435
878
299
958
860
718
188
229
540
474
291
461
792
511
783
885
58
86
339
919
325
428
72
220
480
880
642
508
667
727
98
102
957
397
412
818
467
600
47
7
426
690
820
571
201
604
456
611
42
795
531
719
576
603
939
56
835
581
917
502
661
15
957
618
764
369
788
583
322
188
590
100
878
762
671
432
718
128
43
761
923
574
480
851
529
772
908
716
705
825
571
366
192
528
337
308
249
125
891
571
313
833
24
544
595
695
976
314
823
371
75
99
298
907
950
827
679
210
896
385
387
467
103
579
995
440
887
596
918
130
520
583
963
544
127
911
239
455
225
63
827
652
514
125
911
816
304
591
27
200
328
414
667
431
346
14
872
585
611
142
716
131
725
31
27
853
942
266
660
519
681
839
171
195
964
435
364
621
26
391
173
706
157
841
137
503
207
361
441
170
503
157
653
229
540
680
434
483
299
446
2
980
286
526
528
250
961
892
223
339
635
397
397
792
590
534
648
797
248
441
320
751
598
973
332
490
6
118
973
305
565
328
637
851
206
165
453
519
57
677
210
692
426
607
837
16
141
837
165
389
278
485
493
228
811
177
718
169
296
44
826
861
372
463
64
930
629
869
449
38
898
659
83
324
618
272
340
759
109
858
501
739
695
346
967
858
523
37
27
171
81
205
32
805
669
448
735
650
318
536
40
216
547
123
541
165
395
233
277
856
443
130
595
139
476
562
997
351
952
377
523
33
582
907
191
603
356
278
253
26
815
294
594
362
769
135
880
517
721
157
373
164
287
969
655
115
883
653
466
187
382
341
221
316
601
764
920
309
42
525
335
209
171
929
924
293
417
804
810
490
961
183
654
600
504
310
715
740
315
533
927
697
227
500
13
828
616
285
137
659
163
472
220
334
753
144
627
170
948
789
660
261
973
667
213
829
329
928
921
644
814
201
693
41
701
58
869
318
344
6
329
507
830
549
193
583
46
173
106
346
962
118
608
287
137
821
117
466
102
390
462
268
591
507
661
645
566
530
315
262
888
644
121
70
545
666
5
591
839
463
938
802
934
898
441
71
71
558
890
525
301
352
793
892
212
806
537
778
688
852
392
928
848
513
998
394
179
356
337
371
819
627
525
753
877
966
177
949
877
67
826
178
771
972
422
983
778
960
113
467
812
505
395
13
370
746
407
902
102
96
273
921
76
798
27
953
116
204
902
993
623
81
523
394
53
946
730
831
258
843
650
422
349
46
435
71
792
194
973
894
291
246
167
367
396
546
320
865
102
575
210
725
8
734
472
61
32
554
244
290
397
895
712
98
941
148
170
85
342
143
331
985
742
498
704
490
397
377
355
499
304
566
577
312
652
401
725
684
955
969
326
704
864
38
155
157
538
677
242
881
172
573
218
914
424
275
757
821
652
112
672
956
30
249
620
34
2
345
70
309
314
396
366
531
435
521
688
325
198
283
206
370
856
777
637
632
52
394
453
56
858
126
12
241
727
984
275
82
329
346
391
995
94
757
526
881
630
567
207
828
850
765
551
58
542
188
691
946
934
144
2
792
622
366
33
702
350
661
136
31
359
527
27
453
637
905
335
619
472
542
448
322
307
351
381
202
891
72
148
825
568
503
969
543
869
3
597
572
16
733
603
375
260
982
828
249
888
163
869
360
57
669
35
717
372
416
919
263
840
419
88
760
274
57
303
144
412
900
68
780
633
23
155
246
6
984
847
246
499
68
958
909
737
993
626
109
761
897
372
953
668
812
714
943
222
369
439
986
270
507
767
255
530
922
853
888
258
701
134
110
769
93
19
859
438
997
320
200
246
45
153
914
857
219
209
431
589
648
770
211
507
537
466
390
811
672
630
422
725
765
532
494
210
903
705
0
252
26
200
498
71
706
764
280
277
326
712
866
974
834
77
834
723
896
576
534
568
206
308
645
323
192
491
533
447
197
534
699
223
86
549
646
144
314
926
422
640
990
288
966
824
718
152
547
614
728
434
534
935
94
179
258
287
670
144
734
219
30
786
794
468
335
440
613
1
719
35
993
709
675
960
886
745
464
785
359
193
219
245
480
666
776
90
953
799
586
39
18
616
825
165
85
161
605
50
162
324
437
156
386
112
468
272
858
284
57
569
829
629
167
309
295
295
752
600
94
338
639
465
307
817
630
744
978
587
146
492
264
583
0
650
47
820
274
257
105
683
179
934
312
346
596
959
993
348
911
440
38
903
257
697
720
887
793
698
826
939
542
90
522
895
92
922
715
366
179
820
402
358
107
66
56
703
26
50
51
289
842
441
192
99
139
912
338
284
962
164
224
505
607
98
400
699
20
467
418
552
640
820
262
747
886
671
450
264
721
853
554
563
294
746
662
785
11
0
70
973
516
646
830
123
96
582
175
117
50
945
21
690
117
283
437
355
954
239
620
27
92
526
942
738
624
956
524
635
308
946
961
177
592
791
300
688
726
827
157
776
124
530
818
241
166
607
597
472
846
569
500
938
95
794
676
71
103
552
59
411
498
20
940
442
163
593
483
889
420
992
17
545
523
835
138
689
794
735
513
640
304
365
930
751
160
959
823
263
511
882
26
362
254
967
156
417
560
991
659
332
984
676
229
859
864
368
900
658
455
413
651
760
779
581
511
291
892
686
554
404
920
932
118
526
251
626
944
163
618
955
848
954
631
77
813
495
797
713
154
253
478
805
13
257
738
876
548
631
915
454
387
187
739
857
714
990
483
10
506
453
965
354
407
596
783
572
444
581
637
598
186
116
755
551
373
845
779
274
476
694
728
215
234
819
72
948
810
908
958
668
361
923
374
121
871
157
45
315
90
683
265
276
799
20
179
524
218
959
798
694
5
879
910
239
698
334
187
860
242
497
880
956
420
254
429
644
412
474
959
854
157
225
483
308
597
662
833
815
621
983
862
979
214
124
218
265
458
758
125
53
255
358
9
28
612
438
672
24
264
631
231
422
208
714
82
806
728
267
621
702
251
835
681
817
959
899
82
418
9
560
471
265
918
832
645
530
622
317
907
886
300
490
660
509
204
743
667
932
10
640
634
613
476
667
783
435
919
217
205
928
777
28
545
47
860
190
930
482
859
189
369
512
679
381
373
235
124
40
519
487
32
506
452
508
173
235
296
92
453
853
373
582
882
918
982
742
461
264
225
672
453
946
184
484
679
557
71
804
949
942
643
334
448
95
194
974
331
490
66
136
344
439
718
226
710
700
320
171
964
897
195
769
195
380
605
875
289
676
31
591
971
674
925
419
769
119
393
452
962
812
588
658
603
659
236
665
711
556
836
28
454
384
797
1
764
755
876
405
783
907
996
754
581
273
526
703
393
919
507
707
83
96
365
39
107
601
704
818
509
893
846
315
277
996
317
41
751
545
798
886
453
147
641
386
420
519
441
165
790
949
872
874
397
589
913
504
542
617
322
52
510
521
367
139
517
684
532
620
230
331
858
35
478
851
773
898
370
215
416
161
164
288
35
913
230
300
417
772
269
739
824
132
260
192
271
129
228
804
101
810
135
960
197
965
811
971
215
182
538
631
343
54
272
730
967
502
30
384
274
651
475
451
783
88
995
407
217
575
211
319
386
698
631
935
663
442
906
230
624
444
862
319
850
134
49
817
636
431
201
262
83
29
713
218
117
60
625
686
636
836
357
374
886
988
309
901
431
568
132
407
12
994
727
215
480
776
32
468
560
586
82
643
615
148
213
84
208
839
122
844
27
480
218
914
820
528
167
603
96
299
363
460
645
90
675
477
218
60
945
778
646
28
773
613
176
987
697
384
826
819
581
205
651
799
119
824
679
287
427
127
938
790
940
936
232
615
413
803
27
359
581
673
739
707
638
915
46
335
651
224
507
232
429
510
384
901
334
63
540
114
543
830
256
483
766
489
450
180
292
478
891
225
503
982
284
142
249
682
829
900
906
336
485
688
199
869
589
533
284
129
999
827
959
256
662
78
97
113
610
741
943
501
318
446
483
955
588
732
637
418
984
544
106
821
584
657
690
173
543
327
654
542
506
965
150
169
43
599
634
653
692
577
506
11
23
341
318
964
425
955
734
762
851
192
583
435
850
626
960
393
953
614
935
811
932
438
980
975
37
966
981
730
543
487
93
919
181
411
883
958
718
969
720
922
161
304
709
11
930
670
404
235
636
692
46
568
130
379
896
519
345
877
601
241
716
46
160
897
809
395
856
528
364
928
802
525
232
511
537
514
533
293
749
170
337
148
90
819
527
986
339
872
863
292
113
932
339
625
181
148
20
389
28
384
318
830
910
902
342
799
417
227
92
518
397
782
666
840
601
193
826
940
418
42
585
883
974
924
509
155
72
529
545
101
914
215
931
176
117
625
975
886
853
419
405
602
201
423
794
155
617
621
447
387
15
32
270
341
956
131
848
29
661
393
482
927
960
765
455
78
743
430
964
948
201
721
550
755
145
697
910
114
670
357
853
685
390
475
378
698
607
226
727
620
972
561
899
932
327
354
10
70
136
327
18
337
400
920
444
545
617
706
11
639
64
864
324
806
340
702
504
947
929
584
919
253
145
818
185
824
524
548
246
660
875
616
349
275
537
794
173
506
500
536
146
916
401
822
722
741
877
579
40
158
515
311
411
12
481
596
837
5
496
83
665
371
52
14
999
589
160
524
447
13
60
945
929
813
120
4
906
349
935
946
507
450
609
270
462
90
218
651
95
715
87
112
438
139
479
789
80
639
313
527
4
726
825
286
539
297
290
446
646
577
744
153
27
354
775
841
796
993
493
244
708
580
356
499
719
835
288
151
827
954
30
831
680
855
117
571
152
759
17
798
336
114
303
715
468
430
909
616
424
402
860
484
334
217
983
405
404
624
556
231
578
586
63
610
794
532
181
946
292
199
97
980
665
752
48
485
183
957
101
959
711
962
795
45
531
131
802
935
755
358
167
685
296
582
295
90
466
476
389
110
27
838
91
692
590
491
177
125
448
631
436
511
593
232
556
476
363
710
763
470
68
282
155
364
864
802
807
683
278
196
793
658
34
884
702
976
727
232
454
175
863
890
686
808
122
594
636
837
304
399
307
724
682
814
441
898
616
248
581
895
796
375
905
182
259
959
158
987
191
612
514
406
855
553
566
977
499
202
815
156
602
474
880
284
289
673
182
905
273
764
152
69
139
409
251
750
369
762
89
912
726
956
319
581
861
885
911
360
440
78
516
42
552
749
678
841
422
212
99
48
328
251
117
819
661
721
570
382
835
11
294
561
319
613
495
180
851
406
893
291
484
409
685
36
510
363
230
285
575
681
333
904
284
450
75
945
523
997
679
358
9
974
272
680
587
767
861
790
525
754
81
9
515
118
397
26
481
979
663
409
12
996
665
297
798
740
594
322
738
274
32
99
248
656
779
187
775
992
330
300
746
411
661
614
882
411
992
363
742
655
124
755
651
789
52
449
882
646
123
620
272
156
71
520
812
850
60
940
195
390
240
941
153
254
907
35
665
899
751
407
554
875
162
205
17
566
655
899
565
778
871
837
286
942
710
451
144
770
391
339
160
983
633
665
237
540
701
254
440
452
662
994
679
176
552
696
95
207
595
660
337
818
497
976
112
207
427
609
329
170
948
841
153
933
507
743
826
560
997
618
12
11
964
691
540
516
388
635
75
335
647
413
154
144
741
618
704
168
227
385
338
528
227
843
461
734
586
639
294
936
257
658
947
574
701
487
90
441
474
166
129
121
931
635
618
672
253
674
192
481
59
882
9
286
725
822
372
664
462
18
600
71
28
899
997
730
387
88
523
213
606
652
335
889
287
305
913
541
979
105
374
38
339
383
677
64
557
49
80
371
420
680
795
448
580
792
530
319
880
54
532
838
58
219
727
346
524
992
239
503
97
613
894
436
348
571
853
257
972
933
629
744
966
424
193
546
568
75
217
801
481
749
639
540
321
719
238
845
711
477
701
161
442
595
949
142
518
802
399
490
88
380
235
54
156
780
952
725
207
169
526
689
270
165
581
591
236
819
789
948
648
490
109
442
437
58
584
955
213
335
797
653
68
384
707
224
164
11
949
372
180
475
413
450
993
346
394
229
165
183
529
165
25
638
959
814
49
543
769
614
230
918
267
298
303
326
523
467
337
824
191
869
652
956
671
997
302
65
226
819
600
108
984
625
98
943
791
499
838
560
113
421
479
732
71
134
58
946
601
747
771
145
616
775
453
640
772
756
705
998
927
658
458
264
635
557
559
427
56
750
987
522
171
818
254
594
952
665
541
906
764
664
403
381
439
856
373
211
964
78
561
892
736
20
508
724
577
67
151
985
817
490
507
340
309
762
287
613
779
828
871
543
844
274
276
283
483
649
494
799
80
407
691
168
427
551
892
356
619
43
342
788
534
201
481
195
315
768
808
94
948
32
638
792
658
266
427
141
916
273
941
996
680
984
164
460
536
57
816
507
452
510
647
986
64
128
181
379
248
342
474
196
726
464
340
384
730
767
526
998
40
819
994
73
155
511
533
43
920
701
550
372
564
198
711
628
678
244
7
927
938
833
475
664
649
816
49
732
935
927
730
328
746
77
401
253
940
934
297
860
635
199
584
199
749
647
179
428
892
539
707
830
372
182
847
374
350
896
106
286
823
188
614
921
617
367
174
557
301
823
769
288
23
706
840
772
705
19
552
597
558
259
780
283
794
627
657
144
875
115
782
50
655
748
971
273
115
497
182
768
321
304
57
696
10
897
468
715
916
373
665
827
632
797
110
426
776
119
923
651
586
57
701
241
158
24
866
625
521
401
394
194
705
803
242
715
700
711
782
968
436
447
147
68
244
257
847
20
728
122
23
314
531
724
908
689
748
126
315
622
527
61
168
232
864
411
299
564
474
82
884
910
529
32
330
126
641
529
498
370
651
522
36
183
598
944
224
699
71
539
673
598
952
193
183
816
604
482
732
430
564
617
692
446
1
23
924
642
552
422
364
556
296
401
91
247
345
315
298
768
207
971
719
159
164
902
976
121
384
708
903
301
677
596
747
678
971
23
673
523
797
37
431
94
438
522
693
136
838
991
256
397
314
975
556
830
229
884
303
966
945
207
267
622
155
366
653
126
389
326
1
186
715
433
632
506
955
677
642
145
20
250
542
334
578
99
517
807
335
172
773
280
379
392
255
534
758
908
12
499
586
14
686
301
447
670
807
754
348
801
900
368
52
442
55
630
893
572
789
581
744
915
861
476
307
116
362
418
24
375
917
962
741
955
264
188
626
423
294
974
577
194
342
629
989
397
611
234
321
752
815
66
667
677
894
975
145
608
393
522
983
662
484
724
618
100
264
244
524
559
218
101
105
912
82
94
310
45
681
631
797
496
49
817
525
295
792
671
904
537
545
239
199
29
316
169
482
580
413
6
491
983
459
597
896
893
43
206
290
76
189
439
573
591
256
450
886
400
473
790
937
18
382
489
400
698
10
882
278
424
240
122
407
699
71
655
944
466
213
234
543
403
673
116
346
930
566
232
330
40
375
620
410
757
461
810
455
471
692
85
247
932
207
7
983
630
662
927
97
228
513
640
631
187
108
329
469
26
561
151
418
288
123
829
397
584
639
852
408
684
290
7
968
849
366
304
480
381
231
929
609
745
569
592
284
677
921
753
55
834
256
474
123
380
303
872
316
294
77
76
330
367
84
299
568
802
603
48
183
186
329
792
283
898
384
919
927
305
24
983
140
281
809
615
13
112
487
329
758
564
406
89
283
842
740
852
644
695
252
828
233
582
972
869
832
357
788
112
14
165
447
506
446
256
473
459
720
961
140
830
877
898
271
161
92
11
365
737
58
617
917
644
551
889
513
384
598
653
496
613
170
943
471
968
551
945
779
271
906
920
101
135
818
373
648
263
736
13
0
147
983
269
791
534
510
656
270
461
661
766
74
832
61
897
800
964
842
580
235
100
852
689
236
22
414
884
285
502
250
637
649
233
906
440
767
769
448
38
230
110
156
656
294
570
553
94
534
396
26
122
496
878
811
84
901
577
969
186
79
219
176
729
804
434
521
571
203
322
961
785
432
118
441
726
40
347
172
574
95
199
696
943
429
859
28
330
788
349
869
868
920
45
949
724
479
822
647
35
144
609
820
928
79
614
6
119
313
179
45
408
730
94
703
159
305
83
842
94
432
711
314
704
108
615
780
939
437
428
974
934
389
795
862
820
761
869
291
74
400
688
834
482
782
537
641
88
621
835
534
405
898
848
462
6
463
242
946
252
670
272
186
411
419
49
583
180
270
874
606
22
563
440
504
697
330
497
785
303
333
671
708
231
871
170
590
334
765
888
939
787
160
125
199
580
526
782
112
796
9
71
170
572
863
674
269
193
172
407
848
505
78
909
736
302
79
678
988
844
566
927
632
727
53
183
659
931
317
123
80
326
194
250
250
58
925
872
603
449
631
804
954
61
713
42
363
792
721
352
989
287
279
973
366
684
508
25
616
825
501
48
504
695
298
106
105
575
978
61
24
609
865
330
671
578
373
34
722
446
386
63
85
18
388
452
702
248
829
670
74
330
718
930
378
369
36
835
296
367
248
321
328
465
3
999
395
376
386
470
174
124
885
260
494
274
64
197
522
245
219
948
928
290
230
658
659
619
845
955
986
94
628
314
911
632
666
659
360
404
129
887
880
366
499
375
640
563
924
515
160
143
815
88
785
46
746
796
665
592
104
3
38
732
669
301
716
687
960
429
443
441
316
324
808
815
51
800
730
975
667
890
470
483
331
608
529
429
404
546
373
508
901
411
593
570
65
309
610
377
90
53
171
758
729
331
925
780
131
7
107
799
898
930
634
581
538
515
10
942
413
384
803
314
147
396
236
564
57
846
942
148
252
113
258
981
796
184
114
927
191
573
78
441
503
64
22
393
579
385
336
992
769
491
658
268
887
895
833
296
93
127
444
697
592
55
679
388
239
145
667
430
718
98
872
574
162
246
967
94
631
655
438
752
146
97
373
33
344
558
330
789
685
126
487
629
181
518
17
420
663
36
203
733
486
427
307
649
25
275
95
9
282
533
113
429
982
486
462
326
44
144
116
81
623
955
710
804
473
79
577
136
468
132
221
954
559
881
955
936
508
50
945
790
936
59
219
918
545
34
597
942
178
713
375
801
668
86
958
493
517
535
981
337
19
202
292
578
83
247
866
591
650
812
382
586
871
953
504
768
987
101
710
166
166
86
319
186
524
277
679
393
164
660
731
183
215
375
113
650
974
980
242
624
792
976
562
663
929
419
783
269
520
494
435
39
932
754
225
808
384
257
553
548
269
284
732
836
11
845
487
986
177
81
962
969
57
877
984
338
296
768
607
168
614
394
207
898
501
785
706
885
394
259
785
15
896
869
852
259
715
339
597
892
420
912
214
829
789
550
519
85
318
479
253
284
873
813
182
726
950
240
963
344
852
749
359
748
618
211
7
685
550
605
930
322
517
496
151
658
46
671
743
717
150
348
1
375
513
536
454
463
776
417
807
628
518
519
728
489
730
88
526
633
45
456
955
562
304
459
572
351
482
315
68
984
15
421
711
529
957
165
992
86
935
152
714
453
671
795
294
753
883
821
386
928
629
694
842
934
505
414
285
339
81
705
323
96
126
34
977
436
552
322
522
487
826
588
292
497
383
587
602
266
408
341
194
389
387
388
323
892
802
960
231
883
17
906
332
496
292
661
932
844
983
454
331
161
394
624
10
778
563
613
396
971
954
943
360
341
331
36
585
134
348
168
369
366
74
701
862
366
715
794
563
50
600
894
212
346
870
222
124
433
835
873
756
141
816
469
834
147
857
419
633
205
587
3
571
661
56
785
380
123
931
943
174
883
189
386
230
60
960
354
845
148
579
602
289
395
423
124
895
280
895
528
485
483
883
409
496
292
194
228
415
478
523
589
361
713
327
591
125
288
298
970
436
877
924
77
625
347
201
520
979
449
48
465
932
284
226
780
576
772
9
991
250
884
933
964
597
260
555
722
900
205
45
336
435
321
414
60
21
967
932
0
416
980
817
700
264
43
833
192
816
194
184
418
78
469
382
676
729
290
750
630
495
147
318
282
821
732
694
842
52
626
842
820
959
12
521
575
55
354
768
223
900
304
642
978
773
24
654
854
314
757
484
162
256
155
796
77
887
491
919
291
469
114
112
780
126
985
708
533
691
828
757
591
132
399
569
257
775
576
463
90
333
300
604
589
455
400
667
694
891
938
986
713
52
450
493
530
435
553
64
126
381
173
717
865
924
638
122
699
214
938
141
899
238
745
841
693
498
860
387
741
798
725
454
203
175
300
733
610
853
149
88
235
322
157
100
598
796
575
650
362
513
791
262
751
889
103
796
739
315
183
480
113
909
287
668
436
587
402
47
792
903
135
27
578
645
480
176
441
407
826
803
272
970
417
375
211
872
171
950
187
706
430
653
967
717
321
404
656
75
803
449
979
290
828
909
935
660
85
376
419
264
532
691
586
949
418
797
822
589
99
9
648
529
14
615
599
336
371
607
763
174
56
742
465
237
651
400
249
89
777
669
705
661
360
291
610
131
88
784
720
539
794
720
420
160
688
19
496
59
979
260
234
35
354
699
624
358
99
874
799
228
543
504
241
255
795
852
386
235
636
459
774
782
531
546
943
219
566
791
279
545
403
513
932
110
564
909
468
15
783
267
596
678
123
837
933
270
689
672
857
678
483
983
460
14
529
755
234
95
899
513
992
302
378
277
412
942
186
232
957
321
851
553
999
974
391
284
244
432
308
101
110
143
436
923
158
966
30
744
413
929
609
758
584
987
35
996
929
573
229
238
246
80
144
245
407
535
881
3
319
542
457
782
685
893
57
195
859
87
939
273
369
548
31
953
535
418
301
816
343
882
407
589
315
551
186
722
438
419
725
757
961
534
891
999
428
948
194
639
388
134
264
109
34
647
62
922
65
715
738
760
598
145
349
913
48
887
987
486
307
64
244
268
599
135
619
27
436
814
666
176
300
283
285
334
930
699
256
996
414
347
108
364
844
458
277
893
345
264
731
652
329
975
273
928
463
892
307
251
58
325
427
358
608
712
45
539
763
653
887
177
0
995
542
197
805
171
442
503
788
173
507
469
501
132
749
316
377
56
567
435
733
346
794
694
410
839
585
173
844
824
702
845
171
596
394
977
768
188
832
556
713
339
377
214
472
126
530
849
182
449
284
267
795
430
961
205
621
898
730
466
722
433
663
894
29
409
871
149
597
703
57
310
394
434
877
866
560
759
67
94
561
704
362
356
134
675
914
108
574
644
574
296
429
589
542
459
998
765
960
947
468
18
609
215
804
486
433
365
598
501
459
159
205
173
867
691
201
781
799
775
778
725
423
207
314
966
18
664
731
979
611
552
349
573
767
153
411
552
518
9
53
330
168
258
855
388
302
56
169
101
183
299
179
607
507
493
925
877
510
8
856
473
560
557
46
679
711
458
232
581
819
637
263
340
248
119
728
550
527
249
651
711
549
182
670
408
676
947
285
538
955
494
11
868
51
410
899
114
220
483
696
39
121
311
731
369
782
459
919
310
709
922
373
610
105
395
18
133
342
655
671
649
501
34
517
553
796
769
19
368
252
67
408
373
379
491
742
161
951
13
823
12
288
196
622
393
591
992
878
285
999
901
935
501
287
804
406
84
573
425
804
826
493
212
551
224
56
646
737
7
11
561
371
299
757
993
692
701
337
922
338
336
823
273
189
111
430
595
547
3
21
351
181
866
916
85
442
972
731
179
331
742
740
702
42
850
47
86
903
384
9
241
72
184
515
262
647
297
857
194
300
230
898
834
448
814
919
890
138
2
70
469
744
162
171
138
364
570
577
267
954
938
509
378
122
376
992
770
673
850
316
325
432
214
511
881
28
430
123
518
784
193
987
529
708
510
19
72
80
596
340
386
534
201
765
657
577
757
779
602
959
95
279
744
310
791
977
690
573
100
209
358
646
548
239
706
411
258
778
843
855
470
230
741
671
347
398
600
456
529
554
768
625
834
864
935
977
841
977
550
293
538
908
939
439
499
645
850
758
776
45
613
246
275
706
270
974
105
870
783
634
425
903
611
611
767
898
588
960
876
490
253
766
751
545
205
250
542
407
8
318
453
973
917
80
680
187
407
137
57
190
123
834
445
735
797
212
633
737
172
861
228
777
980
979
322
185
229
865
945
238
535
398
563
452
830
243
639
237
732
49
779
856
235
224
591
385
436
576
122
960
790
350
738
122
329
60
659
911
277
604
501
813
2
64
617
185
660
257
422
392
658
202
600
245
778
543
630
215
472
753
527
262
103
265
736
785
678
395
48
307
0
549
120
354
965
738
539
977
347
962
722
357
516
322
602
294
866
233
861
338
986
741
952
441
358
688
578
36
83
978
344
83
527
816
790
845
906
329
174
605
643
896
962
511
219
917
806
85
150
19
423
488
760
727
281
119
415
212
507
850
190
203
934
70
372
76
915
630
405
89
236
401
338
550
912
557
467
70
642
617
442
417
457
202
496
739
673
911
951
533
761
493
88
47
563
460
123
830
91
881
272
679
282
610
229
194
519
697
617
513
314
59
930
124
613
426
863
639
689
166
172
802
11
260
850
575
73
325
757
516
206
29
195
840
991
424
35
510
121
4
23
788
63
305
912
28
83
127
667
772
645
191
575
656
452
777
231
877
102
989
393
661
370
588
501
714
12
888
224
486
892
248
274
307
905
186
336
989
665
3
113
310
547
40
966
351
817
550
228
272
891
973
933
613
561
786
327
925
675
552
411
919
152
37
227
409
575
915
398
240
270
512
550
817
904
869
168
722
419
748
346
662
721
631
275
282
417
603
560
444
507
971
364
11
9
943
420
584
858
819
177
480
683
727
298
587
948
818
661
719
567
359
381
288
990
657
923
760
612
483
204
119
806
920
130
167
863
902
104
73
721
281
906
756
360
556
696
309
374
709
28
293
69
410
582
411
419
857
171
31
340
728
502
498
648
984
666
864
886
770
937
960
51
195
716
763
751
412
72
126
122
453
419
543
863
353
954
634
210
126
17
902
854
519
401
854
855
419
718
741
541
8
701
944
203
770
707
955
534
780
433
8
233
204
551
448
558
506
434
120
984
451
375
190
970
128
44
825
547
763
918
440
771
972
384
326
742
91
281
628
223
714
637
808
271
540
608
829
398
42
301
382
493
676
924
815
156
969
992
55
84
911
495
207
235
879
533
329
971
815
957
546
881
946
355
152
487
315
333
237
358
987
620
203
15
896
19
172
865
11
227
301
274
723
508
509
954
42
190
277
209
500
824
90
446
531
595
285
846
280
523
556
267
495
760
283
391
779
807
609
142
34
910
769
109
419
630
64
813
821
341
22
321
517
464
119
400
59
405
247
692
928
155
959
423
915
594
166
46
401
775
541
788
38
310
897
809
292
313
622
113
7
644
786
524
108
906
925
520
311
524
212
591
31
171
366
299
766
532
345
519
660
238
307
698
900
205
507
193
870
481
658
877
125
445
754
585
351
31
105
14
555
317
605
938
841
971
237
959
503
935
478
515
173
786
213
426
343
72
619
565
553
277
443
30
74
549
616
425
580
721
791
487
391
396
425
232
719
663
191
575
598
669
90
123
807
656
549
502
80
168
68
986
798
863
16
872
412
984
650
992
706
793
479
449
190
256
681
261
919
872
836
517
893
279
641
53
935
542
555
367
711
975
353
861
838
722
85
250
706
735
594
764
529
425
213
71
682
894
684
601
118
521
471
364
800
464
417
87
6
324
454
69
300
160
930
490
882
16
93
588
103
687
705
984
113
918
407
795
165
92
748
635
965
219
999
117
683
768
204
42
445
10
111
97
170
42
587
404
58
680
345
513
368
50
498
833
968
905
980
485
997
728
121
962
948
472
79
983
593
635
25
38
998
137
135
520
531
74
925
589
107
270
454
827
320
952
660
640
858
640
478
207
368
599
522
668
423
953
652
16
589
29
54
587
518
541
107
49
968
384
638
75
654
445
902
326
397
562
319
607
554
797
815
922
748
689
943
171
642
947
188
231
976
594
170
495
488
630
544
456
14
535
531
21
980
785
347
377
347
666
337
253
815
504
175
563
193
470
735
835
417
275
419
394
869
941
241
357
571
785
165
586
672
48
959
652
833
306
382
180
325
71
433
492
575
961
56
768
431
791
955
201
418
374
595
287
668
836
997
239
973
162
177
646
563
136
650
396
795
384
929
472
455
714
964
30
675
20
150
459
163
106
660
581
832
607
221
500
795
218
92
768
732
269
766
295
758
417
44
553
153
973
25
609
687
341
991
715
362
142
174
877
600
186
459
784
145
680
637
940
250
729
708
334
350
827
982
108
596
26
661
749
999
38
358
38
380
350
753
94
844
279
971
444
465
782
228
610
814
865
550
416
946
611
751
297
790
85
405
386
463
419
135
814
809
846
852
541
548
606
635
392
885
607
188
703
741
768
313
556
986
216
972
932
179
75
229
969
160
987
707
623
758
842
789
567
40
642
461
588
248
96
332
485
55
520
188
797
289
854
705
275
70
677
559
601
105
141
922
617
128
629
593
238
823
382
157
864
24
618
804
624
715
137
110
122
657
650
919
298
504
976
925
926
6
485
527
111
626
801
728
106
430
321
344
254
56
501
470
80
472
274
705
187
763
167
661
773
817
933
71
674
909
997
600
915
482
480
378
108
281
107
214
712
780
910
318
836
763
140
269
235
766
326
774
530
493
436
655
662
369
726
336
278
75
937
546
557
417
924
17
50
383
583
114
164
845
784
352
609
924
973
844
43
299
619
925
792
55
580
455
776
658
791
54
734
80
600
643
497
525
13
900
260
596
14
424
794
799
129
403
75
102
599
118
402
570
395
546
625
975
353
753
634
145
808
720
225
760
363
75
637
376
327
898
325
341
674
119
492
155
874
568
258
473
38
12
44
434
910
21
761
264
775
747
761
935
467
986
695
831
413
685
559
740
583
884
434
257
355
926
413
229
846
23
55
237
387
451
671
649
824
784
913
599
532
674
886
999
13
934
182
426
619
742
519
202
626
305
811
334
231
576
563
430
951
970
667
690
421
690
340
246
474
253
197
358
280
84
358
293
370
892
71
989
634
942
543
613
247
706
947
831
635
862
261
586
833
928
629
606
618
969
204
444
574
754
803
854
190
513
499
560
405
571
549
40
865
444
653
113
150
952
944
785
814
557
724
999
485
353
606
455
674
162
251
248
916
406
455
106
919
954
666
677
877
567
69
743
11
74
208
514
26
504
651
192
61
727
192
898
432
150
353
106
312
604
707
229
11
514
335
282
468
354
311
698
921
380
793
285
454
353
799
832
857
802
25
270
530
569
168
962
719
873
421
31
477
128
260
840
994
948
475
814
302
786
512
575
519
657
860
325
10
11
158
219
166
535
489
696
104
9
10
823
882
783
206
712
263
819
552
257
767
379
72
421
518
936
996
37
594
209
362
956
572
872
176
738
759
17
786
863
27
149
38
261
932
245
973
196
64
878
805
183
257
877
604
775
814
952
164
760
161
527
716
86
751
244
824
511
614
611
374
993
112
765
254
44
362
228
592
778
106
398
961
715
275
917
843
441
221
7
201
735
886
270
821
638
514
645
149
128
608
875
473
720
640
728
117
2
308
709
780
766
107
93
481
735
362
676
528
584
684
730
319
570
0
140
560
866
137
709
347
98
585
820
170
225
900
639
580
208
349
712
326
808
158
808
895
520
836
424
104
872
506
775
443
858
267
355
724
757
65
71
855
2
244
377
579
496
17
159
705
718
224
31
878
382
191
126
902
28
550
359
900
408
134
695
266
402
403
342
159
468
766
366
470
10
95
401
506
464
561
563
182
137
947
413
519
490
539
421
870
441
132
123
201
267
170
467
21
573
809
180
393
575
898
215
937
993
617
796
810
530
359
992
667
658
757
186
149
648
959
19
89
92
142
290
711
665
109
732
238
919
264
632
846
162
847
784
507
464
932
317
994
291
662
13
950
771
551
451
420
511
470
861
955
965
152
666
630
613
750
220
884
14
852
731
528
700
867
387
516
799
57
863
442
719
876
744
490
780
195
262
291
18
124
598
335
628
616
317
241
718
537
126
732
390
209
612
442
428
999
310
579
56
525
373
127
754
118
970
534
665
232
177
683
356
775
370
984
743
687
578
461
577
56
545
319
617
157
113
397
156
423
976
565
949
349
692
703
819
662
237
485
247
414
520
603
541
891
940
636
930
870
97
859
926
994
178
895
151
291
292
659
715
268
576
16
969
269
71
789
283
660
626
530
426
146
486
967
389
778
603
672
648
52
531
574
398
710
469
549
1
761
560
68
381
137
436
702
758
507
491
393
167
469
924
593
616
762
912
357
540
867
381
188
271
913
114
669
975
583
570
328
696
483
749
429
620
185
131
730
45
975
123
212
444
399
158
412
161
422
122
701
290
503
889
561
768
3
583
743
938
153
72
986
636
173
767
608
358
899
338
403
226
814
968
22
213
478
435
375
900
909
76
190
412
318
104
181
673
687
276
612
192
700
950
181
873
718
789
232
969
480
987
195
294
955
217
507
785
4
234
686
913
311
876
678
981
332
859
654
371
135
618
564
836
569
97
61
639
238
293
608
718
633
155
364
940
372
224
726
729
458
412
994
121
640
672
102
973
883
757
696
371
727
260
559
296
709
620
935
948
914
895
18
547
50
383
487
775
959
565
504
417
977
850
891
618
523
993
943
406
102
639
777
830
252
336
478
961
957
766
909
223
661
280
122
64
15
961
839
974
527
695
743
856
545
634
474
68
980
417
827
82
57
956
264
309
645
95
622
954
861
884
529
874
164
651
938
179
964
777
153
843
472
896
700
18
883
174
438
863
944
617
297
353
574
562
14
571
657
636
525
870
520
54
744
36
57
683
567
373
460
72
217
285
321
917
655
204
443
93
67
387
63
716
92
637
278
106
208
287
743
85
509
615
139
254
4
548
289
571
921
101
644
138
386
965
407
393
521
851
839
588
590
902
304
683
891
935
141
451
574
236
536
436
204
27
42
208
575
331
131
496
784
775
987
523
92
394
916
613
597
755
553
188
9
210
223
900
497
364
703
423
953
239
859
157
618
901
365
545
584
496
394
369
624
381
244
68
127
160
682
725
268
235
265
277
797
840
530
294
556
585
718
509
177
929
666
795
183
383
341
767
880
735
488
856
468
732
924
595
245
958
320
513
546
585
142
343
777
24
990
334
610
708
843
787
989
510
934
172
893
275
292
125
362
780
333
830
865
610
426
110
568
98
975
466
36
469
810
813
494
152
147
456
212
343
243
201
853
177
374
98
805
666
576
167
798
261
350
663
871
128
125
792
226
100
258
262
570
420
428
64
572
927
520
784
270
115
986
123
644
712
574
449
730
502
969
528
763
319
192
987
447
317
779
25
770
37
640
340
810
68
756
382
995
628
519
618
743
505
93
739
569
667
189
299
521
158
179
637
829
371
624
628
41
403
653
163
792
645
503
602
65
611
337
413
239
856
31
334
713
124
73
282
792
614
933
665
124
112
302
953
836
926
581
229
681
587
392
474
232
247
428
298
858
117
711
449
325
742
135
38
866
560
672
10
175
605
676
299
70
978
605
258
257
538
487
938
125
879
764
710
478
545
360
336
662
71
137
988
165
272
378
383
832
51
746
359
8
774
11
430
104
616
688
361
154
175
652
632
406
416
342
884
313
702
572
328
125
709
668
642
333
46
377
518
449
123
877
810
249
240
240
354
856
281
67
363
456
719
995
215
488
689
451
801
743
24
129
220
85
797
862
419
196
591
289
645
67
166
455
316
407
48
670
615
329
738
978
137
809
325
352
297
366
156
99
109
180
580
681
617
378
895
388
574
487
677
571
554
844
379
870
603
427
893
570
108
983
901
597
792
578
950
90
945
458
541
406
638
121
88
607
851
983
996
777
470
673
701
376
869
80
247
824
859
492
395
319
475
296
916
267
874
218
709
171
676
602
578
666
76
18
274
279
1
270
57
824
295
110
552
165
190
151
989
401
643
736
720
118
32
988
738
259
207
799
430
883
402
360
550
830
378
176
109
732
446
166
908
741
628
460
258
818
612
600
571
607
336
643
726
721
632
816
332
839
615
762
722
369
475
624
199
205
800
309
937
598
827
197
692
456
10
302
626
974
902
198
581
591
841
659
312
473
475
644
664
443
758
739
812
233
363
364
439
516
673
728
114
852
278
158
308
288
461
935
614
363
485
195
954
678
207
618
504
34
262
168
477
373
907
642
606
271
6
397
139
31
478
605
883
756
764
544
396
225
831
10
940
316
557
247
346
764
865
850
151
480
19
628
205
926
622
163
549
628
561
688
11
391
646
247
147
410
791
895
987
622
257
279
290
814
526
636
931
744
487
82
576
506
62
781
784
685
944
334
665
857
374
677
600
20
924
99
782
67
994
121
689
251
401
331
418
279
967
701
23
806
783
951
664
197
84
801
882
381
487
548
590
861
577
191
234
853
290
368
920
285
490
961
888
891
292
306
170
611
359
546
770
142
497
786
340
934
587
574
315
74
474
905
288
51
96
874
256
739
242
176
24
732
489
264
975
781
923
498
745
282
44
867
777
893
653
469
827
241
43
494
315
518
400
603
921
848
477
178
587
72
706
963
804
196
580
132
329
503
630
426
785
26
293
914
271
947
383
451
188
427
945
503
297
697
459
218
898
288
748
485
360
455
801
517
3
381
649
332
236
631
759
373
657
404
288
280
351
671
731
539
450
677
395
747
726
206
318
624
494
66
462
207
873
615
724
876
348
725
561
584
708
672
309
717
76
597
997
780
621
729
319
71
758
66
171
484
272
841
109
119
907
923
326
133
538
402
361
886
479
922
470
187
946
779
904
375
729
253
155
702
982
826
773
740
245
296
225
517
137
686
988
397
609
666
530
147
420
891
385
899
166
855
438
464
986
694
839
67
948
994
769
930
173
895
23
418
191
248
287
681
286
276
78
895
294
960
394
715
203
779
966
369
986
405
834
324
451
25
392
399
372
161
682
545
56
705
315
600
305
602
281
591
230
711
838
525
671
232
592
226
363
558
948
701
963
134
25
415
159
417
166
531
579
848
428
987
905
743
587
210
346
868
153
928
931
991
453
954
575
397
181
290
956
129
991
271
263
17
686
422
434
205
306
365
405
734
353
311
830
292
873
528
513
27
456
444
370
262
399
946
659
580
236
615
709
580
887
324
597
925
746
383
482
404
101
888
139
806
551
321
98
424
849
611
803
305
56
174
919
807
472
931
387
708
546
448
640
785
772
237
63
870
973
545
275
426
785
766
232
336
87
330
113
936
294
916
593
702
90
513
509
562
444
896
623
342
696
615
480
468
853
543
338
178
440
613
604
578
379
188
914
818
870
379
754
164
296
348
866
738
213
375
653
9
623
628
703
319
243
183
787
448
78
478
626
871
443
582
449
175
770
715
993
993
95
748
157
743
448
24
481
13
751
486
22
375
114
77
694
358
261
834
158
691
312
137
562
107
719
363
282
842
431
276
835
526
376
344
621
824
720
454
189
472
941
563
199
407
640
245
117
253
79
276
945
743
413
859
851
484
223
485
326
654
761
513
532
137
858
153
313
930
607
502
402
900
417
953
308
58
199
425
311
630
53
256
726
466
468
929
951
691
414
629
697
176
143
229
665
353
734
331
283
693
185
38
946
603
991
606
661
542
31
324
173
85
581
899
903
49
180
854
92
594
484
141
122
979
722
788
684
456
119
319
501
304
357
447
907
701
53
920
243
437
245
768
874
178
19
777
579
199
984
23
794
820
164
268
799
886
56
483
694
527
802
195
184
512
995
91
213
400
364
808
837
609
929
63
139
948
193
718
148
177
741
294
997
905
562
148
143
971
983
837
498
785
384
34
649
379
478
214
132
842
375
969
803
304
385
942
252
930
660
752
107
753
398
456
658
313
956
801
284
939
990
134
76
374
169
78
754
999
292
886
841
667
207
644
971
944
938
576
874
950
680
333
703
79
141
361
744
97
514
28
388
504
514
465
878
35
895
984
34
187
222
227
855
782
223
178
726
161
106
953
111
787
286
814
866
428
527
610
877
393
990
266
897
856
83
128
244
978
464
630
165
687
858
372
469
433
903
547
947
9
500
58
796
787
225
14
567
104
976
444
498
318
710
747
175
145
875
771
123
340
401
641
379
611
365
848
397
268
747
344
630
248
754
778
387
979
145
954
84
121
398
934
440
109
681
967
606
909
90
730
601
843
371
980
807
88
180
204
709
927
548
339
527
654
469
914
634
614
868
70
88
619
356
528
80
389
847
686
298
289
416
251
132
139
583
939
228
115
495
289
395
395
980
922
50
449
189
36
64
57
106
504
676
462
384
756
203
231
443
502
872
211
105
4
351
689
296
931
804
791
220
551
539
200
474
589
1
663
977
417
72
83
921
101
897
305
209
100
888
652
954
760
216
412
765
919
453
413
850
257
556
422
161
95
974
635
36
975
650
13
393
722
448
666
175
697
972
385
150
860
37
456
973
605
868
738
524
321
503
374
931
59
148
92
507
122
79
895
450
729
909
843
803
709
509
979
759
833
716
261
46
105
717
19
711
938
109
235
611
612
962
894
23
110
986
530
585
417
426
35
498
687
878
302
748
739
633
859
925
349
120
971
806
838
342
517
128
451
753
739
415
67
634
438
177
972
321
762
390
99
797
888
138
27
542
238
119
527
98
44
228
218
367
35
408
709
552
536
512
657
628
927
724
262
717
254
234
390
16
976
841
166
217
331
193
759
570
312
639
20
708
867
590
75
254
999
136
159
887
648
168
515
927
893
777
997
147
364
739
515
692
581
681
909
912
227
21
834
891
660
206
952
879
797
27
134
796
516
645
35
516
813
551
444
58
680
793
205
44
532
73
737
113
106
646
378
333
667
564
577
679
771
529
559
920
908
45
716
424
690
103
941
855
654
737
914
335
530
471
731
62
544
468
528
651
467
906
336
486
822
913
166
945
794
77
865
703
122
933
479
164
37
772
19
691
509
285
26
391
757
758
806
301
578
334
304
45
592
641
884
414
906
50
360
701
127
577
404
601
511
883
765
548
656
136
239
517
422
618
909
179
728
67
832
306
401
137
704
345
778
588
111
36
638
823
737
117
401
141
718
912
377
835
460
385
971
699
902
745
669
163
276
397
230
109
704
983
246
760
680
376
348
792
412
338
615
502
807
16
995
525
280
372
360
740
109
683
792
364
781
461
527
57
211
110
166
915
445
764
675
126
140
375
918
905
65
885
759
872
254
754
397
534
479
109
627
588
144
771
952
925
232
832
983
443
942
501
710
739
266
737
217
758
464
487
15
529
373
774
401
979
881
150
865
360
611
492
948
756
263
901
33
848
733
368
643
27
870
706
766
488
795
984
598
260
471
966
789
196
740
543
175
621
693
41
981
305
885
282
413
501
183
446
349
916
167
344
295
389
50
61
877
198
397
827
458
221
793
599
417
886
494
945
859
188
986
193
