653
553
596
433
526
334
232
807
928
243
624
936
929
591
485
533
466
149
508
912
324
874
993
466
582
546
636
876
28
728
516
33
633
464
466
511
798
50
318
79
293
295
367
222
886
853
107
705
2
616
617
326
842
962
144
776
508
780
653
536
861
521
921
846
985
387
710
136
437
380
215
82
675
582
304
914
787
412
619
789
380
588
467
222
550
612
999
410
744
4
298
957
525
219
156
862
958
218
998
395
598
213
477
626
148
133
540
935
897
511
725
277
99
544
852
1
508
851
411
605
855
61
914
732
280
70
594
238
640
593
985
239
158
814
217
306
299
109
242
197
620
319
826
71
863
678
424
724
881
187
329
88
248
243
172
528
666
767
118
306
712
103
897
870
269
114
177
568
575
771
117
195
90
944
618
305
974
42
29
208
581
710
648
829
306
821
357
972
940
827
630
652
282
528
874
551
994
51
120
570
822
589
117
264
885
88
570
212
482
951
420
64
662
420
893
320
593
603
292
533
430
922
537
713
802
412
616
149
463
88
719
638
678
188
902
563
276
824
775
759
776
547
823
790
968
68
110
561
671
754
447
454
28
984
519
183
396
135
332
212
224
403
850
254
591
104
817
868
281
945
979
57
492
802
199
812
870
661
726
894
767
173
348
795
509
219
330
906
354
662
118
930
65
320
184
657
424
2
877
705
299
856
114
791
10
665
956
232
326
682
126
445
207
826
241
716
45
571
622
752
586
92
682
651
412
219
660
189
573
537
246
872
745
361
663
755
378
619
988
57
653
466
502
860
645
95
577
42
667
551
794
605
644
829
608
56
48
269
597
621
158
844
493
904
557
508
11
935
480
999
992
133
818
495
346
463
590
923
505
609
474
300
566
470
481
175
879
881
444
476
502
954
320
347
210
229
207
222
165
39
573
509
173
391
356
519
854
299
794
712
260
620
364
827
91
845
2
970
726
798
798
580
752
119
279
963
700
486
185
865
526
110
727
51
502
83
922
708
382
716
420
995
688
784
822
779
981
824
101
707
622
900
639
726
371
918
689
71
757
226
289
635
337
16
686
191
451
960
251
834
28
24
181
716
160
3
848
142
179
949
201
801
201
841
879
572
111
921
996
868
147
285
503
836
653
541
379
104
501
631
290
529
7
471
246
167
474
94
309
5
395
511
158
597
704
38
521
815
959
869
36
458
506
539
647
159
81
26
616
934
9
258
464
16
730
62
536
556
508
845
562
903
708
720
852
412
110
726
580
69
595
616
528
454
507
527
965
940
553
581
875
915
840
339
283
922
401
819
478
909
17
392
164
725
113
369
490
575
95
422
645
42
38
525
496
897
52
462
838
957
395
713
872
235
404
508
509
157
679
988
418
696
732
582
774
197
951
264
773
398
38
418
441
76
943
289
325
347
751
163
304
147
228
529
734
632
37
244
789
716
584
559
413
316
494
539
514
445
803
287
196
841
57
637
269
0
926
594
699
30
110
3
529
338
532
615
971
569
859
112
638
795
24
403
112
518
942
978
315
97
265
511
290
322
500
911
674
779
857
725
809
967
728
690
658
261
305
981
182
517
93
172
312
117
575
776
987
517
754
303
966
371
814
256
45
315
167
71
94
377
796
255
344
525
945
2
138
250
983
320
767
429
845
432
898
420
208
238
290
315
541
256
686
355
513
732
22
32
803
116
409
952
723
106
477
668
460
967
271
796
639
390
577
484
822
827
905
383
65
195
698
606
803
384
314
668
468
336
701
624
805
462
576
528
920
405
549
381
372
820
529
11
562
106
496
737
285
401
120
351
948
818
309
751
554
623
420
23
312
473
999
117
287
575
645
560
980
546
293
352
366
822
715
281
280
211
18
565
964
138
268
264
308
930
16
862
553
788
237
865
613
236
334
252
163
332
812
143
878
105
847
597
927
563
878
559
774
896
477
91
34
97
355
694
27
723
908
933
511
146
150
476
734
485
729
898
817
541
393
695
647
241
292
926
156
522
486
282
418
315
373
804
412
729
498
792
804
407
725
316
905
875
144
991
712
873
241
881
415
635
577
414
228
221
340
384
744
178
666
514
845
392
319
258
473
169
402
277
576
127
593
833
354
738
177
419
963
418
300
378
405
229
144
633
451
485
17
547
15
36
61
861
428
380
471
901
550
873
178
478
352
124
664
58
214
841
477
177
611
130
908
17
359
52
650
162
889
20
709
905
408
771
118
836
503
941
89
405
166
619
236
870
743
900
928
309
93
758
487
56
240
395
73
599
447
76
762
689
96
823
594
504
594
64
692
450
5
133
207
523
752
443
393
848
695
673
157
788
783
644
845
23
391
270
623
191
346
737
880
794
560
826
298
507
890
342
309
247
475
516
122
580
960
515
428
655
540
585
796
324
582
993
699
973
263
674
164
962
411
44
756
324
222
407
831
112
101
140
711
577
656
833
157
968
700
937
976
241
522
772
917
104
117
616
78
732
291
594
694
54
991
803
378
213
210
561
678
311
701
389
240
710
575
749
30
275
686
6
868
561
130
785
17
599
402
95
332
45
42
378
99
33
533
830
598
743
391
276
407
445
18
999
507
593
101
537
220
139
896
89
700
26
874
718
978
628
165
310
25
207
40
477
592
574
307
543
669
50
819
428
495
189
428
2
782
529
892
355
20
788
444
721
166
318
791
144
299
956
806
324
516
847
801
460
773
460
3
442
511
175
223
358
716
651
361
851
532
253
206
552
393
650
625
559
320
416
704
619
725
862
944
593
709
97
405
834
558
761
277
421
288
500
779
4
503
492
855
387
97
61
291
490
711
917
402
32
685
458
3
762
320
299
707
382
397
113
216
307
226
845
80
514
697
859
518
200
352
726
939
801
787
231
292
851
148
46
235
185
504
238
948
824
538
7
558
287
120
775
946
698
620
26
212
318
237
83
870
941
161
810
743
300
41
387
151
541
433
738
78
289
977
378
113
867
386
24
154
858
799
452
557
771
478
121
441
67
556
664
9
717
474
104
18
867
491
521
760
276
260
190
565
589
569
30
456
955
54
962
165
205
414
74
977
244
196
770
663
104
434
672
822
260
776
192
479
619
713
591
895
325
782
460
914
351
843
722
658
897
684
823
103
450
250
432
46
798
202
710
902
989
734
76
601
863
268
81
482
334
672
730
659
806
542
926
157
385
648
167
283
685
343
738
135
593
522
182
391
724
244
293
65
978
370
667
841
990
100
676
676
124
406
336
931
948
614
440
686
262
608
321
947
303
59
83
896
581
617
639
657
213
932
75
191
654
94
385
997
546
61
673
670
467
361
953
767
975
746
805
238
706
126
537
9
537
972
257
470
941
896
480
154
180
555
698
835
1
83
184
547
144
857
569
963
219
523
82
546
621
888
784
327
14
322
688
552
646
945
374
588
841
854
742
21
409
440
208
410
523
392
309
19
602
879
982
821
754
417
367
375
305
504
54
671
178
742
575
824
687
950
412
880
804
507
901
566
947
462
328
823
854
638
842
456
869
177
629
623
594
349
998
251
853
404
922
383
146
850
559
185
800
972
65
956
479
318
874
778
780
203
601
635
193
444
443
62
973
425
685
919
774
35
170
979
791
444
362
937
294
921
122
446
245
539
755
76
857
629
855
638
832
808
625
377
604
420
439
577
845
476
496
619
863
18
950
654
463
312
943
109
586
417
908
183
956
663
260
814
292
467
804
125
275
781
854
880
201
294
809
47
122
306
18
338
324
969
992
139
633
288
601
571
705
509
755
662
172
367
828
464
186
984
941
461
765
796
693
966
442
503
365
564
809
736
902
485
57
247
977
690
535
578
614
240
87
721
254
259
440
82
75
626
418
17
87
183
813
781
502
255
284
219
171
445
955
426
282
12
673
611
55
208
189
21
800
276
742
55
887
182
489
963
808
908
980
247
443
145
380
945
752
16
517
923
813
472
349
96
837
374
707
244
934
249
617
735
877
711
142
765
245
983
728
405
243
60
652
687
557
33
984
309
401
501
584
215
326
286
663
515
660
722
111
595
971
728
682
849
439
176
966
684
159
46
89
403
458
93
442
15
478
778
676
880
280
260
447
958
898
110
825
911
184
936
858
508
16
540
357
807
716
675
843
875
721
932
630
179
377
424
546
856
203
222
88
835
834
887
145
85
349
970
996
533
258
854
41
274
746
750
81
462
425
924
689
498
208
672
29
937
96
575
145
651
149
233
486
336
472
631
421
821
953
769
355
211
623
748
485
369
851
918
183
276
842
224
127
402
896
156
340
345
84
485
996
585
71
835
921
543
818
694
365
772
463
72
983
86
172
821
807
23
739
342
300
934
567
779
336
815
287
676
512
371
514
509
957
585
696
230
128
514
925
845
638
388
269
622
827
442
443
986
465
534
681
117
468
248
896
805
415
184
833
928
907
347
789
216
932
837
799
413
351
724
610
990
464
880
964
643
322
759
630
139
293
663
257
762
911
505
919
678
41
752
958
949
452
99
517
384
936
316
149
640
392
112
982
857
992
946
500
666
705
482
805
350
145
414
464
408
920
383
439
961
136
397
262
588
497
780
324
785
448
826
425
841
938
407
698
282
705
550
300
762
385
457
113
530
872
577
291
144
313
730
457
449
479
72
389
328
204
65
114
652
243
891
493
533
651
543
167
356
446
467
119
831
277
584
713
501
513
4
645
826
86
454
627
566
526
368
894
730
786
8
735
29
252
228
563
903
124
82
611
922
550
82
753
179
666
818
680
532
823
677
710
261
131
338
827
10
58
722
740
844
82
475
874
686
56
789
589
532
871
201
454
773
283
559
952
302
377
632
834
552
661
544
814
145
234
641
155
293
715
247
137
150
75
363
836
483
152
778
15
376
979
821
149
614
732
454
916
461
438
102
14
100
999
180
245
233
173
752
878
241
999
368
391
74
731
579
909
236
357
276
612
336
97
113
303
181
919
571
643
358
674
657
810
25
189
407
610
362
159
489
603
510
209
346
937
940
926
846
176
283
123
140
972
572
606
275
754
877
846
397
235
872
406
397
897
947
156
860
309
315
701
265
178
910
611
115
850
537
313
379
821
788
871
145
361
829
420
467
707
618
216
294
491
974
692
740
921
848
600
582
516
653
847
694
563
459
161
766
348
826
145
521
615
368
666
328
198
438
147
905
57
715
199
900
689
243
992
962
444
945
544
960
598
744
6
162
555
519
928
903
345
425
777
312
793
443
640
991
882
139
248
291
854
800
191
895
43
183
857
487
128
754
799
727
498
805
241
53
676
521
308
22
946
85
686
91
881
327
83
763
818
683
406
673
483
597
568
527
132
778
366
613
532
166
340
30
971
933
435
648
454
95
22
400
181
708
491
414
387
926
529
206
962
935
231
445
884
151
324
16
929
691
629
461
857
321
843
180
254
630
180
60
726
554
460
259
263
304
673
2
582
554
560
544
489
791
342
373
943
666
741
224
357
371
686
566
44
529
99
651
512
279
711
238
186
524
849
801
828
874
803
762
428
716
307
917
859
649
642
154
667
383
379
377
106
65
943
151
946
394
802
458
26
865
48
212
389
249
13
569
475
168
332
903
884
991
172
744
992
814
898
659
550
277
388
656
694
684
159
993
78
313
803
104
179
204
316
920
453
681
490
929
850
174
184
734
517
709
830
509
875
729
520
425
358
261
434
405
945
593
398
23
259
201
128
438
405
796
358
211
478
200
492
328
374
28
414
243
737
245
104
613
326
977
38
684
238
824
89
183
418
839
206
677
41
686
467
798
835
177
361
665
378
205
345
104
234
759
348
971
356
452
584
682
429
975
367
667
799
808
202
569
648
409
598
41
447
417
191
282
595
553
947
973
758
644
429
344
404
777
316
760
582
252
795
363
579
162
383
731
322
585
300
322
346
251
715
794
668
907
428
615
812
728
588
922
372
370
267
128
499
935
241
81
539
36
797
119
550
532
202
872
469
854
547
816
105
262
962
126
169
742
741
333
470
682
256
195
52
875
675
551
162
916
985
701
952
782
172
502
666
374
727
135
229
274
951
686
888
265
812
410
8
906
743
830
588
351
377
640
226
53
543
740
969
528
442
274
662
966
128
328
341
207
464
922
833
767
608
722
33
773
132
393
679
875
223
619
579
953
259
157
6
802
898
327
683
692
953
345
658
82
26
351
289
490
273
475
609
234
197
642
359
681
387
38
908
963
657
487
916
268
645
922
422
543
601
105
235
555
803
245
637
829
597
278
671
870
753
280
456
302
275
815
983
662
205
892
625
214
379
893
482
376
815
257
919
769
362
506
324
517
752
313
698
349
591
369
571
697
2
28
351
277
195
335
291
401
227
269
615
958
162
450
335
330
707
606
99
421
465
423
939
569
736
637
270
679
359
841
728
361
221
80
990
417
767
633
170
346
902
785
304
65
235
991
747
942
950
846
716
415
621
655
336
709
644
606
740
355
799
469
716
21
901
58
790
668
692
960
366
594
97
22
11
685
14
758
979
316
956
695
83
577
350
419
286
347
377
379
702
176
848
771
549
101
829
691
121
873
3
487
468
101
509
831
786
875
942
765
191
898
813
274
476
163
693
114
862
70
493
565
599
693
688
148
794
517
840
267
391
843
754
211
296
264
394
434
139
336
552
331
235
365
957
63
880
3
529
743
425
375
660
24
68
348
525
215
217
717
482
960
560
237
523
209
853
918
643
344
254
195
27
841
912
985
904
793
988
786
888
765
161
900
790
229
600
315
796
169
384
631
130
944
220
5
505
73
923
149
417
530
696
445
371
961
782
628
754
770
414
994
535
575
894
677
156
846
344
305
15
728
936
145
25
156
503
530
581
426
31
998
308
80
795
32
41
577
660
147
699
426
141
587
353
387
616
509
233
961
166
600
41
102
98
66
610
601
949
191
27
980
542
688
412
337
720
453
267
380
600
966
806
93
905
159
832
522
20
417
483
539
18
524
641
116
943
604
717
244
795
96
224
337
784
637
27
504
442
294
236
395
612
42
488
518
553
321
40
926
738
875
465
108
751
458
224
46
62
941
290
210
390
515
547
174
504
926
679
298
220
915
693
185
310
182
703
215
855
95
493
945
970
958
54
721
769
630
768
183
924
58
393
314
925
941
488
781
219
519
432
440
787
125
625
97
659
680
664
866
775
158
164
745
468
218
818
237
200
938
421
124
349
166
438
626
459
279
760
679
150
192
119
937
317
96
386
329
776
51
195
903
561
359
0
29
929
818
619
130
109
392
606
810
558
397
436
18
676
196
697
178
740
168
116
410
616
854
739
744
905
934
647
818
646
647
200
927
817
819
409
278
563
16
88
121
413
525
491
441
73
540
619
166
708
87
576
324
942
315
68
199
601
715
18
599
714
218
527
532
389
936
162
304
952
251
777
717
128
269
510
553
809
130
719
518
569
295
194
511
610
615
63
564
682
81
163
397
651
690
281
392
627
443
696
931
694
825
649
174
94
159
728
904
641
447
774
563
743
320
426
705
935
489
269
618
922
433
367
925
123
0
317
102
443
365
34
490
191
35
664
637
546
744
893
188
192
19
103
935
340
529
992
627
19
262
597
941
695
316
867
818
316
536
273
112
254
307
954
797
342
618
786
888
715
680
428
907
699
531
194
391
61
186
371
432
448
968
725
495
285
944
666
953
833
939
65
87
246
19
236
940
990
374
828
705
54
609
964
106
140
158
849
553
696
220
985
145
541
711
992
178
7
658
131
840
597
549
279
843
568
515
783
910
890
964
967
296
573
931
402
65
441
604
619
138
824
956
635
365
19
627
543
27
286
27
219
883
576
499
79
496
14
214
407
256
530
726
905
455
10
659
521
451
263
492
941
88
800
576
805
172
556
349
551
842
728
770
77
304
269
508
800
636
75
559
244
605
286
149
413
296
809
934
99
424
778
41
512
578
969
670
750
525
371
301
719
99
424
797
403
693
657
203
329
84
115
574
42
753
723
455
401
884
741
500
309
519
541
173
449
863
843
552
388
214
853
108
313
629
257
68
323
266
272
652
351
739
578
393
492
654
848
893
890
589
393
199
460
287
725
909
150
568
461
890
135
667
998
800
296
607
869
619
874
493
624
225
232
554
618
724
208
818
969
99
407
362
650
219
1
375
128
503
296
590
394
783
257
744
583
553
352
452
525
226
297
501
451
529
55
421
605
264
239
574
715
998
289
365
217
642
93
345
146
741
287
540
524
896
636
107
802
988
912
327
214
209
828
17
91
883
438
696
499
29
623
214
379
912
932
596
554
377
294
700
118
933
592
994
830
229
453
632
569
365
311
784
927
491
801
18
726
592
66
226
973
689
792
353
601
76
949
508
453
595
560
923
529
505
917
711
86
371
695
655
88
6
439
367
497
593
385
223
537
804
801
510
493
946
863
447
22
165
307
828
112
867
751
641
372
21
704
810
392
399
466
832
405
257
200
254
202
937
830
739
93
631
602
587
577
465
386
952
982
693
780
95
912
531
88
637
552
793
447
296
192
265
481
950
523
33
204
725
970
386
817
64
18
419
3
947
236
741
899
219
786
679
666
698
563
754
687
467
899
135
116
444
400
597
394
275
982
950
1
304
337
818
720
707
589
723
6
825
816
906
396
602
937
62
301
852
169
988
320
68
475
788
512
228
737
258
503
719
209
856
23
898
26
744
957
615
819
963
793
636
221
541
590
159
956
243
363
125
232
35
545
59
823
410
639
560
668
143
631
229
999
655
479
26
751
436
993
922
752
138
910
973
680
501
484
988
744
848
465
328
883
362
740
59
772
379
971
793
522
603
374
874
610
206
252
713
994
597
635
746
736
546
720
768
399
556
756
143
404
221
472
640
583
212
51
708
591
22
853
466
977
227
340
587
433
944
652
428
541
288
174
277
186
246
397
585
803
153
80
559
726
904
551
662
468
602
722
412
977
575
878
954
802
570
894
588
866
546
368
407
834
894
37
372
141
434
309
296
940
742
207
18
646
111
32
115
713
754
879
42
329
109
997
484
31
891
424
897
437
792
656
624
686
693
348
179
480
658
475
420
400
35
790
398
146
823
865
211
577
744
254
259
853
251
95
236
494
519
133
931
311
790
907
349
835
256
529
315
266
356
87
18
391
878
416
889
701
282
101
630
378
355
241
584
958
336
820
452
207
306
735
518
96
643
220
283
251
749
599
517
457
686
535
201
564
303
90
617
937
543
248
316
898
489
900
856
178
72
660
385
378
396
256
826
391
476
110
642
577
61
511
34
747
46
587
664
701
678
281
639
221
881
955
472
371
207
680
901
279
341
286
10
89
542
188
480
18
650
474
947
711
985
982
459
31
921
475
84
599
756
723
173
638
678
997
361
237
677
262
869
370
548
231
459
443
419
291
813
70
765
761
781
750
95
592
133
16
67
218
968
176
941
141
166
972
138
527
209
167
141
430
538
41
661
349
484
433
641
650
503
758
411
636
509
506
229
642
522
648
212
490
824
154
983
342
478
473
869
39
641
362
470
531
756
483
232
592
916
225
242
419
984
653
56
845
511
637
839
34
285
52
876
462
206
212
804
684
685
26
723
678
740
545
561
496
29
794
89
945
371
331
717
355
337
125
200
848
762
40
234
399
444
111
213
650
323
370
686
360
748
761
391
488
659
952
985
688
98
426
985
470
109
54
177
446
179
730
295
941
122
529
693
566
992
906
568
667
276
254
28
376
367
419
865
378
723
202
418
822
628
404
644
89
458
821
536
990
551
183
283
673
712
976
591
57
235
159
724
863
765
104
240
485
523
105
863
599
659
282
421
639
38
417
728
496
238
264
838
142
447
122
167
512
98
759
569
685
270
293
549
36
398
789
521
273
246
384
224
905
666
997
544
704
414
272
553
5
889
391
147
688
865
666
200
964
777
121
649
48
767
550
84
517
691
605
790
937
341
367
194
360
364
90
416
779
715
969
784
604
713
283
292
578
949
845
894
79
966
896
127
733
798
211
250
490
168
393
427
861
760
974
221
124
64
638
255
779
959
39
383
24
674
28
955
976
873
201
55
191
97
182
925
248
745
527
738
913
272
165
126
32
491
348
509
556
338
764
335
649
156
71
674
830
99
629
806
324
182
861
515
632
395
792
880
140
672
618
405
944
135
532
329
627
232
190
183
570
306
870
571
462
941
245
645
40
226
451
716
409
665
584
41
60
728
921
553
752
891
958
49
26
842
730
653
74
920
188
996
226
59
568
41
0
165
686
393
744
489
461
505
506
45
546
919
126
819
472
878
62
782
927
88
625
657
94
699
929
634
48
508
693
968
549
46
133
587
791
877
76
252
382
935
650
280
854
128
451
678
6
513
460
286
954
85
295
400
137
225
386
537
85
432
505
634
478
638
573
621
868
1
225
250
936
227
883
790
355
686
468
714
552
281
0
506
366
647
258
855
224
644
392
309
76
897
295
906
888
868
879
756
870
105
358
158
332
593
301
688
280
769
402
832
402
754
690
769
401
300
976
978
296
721
287
725
618
583
631
858
803
511
966
25
968
325
184
300
270
485
340
550
606
94
734
9
848
776
130
602
76
106
580
725
179
219
450
150
802
81
8
958
944
975
983
912
652
519
565
922
4
905
825
963
0
559
972
200
688
454
154
116
912
86
841
92
306
291
242
460
725
250
418
669
577
754
934
229
273
499
504
630
756
329
593
108
240
917
309
928
371
815
397
283
902
238
727
208
530
969
668
255
572
439
276
149
193
210
731
466
61
587
96
818
916
689
926
508
606
587
789
329
403
186
613
657
424
692
865
306
662
885
913
586
324
190
87
517
752
818
984
814
405
432
632
673
122
910
182
80
498
323
410
253
509
375
910
285
67
127
944
81
12
857
667
337
47
755
854
152
925
190
966
683
623
598
356
97
860
890
529
710
565
291
963
74
18
225
712
438
352
656
519
365
513
539
54
913
646
260
65
571
451
31
606
426
981
315
875
841
557
404
904
123
696
867
197
714
445
909
152
797
565
24
514
431
563
568
344
209
181
761
132
632
792
739
410
125
54
285
318
611
689
222
86
737
442
284
452
887
545
956
36
463
980
551
894
895
471
590
456
652
351
941
636
495
680
46
620
86
683
290
49
373
513
136
462
955
772
266
842
669
223
878
132
555
781
378
803
605
320
259
257
23
200
246
518
232
644
490
670
328
781
72
53
294
208
515
601
332
134
795
1
357
25
486
264
807
216
419
764
537
31
373
560
583
619
431
816
616
921
838
944
702
910
349
348
470
216
301
154
350
96
156
59
122
994
324
281
210
743
45
747
774
418
660
358
390
91
526
6
12
716
302
67
627
651
767
449
867
69
604
218
517
112
277
639
106
953
272
316
697
669
416
823
440
76
533
830
167
411
836
531
128
138
950
107
141
718
556
8
787
160
578
304
272
856
296
730
809
920
47
858
590
463
34
30
891
567
212
410
331
400
941
459
890
892
566
31
962
122
391
101
635
970
757
259
826
53
990
987
326
389
846
916
852
880
298
95
799
510
505
130
910
798
941
152
42
507
183
4
982
574
457
617
544
215
876
722
268
218
710
946
607
908
862
811
140
512
906
291
22
763
774
284
562
715
788
604
223
971
961
557
898
418
174
794
633
402
517
254
621
579
200
228
487
415
392
979
927
298
270
302
62
44
938
976
760
727
932
335
50
893
892
948
664
418
95
649
820
964
903
793
543
456
374
382
871
766
361
150
416
983
452
478
380
743
806
492
470
739
179
520
632
71
821
648
841
916
298
13
232
201
807
775
9
533
509
880
299
222
383
67
205
187
898
585
930
704
429
752
443
608
625
428
31
798
76
872
714
374
886
298
928
45
73
937
930
582
170
581
156
553
648
361
92
546
299
23
251
728
775
694
689
752
122
720
550
551
593
616
925
831
914
853
228
987
143
158
921
313
91
77
218
739
791
310
638
442
685
889
522
461
935
211
565
410
284
116
961
229
732
238
60
647
444
640
986
587
150
260
252
241
689
470
332
832
780
970
274
818
211
149
279
147
712
196
909
996
312
222
225
397
460
637
44
904
277
382
843
779
994
95
20
684
565
705
516
698
675
143
516
239
644
147
738
356
343
647
353
8
869
930
405
329
568
449
586
845
183
429
977
178
525
997
214
442
54
82
140
82
577
8
321
221
155
59
578
851
706
283
859
927
213
264
608
781
65
194
979
600
976
956
778
853
305
344
295
712
427
788
794
4
796
115
578
304
526
508
155
584
791
366
511
356
630
119
490
47
666
821
647
994
129
778
847
434
122
142
146
901
930
292
258
79
407
836
383
285
344
890
869
487
256
380
195
238
852
685
637
518
506
284
512
635
414
711
422
537
853
920
438
136
213
696
215
972
884
950
258
228
840
479
67
448
860
263
38
712
948
675
582
807
311
446
794
726
157
568
263
362
841
53
498
406
102
65
378
986
15
988
567
207
468
634
655
680
897
693
744
198
720
326
357
32
124
151
110
633
72
725
995
913
778
846
319
232
263
49
571
279
38
138
486
858
124
494
538
22
539
282
572
260
960
929
644
436
432
754
69
504
479
416
769
609
614
88
194
878
138
765
509
528
903
995
738
27
841
628
401
381
910
325
641
222
254
637
10
39
391
431
895
222
847
665
183
814
105
377
44
243
142
553
123
397
900
861
777
742
489
178
123
751
504
116
325
110
753
335
501
496
766
397
70
966
414
253
132
519
983
176
115
125
729
238
523
629
452
300
371
293
830
846
397
686
962
722
149
67
410
650
915
528
399
337
846
813
591
978
333
574
154
800
51
235
390
926
865
842
578
588
488
409
435
885
447
749
959
596
169
721
599
84
602
998
422
448
812
365
779
497
291
933
649
694
169
39
621
386
234
551
974
722
960
761
959
408
511
270
356
32
344
955
116
946
954
890
394
118
607
525
967
250
459
616
297
980
7
918
718
241
469
44
315
782
806
626
542
669
897
250
701
593
206
169
539
512
412
285
982
19
811
301
622
622
917
919
954
276
189
672
518
10
716
185
144
874
812
38
543
61
289
596
6
847
766
545
359
178
830
693
549
993
994
523
615
263
794
569
539
983
593
409
346
310
595
490
184
759
529
80
172
170
676
178
17
794
75
728
324
905
421
226
251
415
749
866
678
544
788
217
879
381
627
225
691
574
68
228
333
597
660
857
119
688
387
136
483
462
864
807
719
285
385
970
52
135
837
730
31
625
299
910
6
926
488
50
852
556
630
537
505
290
394
624
978
781
760
813
595
976
973
315
613
358
285
665
493
474
395
876
451
694
787
810
973
275
860
825
183
490
363
688
132
109
312
462
243
424
276
838
400
601
153
13
959
791
30
805
265
777
681
717
823
820
527
796
447
739
974
630
581
689
670
713
150
982
527
393
758
155
584
510
756
737
523
716
880
905
873
146
682
554
215
506
727
94
654
174
833
628
157
414
669
827
479
820
162
6
213
920
162
797
431
270
887
306
986
767
212
211
265
894
766
480
400
845
574
55
19
759
35
176
173
705
356
4
877
518
363
90
438
877
240
221
147
479
528
486
598
740
697
216
986
815
48
739
660
975
146
32
734
533
208
260
238
916
264
115
434
627
558
225
504
150
446
4
981
974
490
931
66
187
147
53
3
196
144
15
171
290
47
905
823
608
165
414
524
782
881
959
761
791
184
618
941
630
622
274
605
112
206
23
299
353
76
654
549
220
670
72
862
717
978
38
325
495
452
202
629
685
161
391
477
697
9
770
327
631
45
284
743
603
308
394
956
736
401
858
309
423
282
523
492
260
561
170
108
365
372
89
51
533
480
528
230
841
650
909
472
695
546
567
298
854
314
607
942
715
817
251
138
99
775
982
712
688
152
172
54
524
261
105
409
94
985
639
935
635
901
760
683
447
679
333
653
993
940
595
60
109
199
550
209
326
533
273
14
685
445
420
210
58
877
619
152
862
611
88
498
864
848
181
311
527
514
316
873
807
263
933
268
462
836
477
140
369
102
507
406
547
927
616
606
805
588
758
19
551
198
517
767
398
50
430
278
917
746
151
76
9
436
344
824
272
174
316
641
276
823
48
176
103
16
134
260
956
892
631
859
443
501
626
841
551
56
119
820
154
622
248
516
59
593
692
683
767
8
677
395
184
77
571
639
93
705
251
402
950
882
613
745
383
240
938
287
648
410
107
155
32
356
671
443
301
363
127
420
723
804
815
907
881
739
898
326
796
149
80
98
32
694
843
415
286
782
702
286
192
162
441
224
870
464
20
171
179
499
943
903
303
110
162
536
849
61
214
998
210
647
96
242
341
940
10
979
74
712
617
266
226
411
842
96
875
862
619
55
361
562
310
16
673
472
904
874
533
119
872
744
766
321
338
459
261
348
790
335
413
407
953
991
818
795
88
46
10
707
453
371
270
763
740
295
587
644
521
121
115
394
217
233
67
907
692
680
608
834
367
373
242
320
364
412
467
452
810
477
512
263
201
134
378
941
429
966
937
950
439
53
696
8
638
115
915
683
795
523
517
162
248
111
834
613
876
302
417
686
779
929
950
332
63
680
273
844
646
563
147
437
968
195
445
606
311
361
289
106
236
807
621
485
270
455
98
146
757
867
833
889
797
135
221
860
815
847
57
814
410
204
251
378
399
697
984
710
410
626
169
998
433
790
483
55
597
933
202
355
801
35
244
598
522
465
810
689
664
867
855
74
423
459
804
823
508
141
885
918
767
406
916
552
196
752
607
794
685
161
501
838
548
97
788
70
914
599
112
579
818
967
5
242
426
810
417
934
303
654
204
422
61
121
974
609
225
933
755
910
95
256
101
643
353
889
66
268
840
178
199
11
497
204
253
924
366
22
210
669
676
415
91
737
888
417
699
113
703
454
375
798
711
476
793
416
366
211
36
558
389
587
569
887
792
822
163
158
196
725
180
225
140
623
962
380
393
13
493
96
468
221
246
531
697
39
947
415
251
336
974
992
923
543
231
67
718
746
578
266
472
758
491
612
733
806
345
126
819
190
222
287
411
468
818
461
860
118
876
463
806
202
807
729
746
39
797
816
785
375
82
257
485
574
222
570
380
919
697
199
109
919
839
521
740
657
982
952
127
210
767
933
413
574
15
511
965
164
327
103
539
409
712
376
335
286
946
715
205
995
267
315
267
106
188
7
115
522
311
595
84
78
528
497
4
895
360
970
59
687
425
598
449
137
326
136
424
625
852
981
620
471
296
887
929
836
246
44
710
557
639
795
987
520
644
344
415
5
314
475
44
91
425
845
228
104
982
4
729
186
986
701
9
634
941
938
471
187
982
181
97
974
328
436
846
325
780
613
682
446
88
726
537
866
924
766
322
258
122
403
444
108
104
453
743
45
391
214
585
725
747
34
51
428
470
249
753
251
863
435
49
303
513
587
521
437
705
843
47
827
246
491
936
351
296
679
748
39
245
685
117
344
719
520
124
542
770
877
793
633
664
842
288
178
781
810
967
486
653
367
666
900
210
602
603
507
633
703
898
230
389
367
926
460
888
51
2
658
928
147
643
945
342
283
475
123
93
794
962
99
161
628
351
372
582
954
231
567
9
129
797
750
497
723
211
737
774
565
747
55
713
742
0
407
25
475
882
119
621
844
218
783
824
921
155
406
875
386
973
236
867
770
987
716
846
550
453
620
467
200
27
532
942
27
939
968
854
822
439
476
666
9
611
843
930
118
249
157
856
575
393
723
345
732
440
543
282
245
516
102
798
543
634
740
923
574
60
129
748
851
957
766
212
568
609
142
38
859
651
894
434
397
618
131
129
410
27
764
7
543
866
805
438
500
898
361
426
958
843
174
162
800
941
374
721
550
869
759
761
520
6
195
917
976
679
399
738
706
163
745
249
381
903
39
233
801
401
660
111
596
834
273
748
127
648
469
678
517
581
439
389
939
987
659
915
666
58
653
724
573
750
325
954
653
364
187
454
117
199
918
713
386
191
462
513
191
283
191
60
216
983
450
507
322
109
422
340
519
427
64
92
178
741
46
183
105
585
990
575
137
908
640
523
99
454
36
291
90
580
351
306
915
153
166
237
614
588
577
133
368
993
225
898
734
623
81
839
561
71
766
698
979
407
221
431
861
257
74
951
189
777
610
104
931
776
341
545
716
270
31
84
263
256
982
997
232
64
189
793
487
955
491
467
362
712
898
224
321
324
527
511
101
137
967
32
913
661
930
630
931
961
714
195
569
49
192
801
465
733
946
952
689
437
419
403
501
669
979
823
993
507
686
95
644
5
479
558
666
761
540
598
74
606
793
644
655
337
797
120
423
744
425
464
181
196
867
683
866
847
858
211
706
896
658
350
901
490
260
568
251
152
518
326
759
311
322
766
0
119
239
775
863
664
239
397
212
107
432
78
306
642
642
12
538
652
714
791
142
327
711
746
479
229
424
590
892
746
709
893
217
300
668
81
316
908
830
528
367
262
959
25
904
953
389
794
605
103
585
100
782
649
198
614
878
622
556
771
720
265
16
937
917
684
370
233
944
200
114
663
814
73
688
718
378
77
864
983
533
802
435
667
451
985
281
329
959
838
100
679
455
116
617
373
153
339
958
449
540
72
113
354
497
153
425
875
583
289
211
116
443
998
135
894
984
417
576
943
255
28
975
62
497
944
787
650
283
746
451
823
170
916
530
20
422
307
247
5
596
458
473
392
809
608
286
145
25
214
440
632
243
415
47
740
711
834
742
995
580
545
170
103
462
52
123
884
359
370
241
308
181
714
700
342
674
338
487
52
553
279
684
148
47
83
240
758
918
982
753
850
879
276
953
341
328
428
577
688
799
170
348
332
884
48
674
911
738
513
963
291
144
999
791
191
83
31
950
1
365
55
851
245
683
157
938
364
585
868
52
736
38
752
68
275
800
94
186
538
959
149
182
104
148
973
647
583
5
949
584
722
5
788
967
40
945
906
404
882
774
808
619
812
560
39
87
360
486
625
251
797
774
433
253
275
758
901
858
115
850
795
838
207
583
805
600
880
63
4
762
189
813
733
354
373
125
793
86
963
419
689
760
545
474
14
820
232
267
679
348
469
474
538
677
409
695
277
289
759
633
403
300
798
489
654
524
614
800
610
577
219
651
689
764
125
703
937
357
322
616
57
792
442
595
821
203
291
450
492
402
83
247
54
882
88
61
406
54
861
368
983
432
19
673
548
144
728
485
501
51
453
911
843
247
506
16
450
149
466
294
551
549
894
606
783
982
667
189
37
880
909
372
312
928
45
212
72
126
698
926
529
503
837
724
751
695
740
201
845
206
496
396
107
390
354
891
724
373
80
113
253
990
486
917
270
883
130
695
361
180
621
890
683
810
966
786
505
706
340
350
264
188
99
372
930
805
263
654
179
695
768
784
37
606
54
308
841
536
3
203
68
976
445
103
786
412
890
643
470
230
346
735
418
797
107
348
602
370
354
133
65
474
270
103
432
676
763
274
212
766
829
632
94
274
735
232
38
977
875
509
207
573
244
977
370
703
677
325
425
32
810
490
858
80
945
291
108
60
565
672
178
394
304
272
20
40
504
411
17
732
920
577
305
516
906
28
219
584
705
644
968
515
486
826
948
784
469
56
844
34
729
375
780
33
647
153
425
152
564
795
236
836
372
893
352
630
921
923
566
626
919
886
494
757
65
442
541
534
498
738
921
579
113
53
965
112
206
390
616
122
185
852
958
909
746
662
540
19
937
458
646
856
345
140
614
410
934
507
944
432
597
865
364
62
919
329
175
477
719
791
600
257
996
910
518
742
925
58
113
862
869
759
71
214
251
37
624
185
896
568
970
846
786
334
908
57
663
435
534
734
579
486
343
575
749
862
669
674
272
782
888
141
894
959
355
497
348
331
35
245
252
357
91
38
691
351
95
706
787
981
792
366
468
136
293
217
998
314
243
270
448
131
764
342
443
119
192
791
451
227
36
55
584
479
93
627
831
540
685
618
521
477
336
341
965
981
910
315
647
153
938
95
637
702
790
80
173
982
871
976
561
260
31
145
739
124
124
570
16
809
540
890
638
228
231
956
561
494
271
208
999
209
304
988
263
94
68
437
76
292
413
637
552
797
134
291
273
610
214
290
419
106
180
409
335
763
365
896
609
989
457
609
198
761
597
814
855
18
251
283
310
16
272
862
813
758
505
87
368
71
377
139
178
909
900
865
672
618
113
634
607
570
243
157
331
192
971
538
210
222
173
872
591
445
86
404
555
592
491
923
15
220
414
193
129
315
58
154
933
524
788
892
94
383
49
778
927
21
316
490
595
490
362
186
287
449
943
195
393
786
118
408
7
885
602
488
552
12
994
837
536
134
729
983
869
130
761
797
503
77
287
99
919
1
637
559
450
932
754
843
719
224
252
78
109
206
566
13
570
913
850
107
47
931
90
269
62
851
66
565
280
705
16
552
706
6
111
157
938
865
352
9
89
956
87
551
162
6
916
733
919
767
192
318
50
634
587
464
837
5
30
117
710
398
669
417
756
132
926
47
349
630
56
791
587
496
342
101
502
258
186
421
377
378
91
780
364
679
244
201
684
626
319
747
25
340
516
133
825
442
532
174
424
941
965
11
437
659
113
291
270
651
64
647
30
155
427
394
186
672
948
223
298
619
970
675
959
486
161
136
280
693
311
704
986
276
68
423
288
533
714
558
184
130
557
566
286
337
313
472
361
261
47
659
880
17
687
191
855
200
328
135
245
639
192
232
267
260
7
555
793
74
465
329
204
23
896
490
360
209
315
721
822
362
732
702
732
771
245
587
971
573
75
217
564
267
801
184
879
808
91
24
882
557
353
87
580
601
929
940
162
596
13
984
311
745
38
43
869
284
982
840
857
57
409
774
324
210
958
203
371
49
227
253
606
933
692
538
534
974
830
697
922
843
681
233
941
720
628
810
356
611
2
565
668
412
339
345
974
297
900
345
699
480
951
657
413
995
196
947
321
26
996
244
222
678
829
163
750
810
325
458
421
327
23
441
91
363
138
66
12
39
763
63
519
66
721
284
62
269
583
383
295
580
979
869
610
161
384
712
971
709
170
392
37
193
185
128
908
324
546
921
715
310
336
586
376
57
870
790
326
453
526
974
33
505
195
995
18
580
707
989
641
877
733
30
423
919
159
331
595
57
604
310
719
941
896
448
350
118
238
29
571
116
355
957
974
550
304
992
130
12
982
124
241
715
154
664
986
665
348
581
723
952
243
442
245
491
242
596
609
481
977
533
597
332
842
923
882
146
916
365
510
898
489
752
965
643
768
952
309
116
885
384
69
481
178
666
324
421
614
934
254
591
819
203
923
13
127
806
159
43
523
22
293
364
774
258
7
542
562
668
11
800
52
432
633
583
98
957
4
713
243
610
304
62
813
580
75
292
386
587
335
261
609
628
625
735
239
984
629
153
653
640
305
57
424
938
640
523
896
996
588
139
958
244
554
772
824
981
64
210
568
752
823
529
732
448
264
323
433
894
477
438
886
782
495
311
73
488
186
969
836
774
460
795
18
14
919
843
996
335
405
916
87
581
446
172
29
710
495
814
956
972
252
195
107
100
858
180
940
44
501
776
170
961
923
540
328
194
735
324
530
493
240
969
74
38
141
455
101
637
622
409
961
874
604
420
326
814
600
266
210
101
395
732
63
670
273
743
865
360
67
747
853
659
716
279
50
210
87
151
847
709
560
160
935
517
581
262
331
181
880
894
635
275
626
50
946
251
793
163
612
212
910
817
223
626
97
273
188
536
424
35
245
337
548
180
854
129
794
537
662
675
431
649
302
410
699
248
661
844
763
273
56
673
91
280
652
540
905
840
76
330
228
321
667
776
853
873
257
648
410
271
323
194
921
625
604
972
226
265
169
341
891
225
15
982
857
19
522
763
211
598
445
791
271
464
919
124
337
176
124
747
800
799
293
73
777
897
45
355
515
214
696
406
792
711
388
1
82
262
116
294
212
913
437
835
377
357
959
714
533
436
814
685
235
107
758
12
5
804
367
520
370
64
278
514
127
18
868
562
280
336
208
844
250
645
679
627
2
638
342
888
426
156
573
662
615
684
26
620
840
746
492
210
162
122
77
641
140
297
203
420
633
763
264
883
409
295
511
763
934
205
651
712
713
577
374
328
261
753
301
101
499
145
663
661
268
92
654
760
389
858
533
23
621
797
906
382
93
769
146
379
326
149
443
391
726
170
72
339
923
725
792
774
870
456
787
490
548
441
251
938
651
784
313
273
933
219
7
378
341
153
109
19
655
553
411
733
75
483
73
998
208
865
772
430
673
911
273
222
352
876
512
4
12
825
629
297
396
636
28
737
142
137
109
797
42
520
530
117
355
603
467
915
821
591
345
494
502
970
68
207
846
932
211
210
757
192
508
506
828
536
595
322
25
704
119
420
576
650
889
931
605
357
846
778
300
544
273
803
866
693
362
713
626
925
275
735
117
783
593
297
671
189
620
697
245
739
117
822
741
358
753
699
715
952
477
368
496
750
171
362
796
885
427
774
810
703
861
927
838
455
224
510
644
196
559
889
936
28
711
29
386
817
728
454
769
206
822
617
308
345
331
456
230
759
230
40
814
92
319
652
547
543
514
543
92
73
784
380
101
848
409
488
665
138
942
434
696
116
403
4
461
734
461
691
493
43
83
659
135
402
664
34
297
178
577
389
252
362
769
353
210
179
193
227
669
487
661
365
603
416
721
64
150
534
107
996
578
190
655
65
592
671
100
890
850
677
631
102
391
401
807
953
932
353
180
601
840
193
318
444
609
391
508
760
926
616
108
856
806
115
273
751
787
373
993
637
403
624
91
146
25
250
100
309
603
280
910
444
474
580
888
435
972
748
547
250
716
655
458
875
771
731
626
910
457
619
899
860
595
342
358
973
592
458
282
548
739
545
344
565
125
232
0
449
332
548
51
49
555
509
924
678
241
550
588
50
521
839
910
468
181
620
441
126
79
724
26
170
621
370
87
746
954
87
548
286
987
599
335
895
109
611
573
702
513
514
752
386
353
14
855
887
634
296
365
65
372
391
235
993
761
322
92
715
762
640
353
101
239
41
996
700
652
922
754
166
436
858
552
141
872
759
380
859
56
745
276
780
136
864
774
249
186
866
964
300
858
670
754
449
711
102
150
363
24
904
881
812
115
786
954
339
545
686
198
953
432
827
734
920
691
860
170
229
78
486
882
936
156
636
737
867
738
887
583
763
144
816
575
259
954
881
950
852
568
501
805
352
328
891
272
19
103
794
248
181
281
482
469
789
118
207
9
857
446
592
972
942
760
899
553
715
133
504
567
53
5
724
405
333
616
29
704
71
824
304
253
457
787
74
246
905
633
255
114
432
199
438
374
312
690
280
27
823
784
946
876
141
670
633
826
638
14
530
710
838
186
315
647
973
741
894
231
375
501
345
807
53
136
533
365
826
813
392
649
949
690
877
90
712
862
268
351
876
798
413
67
985
80
714
310
821
960
541
196
814
239
355
867
375
889
232
553
54
976
554
4
666
431
446
378
645
715
81
873
865
494
292
202
574
359
513
748
319
54
296
133
293
652
352
20
893
584
573
947
560
127
303
578
910
102
957
907
169
390
781
34
885
425
237
811
784
102
911
456
156
208
941
802
860
294
174
105
878
100
404
791
227
708
369
490
162
678
397
331
69
530
717
306
308
954
117
92
408
381
548
565
589
842
719
801
136
245
906
366
345
310
157
573
370
527
415
532
205
164
215
626
47
933
932
355
239
402
799
648
783
348
565
372
542
636
173
678
881
431
44
227
741
554
152
464
433
567
348
638
83
564
617
130
849
549
837
440
951
637
440
734
337
5
458
879
641
631
557
523
414
953
102
156
507
254
972
940
821
320
931
256
236
548
387
437
97
224
878
401
213
318
135
550
324
946
429
317
929
338
192
344
292
294
500
151
548
824
92
721
144
375
978
733
275
717
170
724
293
48
125
507
719
613
409
395
559
839
712
488
177
257
832
821
551
684
973
452
508
417
525
5
144
503
738
419
572
908
143
866
309
269
725
28
882
134
423
441
325
487
281
855
744
114
676
296
798
1
100
659
418
625
664
562
481
754
981
53
662
125
271
323
746
996
351
628
483
774
421
808
262
54
663
358
168
692
654
319
693
106
330
464
732
994
26
213
100
360
266
762
837
890
86
935
238
789
915
721
916
688
882
530
742
545
888
911
237
543
582
283
1
912
747
733
258
125
946
358
837
565
472
674
455
910
961
693
700
876
767
616
564
649
498
307
546
386
570
136
281
152
419
283
416
166
16
674
643
315
384
481
232
856
507
687
767
469
732
819
345
499
787
910
500
285
217
47
671
787
183
305
291
954
588
707
120
956
733
763
271
117
596
503
973
104
542
92
573
627
263
918
478
50
180
979
687
749
378
711
888
561
16
179
515
604
238
987
912
971
102
184
88
699
39
414
155
582
858
728
209
122
998
39
524
179
18
212
928
396
923
817
309
939
996
176
895
587
515
807
558
970
343
999
21
383
765
176
317
623
904
878
97
254
917
622
433
288
834
362
684
109
531
346
48
879
522
295
466
390
454
377
360
798
376
381
533
493
557
202
468
813
432
566
67
701
540
853
989
726
567
26
835
98
372
235
329
246
530
796
636
336
525
348
486
901
729
371
746
638
573
214
803
5
132
223
707
672
76
48
398
995
74
233
93
798
468
422
45
350
570
33
687
95
382
525
348
463
897
94
454
470
661
257
828
793
480
887
466
908
287
864
903
362
450
348
160
918
123
557
621
693
591
660
141
973
185
841
788
82
288
242
905
949
500
85
742
332
324
208
593
611
425
848
973
875
197
486
145
320
43
766
365
634
778
858
959
964
700
748
398
988
342
303
289
194
740
31
879
64
592
472
676
369
320
1
244
869
839
389
189
883
508
907
869
286
765
829
602
817
929
1
157
623
656
446
818
397
478
697
813
422
521
841
791
841
195
387
711
34
128
252
917
636
511
787
275
629
968
229
446
897
230
956
520
239
402
690
988
232
387
801
654
908
643
797
102
838
184
165
224
313
769
142
301
281
929
576
910
897
806
708
146
388
664
18
627
419
709
967
651
448
769
658
709
764
455
811
954
640
328
178
305
97
672
606
730
953
535
992
850
341
53
348
81
717
367
61
488
428
28
140
876
149
150
585
265
605
748
571
597
76
102
902
526
774
509
608
728
44
601
930
737
654
279
170
723
998
231
564
426
612
704
302
113
206
240
379
811
988
302
761
417
404
15
295
531
524
255
611
920
856
541
9
862
172
180
938
170
763
502
948
375
558
603
489
764
843
220
927
183
874
688
952
279
704
599
162
580
855
773
853
63
314
862
278
487
394
216
9
158
718
310
885
628
913
726
392
108
298
671
643
173
712
948
804
768
899
966
348
106
739
553
170
53
768
448
892
162
16
254
672
86
564
558
714
829
636
106
289
935
129
932
108
841
232
912
609
132
230
310
238
969
863
760
374
631
560
267
146
576
873
170
14
789
728
728
618
717
186
907
652
316
191
112
157
776
376
767
908
606
77
498
927
292
611
301
276
171
920
774
100
793
944
114
582
25
843
552
742
381
811
746
697
3
210
855
779
938
974
39
896
403
889
823
695
500
124
323
24
397
97
124
190
394
590
125
419
785
677
161
167
489
259
864
844
469
71
975
759
45
366
655
448
255
830
496
108
306
819
132
703
269
608
894
663
198
19
82
336
48
595
855
889
854
719
85
675
143
412
434
188
778
441
989
386
271
485
494
577
304
626
281
925
234
527
588
784
898
22
472
946
617
327
188
823
399
273
850
542
38
636
82
816
77
71
554
700
556
48
630
213
26
263
138
612
790
727
749
688
749
221
986
719
549
526
542
948
152
745
490
190
381
924
358
811
996
913
511
552
313
493
765
340
756
256
952
546
983
701
586
84
275
925
155
824
451
50
124
955
795
614
145
176
538
504
339
886
769
203
439
82
696
556
422
453
812
727
999
147
780
938
584
55
863
739
231
666
789
355
622
584
321
767
113
212
623
804
98
392
7
889
475
704
798
249
157
962
976
508
110
109
446
46
516
309
785
748
976
927
103
950
863
425
69
976
989
693
781
87
437
140
977
264
844
775
514
1
737
842
510
199
951
956
245
468
618
383
568
946
662
671
896
525
448
965
854
437
10
987
525
800
127
854
64
972
981
578
325
70
773
187
270
724
144
867
544
114
602
112
60
264
136
308
790
584
625
644
374
988
631
251
788
758
457
852
82
438
431
408
508
204
595
130
280
91
998
177
557
952
641
617
217
777
277
7
714
255
3
88
243
986
691
31
96
148
883
179
586
666
939
446
222
534
577
855
978
927
32
535
879
673
505
96
803
782
455
517
37
810
957
280
796
648
663
893
148
547
424
734
213
363
532
788
249
109
643
227
388
675
115
268
700
620
716
503
754
524
372
144
334
681
776
483
329
440
376
829
987
152
915
552
515
448
692
116
909
335
696
298
362
811
566
415
431
634
270
537
158
643
681
493
324
458
976
6
250
704
835
589
208
751
493
75
551
186
191
460
873
887
758
236
50
324
3
833
959
273
371
469
916
404
962
593
862
290
951
112
346
786
53
554
889
547
629
440
733
821
901
606
60
659
194
111
336
197
296
647
823
667
116
739
72
431
684
286
73
635
751
420
774
804
974
663
351
956
456
436
777
709
43
189
368
589
652
56
139
949
55
962
968
524
53
40
955
738
327
28
373
430
800
499
234
775
515
586
731
971
22
860
680
417
401
400
7
54
809
146
355
864
460
323
388
513
716
695
251
395
76
977
825
876
476
59
3
991
997
86
314
372
946
994
789
700
395
148
106
556
646
461
420
106
136
161
620
852
208
223
247
284
200
72
513
29
484
868
372
481
955
687
853
253
33
995
953
780
495
59
336
142
872
109
600
361
270
572
213
478
796
813
115
348
237
980
729
721
848
102
555
155
141
408
409
174
755
714
955
251
126
643
745
998
752
345
359
22
918
925
853
66
738
320
766
327
652
496
49
852
950
604
8
91
364
417
617
472
483
924
723
609
568
820
608
320
165
319
695
435
596
548
853
686
220
620
14
224
116
415
76
66
19
84
509
735
853
126
207
337
51
282
946
619
454
906
291
620
578
986
407
526
886
261
213
106
233
579
330
349
994
759
767
365
843
276
452
49
754
12
386
157
294
684
128
101
943
420
721
873
406
480
399
293
93
964
751
326
543
434
27
537
193
146
254
388
774
707
437
529
719
175
38
365
212
167
466
507
587
539
380
345
372
131
990
817
96
94
144
639
528
523
529
73
670
135
813
796
842
251
325
913
778
364
631
342
883
449
849
470
989
581
815
713
713
158
530
809
252
26
800
780
550
329
205
572
465
18
368
659
621
46
925
752
762
556
94
645
5
296
467
346
877
634
59
942
792
942
751
44
968
904
824
870
233
381
794
50
400
515
62
373
561
987
125
675
543
572
672
900
868
139
247
97
773
658
392
566
952
495
610
921
399
787
143
985
520
938
387
272
805
449
646
366
436
123
393
331
695
65
584
915
204
183
365
329
841
757
247
146
252
858
419
652
997
562
989
517
852
376
142
657
826
788
375
614
911
120
298
959
185
882
874
741
65
591
71
258
700
318
404
953
528
823
957
877
738
946
747
590
322
889
600
500
677
327
115
940
448
413
899
633
647
126
727
712
69
150
322
770
820
727
75
701
902
32
578
640
330
677
583
652
566
183
505
595
862
620
888
310
385
139
296
32
617
23
96
687
173
418
457
993
497
532
694
400
916
625
40
246
302
975
250
221
510
107
816
373
727
704
683
464
844
331
848
813
354
296
500
879
67
309
225
564
193
271
316
109
248
357
707
551
684
310
772
195
417
940
568
497
997
603
961
193
287
162
6
641
458
507
873
525
816
450
442
10
721
758
471
970
467
531
873
152
841
997
347
610
937
267
107
934
222
421
479
509
583
486
503
393
345
728
919
513
178
713
875
251
471
347
221
939
230
94
91
71
91
790
33
381
409
141
667
983
562
147
845
497
985
700
890
330
428
161
843
958
874
719
209
346
418
783
637
648
229
728
71
673
870
104
54
631
245
73
614
159
220
811
8
205
511
251
887
291
412
83
249
639
802
811
337
572
594
974
572
175
54
643
848
276
747
254
907
345
328
873
856
900
685
217
458
548
468
345
840
232
428
441
871
582
604
560
154
550
534
726
726
940
721
574
216
821
829
475
518
157
349
726
409
386
943
867
934
411
213
126
644
993
920
867
576
524
428
82
75
314
161
801
607
882
727
823
55
908
651
573
417
352
300
827
738
595
694
24
7
907
151
3
901
71
870
829
947
650
911
22
317
424
175
924
659
903
99
714
811
750
640
229
102
292
56
192
887
750
217
894
10
720
249
263
143
472
92
90
474
3
465
791
428
640
715
439
543
815
153
707
917
793
288
372
85
344
564
973
446
133
219
456
205
821
71
348
293
163
791
767
519
256
911
299
248
626
738
144
793
891
851
711
37
139
83
122
835
999
447
281
133
19
90
338
192
161
39
837
677
830
956
196
438
867
495
686
494
233
830
639
476
33
350
513
524
785
988
359
785
787
993
270
158
435
608
350
948
999
539
625
181
496
821
971
363
668
10
209
253
192
849
730
226
551
595
750
689
583
110
474
723
455
96
233
890
704
936
838
56
475
464
237
971
637
561
335
306
571
896
559
763
745
641
989
649
237
92
338
172
554
812
247
9
908
481
251
964
417
89
372
892
905
962
864
895
523
551
553
94
447
464
857
545
106
199
194
695
291
532
867
845
696
115
206
956
596
457
272
365
898
645
257
804
959
473
51
482
376
604
576
824
68
785
369
174
984
915
221
627
447
89
472
495
556
30
451
504
487
723
869
738
720
478
894
679
952
945
161
328
549
89
504
617
875
225
144
211
140
365
839
939
806
663
434
714
694
885
218
533
961
439
271
33
918
165
713
222
110
226
902
11
316
759
981
543
984
125
754
477
842
945
768
1
609
203
715
655
440
286
188
753
77
812
787
995
329
500
569
792
78
824
803
394
583
784
289
919
261
396
748
456
341
517
809
950
72
524
605
512
162
146
266
240
958
53
587
639
905
509
431
983
333
235
730
268
371
19
187
985
415
288
441
109
805
250
411
877
126
17
741
289
515
7
881
825
412
468
464
317
329
896
653
662
483
383
930
854
754
470
191
170
758
632
631
915
234
42
144
361
411
885
2
926
245
235
103
9
55
568
679
385
464
332
47
299
715
330
505
469
152
697
991
262
329
622
177
916
17
673
629
428
910
983
707
155
218
810
517
625
378
196
10
194
528
410
845
595
92
351
416
244
48
408
506
729
382
35
645
751
708
274
180
618
257
239
126
827
49
643
453
780
191
463
326
719
225
172
666
317
875
82
561
923
842
419
652
577
454
298
328
514
924
508
485
534
747
611
361
149
606
814
281
797
630
607
868
207
131
534
525
6
616
438
929
811
210
934
388
16
584
716
531
508
577
16
42
676
979
756
825
585
922
106
382
904
66
602
112
197
136
989
204
104
427
485
915
637
771
655
6
355
372
537
216
301
905
610
977
884
366
803
821
641
261
555
545
327
157
9
525
293
998
81
749
426
918
17
415
42
672
421
397
396
310
965
697
215
576
675
451
294
830
272
935
91
827
833
419
984
842
296
629
841
729
379
619
999
396
386
41
420
160
791
817
470
756
514
38
332
541
841
627
371
114
914
463
293
747
234
630
942
882
611
135
611
342
106
962
90
492
4
511
652
795
680
475
903
194
865
236
736
706
215
459
172
129
922
466
229
508
448
523
390
411
658
1
754
116
964
844
608
320
707
613
467
387
88
370
582
305
606
670
11
173
129
184
655
404
2
884
912
450
759
303
213
769
656
967
885
972
164
493
292
871
458
111
259
898
482
193
203
440
863
215
966
344
399
621
100
753
857
365
555
616
20
768
385
676
736
270
649
900
115
293
771
926
757
382
824
239
575
28
31
790
595
997
487
346
618
587
99
475
304
654
443
324
422
180
1
510
802
2
762
918
647
534
196
404
268
20
995
844
400
379
634
995
728
121
341
699
61
792
526
365
446
970
42
221
150
43
83
953
397
846
223
396
732
419
153
0
791
500
844
192
879
831
539
608
304
233
307
717
25
833
435
824
155
477
397
306
872
480
611
621
678
186
17
410
957
170
763
100
671
607
644
902
790
184
510
95
417
169
164
794
355
599
618
510
76
367
168
300
848
131
921
526
669
939
289
626
461
52
79
132
11
723
35
802
907
897
249
676
419
765
471
774
365
441
284
793
809
805
94
9
936
15
887
958
306
176
584
768
580
15
252
592
739
287
746
998
537
347
675
956
112
498
730
477
939
366
271
100
523
717
461
460
84
349
418
391
877
354
511
458
722
763
402
461
403
148
459
940
495
486
896
607
336
978
437
628
696
60
728
220
777
190
680
861
891
450
604
768
156
115
578
878
879
980
691
282
480
503
574
975
341
470
935
678
800
372
306
496
432
386
716
209
576
748
422
819
550
379
940
59
494
518
289
725
851
981
359
331
836
933
659
177
755
594
855
555
966
513
52
398
900
120
959
828
221
381
648
771
760
940
182
607
810
472
332
661
805
692
345
641
977
4
170
733
598
378
288
564
891
692
314
143
165
273
972
386
654
972
509
767
912
692
726
74
164
58
736
321
102
433
962
80
437
484
165
387
214
453
951
458
498
617
601
663
890
925
49
896
897
558
663
161
602
389
236
766
800
324
87
254
757
401
686
546
238
851
933
452
657
236
910
155
853
864
170
743
789
571
991
39
481
655
200
84
396
788
850
548
464
290
155
221
43
193
767
281
45
52
734
54
288
996
561
493
212
731
236
2
302
228
393
783
235
593
867
983
734
70
884
198
360
391
772
403
584
891
37
981
944
123
35
584
119
596
78
684
679
666
686
333
246
79
117
481
24
336
817
110
758
53
661
470
444
433
226
28
324
263
10
620
386
397
205
857
346
283
541
25
949
579
359
196
10
828
29
387
164
198
497
923
251
158
393
695
943
971
76
268
234
86
888
972
835
445
830
181
728
723
207
30
303
918
578
665
746
607
52
910
806
550
185
409
60
931
457
4
902
533
624
489
971
864
461
806
310
291
988
390
367
547
420
22
465
998
687
211
958
740
473
116
642
11
877
702
294
334
58
196
867
682
37
838
547
499
645
857
142
985
599
509
532
20
531
997
370
571
560
680
311
33
148
305
396
26
359
690
360
418
239
228
100
276
66
999
775
63
208
270
48
808
779
932
828
663
281
550
234
841
231
897
227
379
202
623
405
913
666
118
331
905
346
784
181
764
783
309
180
992
579
228
800
710
513
980
373
794
530
959
636
113
856
863
845
410
838
602
324
504
720
7
409
66
791
943
183
575
604
363
919
183
943
71
245
456
51
619
251
933
930
887
399
139
102
596
549
292
198
225
797
919
233
558
337
376
501
872
303
457
235
222
640
179
645
238
635
48
857
238
982
139
125
733
278
579
329
828
872
527
405
21
798
990
579
488
367
433
360
22
890
596
597
883
127
242
121
762
291
330
353
625
469
478
358
748
410
39
928
634
918
685
655
717
28
586
557
395
19
917
769
262
865
366
497
992
609
970
107
900
300
460
877
121
290
235
221
700
626
501
686
544
187
341
613
567
280
170
962
651
440
731
913
305
98
762
298
59
732
405
311
384
217
188
858
507
775
79
560
401
933
246
945
472
940
911
39
220
81
1
223
521
84
137
179
534
251
477
945
984
234
256
720
451
444
578
958
219
658
870
620
591
117
918
63
409
829
102
981
262
455
204
136
891
693
315
778
945
144
723
281
378
980
1
181
424
580
491
996
238
362
616
181
831
886
596
240
67
698
221
330
505
777
818
396
471
133
174
416
629
250
697
7
230
50
540
6
630
31
2
220
393
971
401
224
209
997
816
277
47
389
607
904
167
425
301
638
910
827
406
539
429
455
898
