173
624
109
868
122
576
10
774
474
326
263
816
586
914
671
161
377
744
81
574
849
745
481
366
749
250
239
517
383
171
646
909
147
756
777
621
332
788
395
158
114
659
975
700
925
998
213
302
742
294
876
943
391
357
662
141
959
901
10
695
425
657
604
572
413
381
194
97
521
941
256
636
600
583
688
525
581
902
180
675
548
56
970
940
766
632
433
77
534
443
772
311
100
728
883
865
462
429
963
983
371
571
971
323
154
660
201
87
562
381
762
462
789
84
402
907
717
835
985
603
631
109
914
83
190
149
949
652
931
264
987
654
835
959
977
341
619
178
428
533
911
542
995
701
626
750
960
695
585
297
650
216
759
564
300
949
66
601
953
997
865
940
651
700
899
980
41
870
511
821
403
422
363
751
475
989
501
788
37
438
85
687
7
844
604
659
793
670
260
746
19
477
39
22
529
938
2
570
161
865
743
916
640
106
667
115
447
520
903
484
959
341
172
318
185
128
977
331
798
589
77
169
66
468
191
595
759
545
517
920
411
260
836
51
718
856
518
517
376
774
2
687
467
526
5
652
654
334
983
804
923
413
973
341
881
516
936
992
413
805
912
824
417
749
227
135
957
98
653
333
224
7
373
691
885
730
695
539
65
31
695
340
796
20
34
29
536
322
22
949
128
934
126
545
35
705
33
992
155
686
678
731
45
51
422
930
133
470
821
198
501
516
891
297
888
925
678
424
247
700
725
727
635
203
273
22
909
306
15
64
344
45
796
741
448
570
671
581
392
492
132
245
360
23
542
248
300
221
24
899
273
101
627
908
305
252
283
566
910
298
982
606
695
130
347
143
53
18
724
445
862
208
691
574
583
585
174
883
158
550
135
432
651
762
692
308
366
975
874
276
625
857
882
320
987
229
815
392
599
892
838
461
100
529
35
684
466
561
567
625
111
54
409
762
816
101
71
534
429
297
810
54
154
692
727
494
273
894
886
872
786
76
333
887
957
720
571
424
281
490
401
392
545
810
507
713
263
930
248
692
227
410
99
382
455
178
228
728
72
466
953
859
543
638
746
500
359
669
276
992
511
677
737
56
839
244
122
103
174
722
147
401
132
598
135
587
776
715
668
849
182
621
60
725
259
158
577
970
179
854
315
690
531
52
99
723
648
221
826
174
295
325
927
427
924
63
367
700
130
387
901
312
8
313
389
619
471
967
942
650
821
609
693
704
661
792
779
661
365
605
835
660
283
762
87
207
177
806
259
308
193
513
972
553
826
362
525
650
329
467
652
502
428
345
558
89
137
338
102
502
295
289
514
578
403
602
137
581
760
397
241
954
262
565
507
88
927
384
90
608
203
743
462
631
440
21
72
578
711
174
432
6
463
947
937
867
901
74
800
661
