823
393
967
85
958
827
526
238
211
616
846
415
711
661
46
152
682
119
82
393
645
866
751
109
813
688
328
66
763
480
80
938
873
399
24
183
226
550
421
790
518
620
557
230
281
955
734
315
426
816
60
72
682
811
533
848
852
861
266
967
341
698
905
566
98
929
749
676
831
523
818
702
143
375
284
424
331
18
91
757
186
151
181
220
314
714
68
166
927
687
133
620
385
39
186
835
320
288
512
152
811
330
854
954
58
138
730
741
508
821
498
694
324
680
914
638
746
335
805
674
22
290
294
759
329
833
595
650
473
459
154
284
141
360
590
199
850
320
940
358
493
791
404
169
823
670
807
569
5
964
595
379
255
890
139
584
75
86
586
548
545
92
184
686
452
774
238
302
446
178
12
291
969
768
460
144
439
267
714
796
232
309
176
839
551
667
423
978
105
362
526
650
454
710
688
907
484
926
561
282
457
926
573
778
46
33
923
485
301
989
634
885
298
810
724
202
829
499
180
934
213
707
936
668
769
976
927
606
255
840
888
712
766
462
842
165
495
765
650
148
106
636
385
405
798
461
607
627
313
139
913
526
846
201
194
968
178
121
574
433
962
462
145
80
276
339
597
772
457
600
272
563
236
658
320
35
119
279
662
432
419
928
311
265
129
505
585
307
979
159
740
293
974
237
725
250
929
323
374
386
923
647
949
159
657
270
194
128
549
209
913
968
137
224
586
618
729
171
926
708
683
18
353
657
608
79
907
889
402
282
275
325
281
576
836
938
198
383
66
100
592
979
420
81
203
6
699
933
530
977
993
565
348
699
222
308
778
481
197
532
115
824
209
396
400
45
686
599
428
753
51
20
732
471
453
288
478
505
573
360
482
918
925
182
617
499
842
395
980
391
927
448
215
136
844
968
182
531
919
962
636
970
335
720
441
788
8
271
293
581
983
128
500
260
662
117
759
857
865
92
248
792
540
816
281
736
784
815
619
55
777
255
25
464
976
818
605
336
442
250
270
425
378
770
686
393
239
797
250
456
889
850
601
429
666
882
518
802
49
137
857
178
745
234
643
721
405
248
409
847
498
679
624
229
801
310
974
393
108
576
849
997
426
450
779
445
684
297
247
733
786
457
264
531
691
907
604
448
507
14
295
5
45
920
586
847
582
560
240
42
136
441
392
915
244
171
360
928
820
607
14
606
416
278
138
460
537
742
908
44
108
556
401
154
828
988
1
410
548
593
453
37
34
197
952
278
368
312
559
540
271
925
498
688
555
636
148
92
731
56
488
191
964
889
345
792
877
698
203
778
643
8
167
678
205
119
308
925
431
219
817
54
144
315
742
699
304
242
143
387
299
631
578
263
873
924
56
102
974
611
232
618
971
399
648
528
518
956
805
301
528
622
356
24
937
450
76
593
693
219
980
344
203
559
607
76
835
15
530
809
978
763
427
949
162
427
829
681
736
634
334
264
256
690
288
546
493
364
491
186
936
472
530
139
383
489
567
218
505
97
379
835
860
807
137
375
234
966
56
322
601
742
586
209
433
227
107
278
943
599
464
879
423
994
370
806
483
289
24
340
387
403
176
599
562
665
974
149
631
382
471
584
125
410
146
910
637
253
188
580
