330
441
771
30
818
192
876
646
803
365
450
834
5
110
648
903
97
948
946
704
446
992
439
974
568
346
538
604
306
31
485
636
825
608
18
643
800
895
641
603
612
91
438
970
553
438
225
651
386
171
355
185
515
146
159
83
492
49
39
150
80
524
139
905
132
157
548
284
404
189
240
369
632
678
691
186
468
916
189
207
88
544
392
955
690
903
391
534
952
782
684
32
659
823
290
143
333
190
428
89
732
668
458
364
698
149
902
518
418
443
77
858
987
821
813
29
724
556
915
676
339
600
61
350
775
703
493
108
893
273
550
625
941
8
342
991
510
596
862
280
40
939
138
379
761
303
409
485
860
324
514
551
276
927
901
52
630
746
512
875
20
62
501
961
423
195
305
285
791
167
565
831
106
55
211
219
710
972
57
922
648
923
473
925
850
726
329
832
473
193
707
845
256
560
806
31
755
463
668
547
630
585
378
89
640
941
660
350
913
717
625
562
640
98
839
490
177
168
674
2
361
382
847
969
942
5
352
50
821
20
597
451
605
327
892
597
621
553
300
534
270
925
448
263
375
639
753
904
159
780
906
873
162
105
842
456
463
547
506
284
567
455
87
525
783
980
474
404
885
774
290
507
51
91
770
427
82
876
683
242
656
590
115
170
47
309
978
510
856
485
146
776
940
234
301
75
566
775
831
451
902
474
310
953
917
81
732
999
309
416
593
965
358
708
487
405
370
465
268
226
302
414
2
595
648
655
670
214
431
854
17
333
680
328
638
597
761
371
948
70
787
542
387
145
602
874
902
972
691
522
551
994
937
905
589
937
561
611
504
344
465
873
29
145
201
667
94
962
38
43
384
177
937
771
674
891
997
577
864
41
99
767
35
388
672
976
326
585
587
182
929
405
55
958
902
609
978
997
923
16
392
308
546
329
431
220
220
781
797
436
822
249
555
209
637
580
537
315
165
124
497
447
881
905
405
784
514
735
133
437
752
525
745
650
206
529
870
426
310
20
215
484
269
770
45
258
350
582
574
868
58
423
315
940
328
72
76
842
808
209
632
912
86
729
562
292
258
432
70
920
452
285
404
73
408
449
332
110
383
906
978
442
329
293
734
10
366
810
204
526
371
836
438
457
566
0
749
176
784
819
97
589
457
853
662
865
655
994
975
38
900
954
832
582
599
566
944
317
376
148
843
99
985
633
556
903
985
657
431
770
829
880
359
286
86
21
503
741
16
830
131
268
136
964
202
736
882
146
405
611
295
601
710
632
234
619
887
220
276
318
342
457
551
701
743
637
74
598
730
442
429
861
711
917
177
265
5
60
412
411
23
59
364
733
43
950
352
930
522
981
600
864
438
151
917
534
140
992
484
870
786
913
732
497
183
261
115
188
673
527
599
696
938
315
782
981
266
486
911
788
467
863
5
258
367
274
792
507
266
276
378
405
542
462
254
725
723
369
913
749
896
865
445
834
180
579
167
798
66
78
939
885
294
944
143
661
218
935
168
837
564
898
242
106
360
496
183
436
218
96
537
466
313
334
301
846
914
468
644
980
899
935
217
545
231
361
206
802
648
726
639
212
625
233
670
337
81
853
125
299
302
662
766
615
997
419
813
263
239
810
595
490
745
812
35
977
173
593
779
822
320
770
386
297
355
57
986
436
910
112
88
564
126
206
180
475
977
345
738
216
155
333
59
901
146
446
878
319
40
9
493
360
779
232
9
134
289
995
922
551
459
362
116
586
568
648
61
545
993
800
114
149
133
525
402
631
971
632
303
11
641
796
723
772
28
732
258
669
728
180
573
187
895
689
125
463
689
187
361
34
339
827
535
824
352
937
456
323
569
759
687
562
907
410
334
288
143
592
957
223
125
530
410
20
571
536
835
612
75
548
647
414
375
534
238
79
472
694
755
393
805
442
956
713
204
642
1
347
235
310
922
712
841
333
84
764
221
919
377
648
820
376
62
195
910
652
275
382
699
30
128
504
824
84
217
28
726
570
728
313
881
650
377
74
335
461
838
908
733
567
556
553
943
618
100
854
623
375
588
322
757
68
826
933
152
396
962
231
318
42
896
199
692
274
625
380
735
464
288
820
31
197
725
327
167
826
533
790
553
473
112
663
542
291
596
46
39
910
277
357
952
174
909
997
800
534
729
887
350
17
708
382
566
433
61
734
611
594
524
165
67
989
828
609
280
776
8
671
687
285
28
639
811
289
988
611
824
717
499
174
87
559
908
653
344
969
739
956
563
264
473
983
605
653
944
237
429
952
908
116
590
288
108
401
930
448
365
754
166
216
280
605
775
541
610
119
862
350
427
778
966
900
761
571
553
57
808
335
10
68
803
600
708
911
353
638
712
70
744
230
286
25
835
413
918
445
885
780
147
312
558
113
565
319
36
118
729
844
805
739
264
609
691
973
872
396
611
584
467
708
814
105
85
1
519
3
799
404
783
946
68
694
60
633
365
96
104
94
293
909
833
909
518
876
234
391
273
198
327
92
906
494
197
991
495
68
994
294
824
129
241
893
823
653
526
189
101
630
283
746
892
469
8
410
697
242
153
322
440
833
414
346
327
964
689
822
384
683
117
209
165
710
102
340
715
628
529
816
611
165
915
503
986
923
265
683
165
771
6
606
604
772
304
931
736
346
753
121
381
222
330
546
284
784
887
999
412
768
816
23
933
83
878
271
6
144
955
171
915
313
129
519
85
786
450
174
132
555
295
513
130
977
412
414
761
299
414
525
67
582
901
353
665
779
624
671
275
931
194
190
244
676
61
330
814
863
504
946
771
151
811
901
480
223
315
593
874
729
118
294
311
371
647
328
151
623
999
778
555
546
969
799
222
382
481
36
598
337
334
369
488
145
270
320
721
937
913
595
667
384
889
330
755
888
659
258
512
10
37
419
556
358
570
130
92
52
166
690
741
852
59
230
350
681
902
71
619
816
18
638
552
260
968
659
148
627
918
12
990
307
431
546
665
354
677
757
758
195
800
499
48
211
729
750
893
984
173
864
152
191
502
704
451
822
363
952
802
633
964
792
940
748
338
605
102
367
715
860
915
867
359
315
78
441
65
323
425
238
187
577
429
41
633
233
216
996
185
18
982
501
810
922
601
500
880
703
220
595
915
135
814
627
450
892
68
867
568
845
105
107
774
886
149
759
119
365
107
656
735
89
510
897
12
111
749
892
167
969
839
82
456
653
709
258
897
129
125
465
326
230
573
100
469
74
211
588
791
319
597
526
408
459
775
420
570
524
664
737
494
503
172
950
508
881
209
758
363
686
223
689
917
148
142
386
574
353
326
365
672
275
243
81
734
18
853
657
543
870
394
389
725
918
691
234
800
252
992
163
939
567
204
208
716
346
946
642
700
624
8
724
900
603
157
986
974
11
643
517
881
390
258
606
308
949
192
460
554
536
975
493
104
180
53
172
878
999
814
578
975
174
655
875
778
812
214
752
823
857
621
56
599
231
15
260
180
559
720
86
96
48
931
552
228
984
76
106
335
890
37
311
65
692
538
195
504
752
299
680
962
272
88
913
503
455
173
35
15
894
122
463
942
53
367
522
38
443
980
725
333
369
36
750
61
575
297
918
679
596
950
641
220
390
555
723
846
728
759
213
974
881
28
268
934
395
142
324
838
123
50
523
844
438
274
258
365
923
176
45
872
478
686
92
868
593
816
66
674
927
279
648
808
307
269
94
54
411
419
892
886
821
416
731
611
42
989
977
317
517
22
189
347
60
634
215
654
450
282
328
377
913
328
537
573
949
631
627
713
402
872
599
575
640
682
187
34
23
164
351
892
186
893
239
598
527
807
252
329
89
932
706
354
261
595
279
562
226
907
275
981
131
875
556
771
909
743
157
933
259
508
177
797
401
417
396
928
224
648
609
665
933
315
371
546
262
651
108
489
910
384
470
41
611
378
164
520
474
321
805
733
829
983
531
583
752
279
863
976
279
473
993
212
140
364
758
403
15
867
244
925
603
66
966
214
444
482
86
918
803
244
4
985
579
887
920
331
166
783
659
445
608
652
10
749
368
768
504
384
987
748
661
590
814
980
156
258
462
595
529
266
839
533
603
770
772
523
101
938
306
112
735
267
116
745
16
484
514
872
868
853
620
530
444
786
510
952
396
972
547
925
590
738
810
193
508
582
68
961
872
727
73
608
994
189
353
362
674
867
234
894
721
854
776
517
992
638
469
388
611
369
314
553
107
476
99
616
411
519
577
283
246
3
891
240
544
245
602
570
464
188
465
537
394
593
406
386
232
228
775
195
597
441
100
704
917
199
672
328
719
602
612
965
605
503
558
501
100
512
72
565
701
889
454
447
482
861
834
66
89
609
261
686
402
362
742
319
913
415
0
632
369
612
950
974
467
860
827
568
372
899
485
425
140
939
873
623
800
59
41
241
20
303
927
422
665
22
741
578
437
741
563
158
705
865
132
525
77
311
93
449
211
930
227
351
221
452
326
374
511
368
615
531
23
895
953
688
917
46
618
706
140
533
864
845
750
348
370
827
659
815
629
870
97
208
574
319
660
252
693
523
620
660
406
995
555
711
683
472
757
654
178
249
539
42
95
642
390
817
469
402
985
450
272
82
658
198
753
670
451
798
193
423
459
599
419
366
310
454
839
420
460
369
669
352
764
116
994
506
934
815
908
271
618
533
705
276
731
459
947
534
609
492
310
420
444
81
787
754
535
978
526
348
347
196
52
463
312
46
970
598
213
878
869
831
411
927
460
495
738
759
29
347
251
691
120
695
772
907
802
660
237
328
8
936
876
412
400
189
458
370
139
23
600
361
207
12
288
667
859
26
778
888
725
29
580
845
77
704
752
231
364
341
911
724
278
788
136
678
329
946
48
468
970
648
181
177
12
469
196
871
847
974
112
573
355
44
770
784
748
875
367
465
216
279
189
494
419
326
172
748
272
572
568
242
573
750
771
937
571
319
161
419
645
273
344
1
669
466
137
769
341
505
234
558
136
424
52
555
750
577
303
22
501
871
617
74
973
740
12
545
60
173
316
57
798
12
410
819
478
548
588
820
405
823
730
541
599
134
96
349
63
751
723
565
622
692
639
948
433
3
845
845
528
513
902
678
525
313
497
355
213
86
175
618
261
257
511
860
392
607
561
455
358
284
20
332
977
12
632
762
367
477
607
248
990
861
926
515
526
424
871
91
862
398
61
123
8
572
335
400
179
896
207
889
180
580
574
509
592
206
623
311
684
582
559
674
444
486
542
322
262
765
414
124
515
475
599
523
48
934
275
579
830
483
821
362
63
395
224
7
601
847
670
285
430
230
312
226
68
206
548
330
323
314
806
838
142
757
714
190
691
989
121
873
824
942
587
239
337
811
598
291
11
269
576
793
851
240
19
919
798
919
601
121
234
407
312
376
516
26
918
207
367
391
432
544
334
371
783
23
535
734
314
546
3
243
339
854
483
710
125
634
629
726
755
863
485
67
591
1
445
861
560
165
253
992
709
587
363
844
962
898
578
277
796
581
872
487
787
707
197
912
341
827
990
97
42
475
516
634
828
962
847
388
479
100
732
188
39
448
32
2
698
611
631
847
544
503
334
684
210
532
948
552
359
939
1
401
766
517
387
947
831
587
335
310
687
420
498
79
220
883
81
918
846
64
117
742
919
452
426
129
984
375
33
695
666
34
448
784
904
188
731
87
775
419
398
462
191
248
541
411
483
974
681
329
390
799
72
309
603
850
791
587
577
824
282
595
211
82
380
467
270
463
554
45
234
304
860
425
553
753
188
36
80
870
718
470
21
142
780
624
992
923
563
570
99
197
165
310
279
897
129
550
361
684
595
947
988
807
373
893
561
561
282
641
783
352
111
156
494
243
132
486
166
695
408
266
244
926
928
524
175
410
426
888
94
373
836
434
181
209
680
742
122
314
735
258
666
846
414
160
442
899
998
960
946
407
578
191
685
859
67
860
269
493
749
715
866
585
501
399
146
181
141
268
495
228
878
513
75
293
673
869
192
24
181
138
431
760
681
468
971
748
328
240
593
429
955
460
366
456
859
512
990
353
133
837
581
363
351
8
656
24
229
200
48
411
691
831
523
724
651
494
473
980
734
66
761
41
878
128
497
90
992
839
795
477
677
376
841
28
737
849
404
318
402
805
729
445
988
252
169
640
746
994
972
832
413
733
873
291
213
723
381
558
562
176
387
239
905
580
619
994
782
24
312
536
181
42
981
169
646
502
809
745
497
133
929
910
867
803
553
432
878
935
342
792
463
730
384
720
662
3
714
444
379
379
980
560
773
313
730
771
816
891
516
313
25
798
575
244
953
128
28
831
415
371
623
231
101
359
951
115
363
18
560
94
749
892
655
522
206
737
293
22
980
162
687
357
960
262
601
913
742
630
744
510
1
719
741
454
431
44
921
794
414
481
240
163
374
895
685
580
984
331
954
317
493
641
674
453
255
276
718
349
258
814
859
611
885
600
417
316
997
338
462
411
820
703
575
546
950
612
478
935
943
432
604
788
425
278
593
680
906
311
29
164
125
241
127
11
193
544
327
190
235
790
602
407
493
529
953
443
141
783
730
437
215
686
225
640
965
819
672
871
482
53
388
608
294
867
971
488
764
298
30
999
440
984
758
285
513
711
81
7
846
163
796
61
850
21
53
815
192
725
38
675
778
778
635
425
646
606
913
762
904
943
761
697
280
519
982
793
582
63
152
780
227
300
841
77
674
246
244
866
971
282
893
101
413
528
526
411
134
791
173
391
87
286
88
367
157
422
512
91
838
665
871
65
965
712
494
991
310
738
858
633
372
103
734
137
632
613
548
118
404
721
861
843
7
301
210
516
724
723
607
562
740
478
979
57
542
825
49
852
563
259
485
287
362
572
425
346
185
325
817
941
47
678
785
406
332
995
275
408
70
882
322
162
361
301
572
255
126
973
108
41
232
945
680
946
517
457
293
54
783
462
996
182
140
133
940
824
480
215
232
903
98
554
65
811
855
637
66
333
610
526
726
194
824
407
141
693
216
786
748
999
248
96
533
740
229
474
565
61
689
797
964
139
352
30
950
559
19
369
245
982
247
971
528
71
730
669
765
947
807
865
298
55
961
832
796
542
306
713
603
347
510
920
487
214
302
789
126
321
510
723
655
110
46
184
533
777
205
650
76
13
515
374
420
828
558
568
370
216
281
326
564
144
246
403
710
548
192
188
221
55
911
229
165
958
765
698
87
322
349
515
687
216
241
108
45
800
28
767
16
310
445
580
806
691
335
868
591
880
57
165
935
320
394
452
630
511
502
717
833
203
584
873
420
826
981
817
626
361
936
994
671
382
927
829
425
262
698
17
142
755
534
429
75
280
881
58
791
736
775
976
939
360
849
711
538
182
880
516
544
817
510
567
199
437
397
976
700
447
993
194
554
879
624
981
159
857
39
950
593
167
279
533
879
128
596
417
663
829
933
207
646
443
126
197
233
523
173
285
322
519
479
876
398
103
210
558
961
249
860
906
416
139
791
647
620
388
64
635
217
349
842
215
145
968
412
378
844
937
663
518
456
494
747
855
950
957
765
263
206
977
169
975
469
961
622
441
701
39
76
270
388
918
837
533
238
601
911
434
538
926
953
995
773
700
202
723
657
319
338
215
296
507
542
765
820
165
206
873
204
282
495
944
552
332
478
143
933
741
929
472
20
882
819
793
934
373
868
943
692
206
511
340
65
53
458
238
570
664
463
126
299
959
71
203
291
549
698
225
642
628
49
662
510
220
807
797
593
675
740
637
233
251
977
651
657
435
241
227
452
704
354
103
663
425
306
307
326
5
884
968
633
933
983
495
153
790
292
98
818
385
735
51
988
64
54
645
500
295
873
304
0
227
407
15
4
713
322
682
70
206
2
55
139
985
551
644
776
195
742
594
932
829
997
921
894
52
566
394
347
791
50
347
370
457
715
726
522
37
408
593
244
411
0
735
396
903
732
524
451
826
470
383
656
468
656
550
520
575
296
219
366
346
919
89
803
634
815
325
671
224
270
267
987
623
3
735
526
87
260
977
913
730
361
569
550
369
119
70
944
415
642
311
113
561
400
916
195
567
594
218
143
216
486
130
839
841
218
718
928
830
695
841
560
408
763
463
778
234
885
722
2
527
385
115
88
137
32
635
705
978
854
848
546
692
331
386
533
549
104
813
379
151
6
291
560
769
754
690
4
640
412
6
167
150
121
608
287
505
595
992
835
449
193
382
493
524
120
26
73
224
191
804
727
198
95
287
319
202
329
323
194
742
681
361
892
155
321
179
660
917
524
848
718
717
230
212
241
702
590
666
278
782
822
5
332
917
293
651
471
974
327
665
716
8
379
960
163
700
492
176
969
16
24
40
85
606
252
326
308
194
344
586
328
166
943
660
435
588
664
907
563
991
572
279
351
303
592
515
4
84
43
325
452
419
365
537
377
969
215
37
516
911
623
844
77
918
857
512
507
873
771
70
864
696
701
215
999
293
82
355
729
477
681
533
896
398
70
273
720
637
310
236
548
285
80
977
204
289
490
711
162
261
133
378
309
834
946
309
480
380
664
209
858
697
743
754
96
165
380
816
155
690
52
703
328
484
681
532
126
523
595
640
136
728
19
446
914
965
755
394
345
771
604
555
469
699
310
565
216
690
733
371
732
137
75
60
973
108
944
99
983
891
740
119
619
111
917
886
428
672
280
125
444
884
681
913
935
343
830
152
385
563
523
117
52
950
530
25
410
826
477
393
718
217
513
689
680
430
575
108
455
856
233
251
92
266
516
28
609
346
180
994
261
55
464
313
358
994
690
768
820
167
162
538
736
27
580
416
809
155
876
264
11
462
867
104
728
383
484
338
81
16
684
694
71
148
359
781
494
50
550
315
217
64
205
954
91
785
722
252
293
599
869
304
61
736
760
789
472
244
479
553
260
164
248
684
312
607
465
807
9
15
474
227
79
31
533
522
169
255
775
462
854
644
118
915
732
879
57
204
123
536
758
736
700
358
420
365
317
885
172
327
253
998
906
684
381
439
559
550
694
686
364
901
330
483
816
414
362
873
619
837
762
729
573
462
439
993
179
108
231
703
787
836
701
693
872
83
484
431
985
179
117
350
80
799
185
248
214
547
474
185
384
236
914
310
50
353
655
230
461
886
933
249
74
987
294
947
422
779
378
759
310
848
109
742
647
646
990
213
193
816
398
930
52
312
592
455
17
247
37
831
134
322
432
208
309
726
155
83
857
886
843
167
734
304
909
381
951
252
947
144
68
345
426
473
10
18
928
27
266
317
858
752
639
642
312
949
369
468
32
226
706
875
746
440
180
7
173
483
259
120
627
680
818
406
153
828
776
433
207
394
750
66
146
389
708
459
690
429
279
75
8
337
302
106
777
834
113
302
317
373
775
297
53
593
703
558
773
831
991
980
226
93
398
724
834
459
535
525
888
166
600
248
503
254
354
632
89
468
287
406
193
62
703
598
7
758
508
780
590
851
760
168
944
159
892
778
618
428
655
858
946
607
107
450
862
813
434
951
633
721
357
178
135
61
776
142
171
284
274
761
135
35
929
431
546
174
210
516
954
217
374
900
825
833
702
687
647
489
990
280
210
347
459
698
760
587
840
932
224
115
45
711
502
327
143
48
501
705
564
455
922
290
707
99
124
410
138
123
899
128
755
461
828
566
511
588
506
704
872
730
171
270
793
673
597
936
73
450
993
989
257
268
631
964
367
755
726
858
230
977
986
986
791
814
904
302
755
410
6
979
492
177
249
286
202
198
574
627
648
568
616
905
188
248
870
907
355
948
765
938
926
752
924
717
918
180
19
673
591
378
653
83
555
254
369
110
453
944
737
453
864
706
711
52
954
933
311
661
881
77
599
807
181
875
876
99
56
896
125
999
274
778
82
181
384
804
291
189
100
29
643
964
735
706
368
41
639
679
54
520
108
6
680
289
881
556
389
289
804
866
288
430
996
723
612
380
527
255
570
627
636
565
943
723
623
311
116
262
342
171
134
451
177
814
740
410
723
481
52
527
347
340
958
343
415
922
76
942
177
998
921
814
915
216
537
538
879
6
800
574
177
286
25
706
101
117
116
176
951
168
55
650
861
13
346
276
287
422
571
465
772
844
631
687
413
520
225
292
526
377
866
55
663
243
761
116
361
230
644
664
750
700
314
963
65
12
592
353
786
163
170
558
359
801
597
772
673
174
417
200
551
635
255
567
879
369
35
592
951
680
256
701
732
922
665
797
935
609
150
721
772
320
632
483
473
229
608
147
404
25
699
307
12
306
226
891
675
262
835
626
294
91
680
26
366
697
823
653
306
326
726
430
646
358
265
472
940
873
619
344
250
318
3
263
624
230
154
652
844
990
630
138
433
310
516
799
359
339
804
17
665
531
447
664
241
713
136
181
586
107
877
189
425
881
452
401
463
958
405
307
948
36
797
734
698
313
885
410
4
690
427
670
221
227
686
462
940
174
996
878
281
873
67
58
106
871
811
569
830
217
876
778
605
673
864
655
338
750
65
343
440
493
365
13
720
51
827
12
577
823
242
858
49
662
268
155
533
79
725
363
296
953
494
253
627
358
909
317
460
974
660
252
819
25
265
891
428
445
255
5
268
850
863
669
512
483
825
45
563
550
761
211
503
255
465
482
965
726
800
426
700
460
678
872
838
296
115
266
93
723
272
713
573
487
383
85
971
208
482
534
758
243
97
613
850
562
96
168
288
248
946
341
60
976
565
898
272
32
165
365
755
437
79
328
276
462
413
247
22
248
133
132
491
231
745
694
145
193
862
786
441
808
479
502
784
44
400
409
428
917
126
184
354
557
864
983
371
278
230
393
878
364
525
369
947
271
415
92
816
277
878
258
437
709
112
222
753
864
983
534
782
109
718
488
667
582
471
38
212
54
784
90
770
309
812
717
932
227
161
749
857
392
359
294
101
471
868
855
687
851
741
821
961
459
310
980
393
133
370
958
539
154
400
309
816
212
26
748
792
188
849
649
580
208
295
681
31
164
888
719
367
629
540
328
440
202
660
186
688
383
144
227
537
544
537
353
109
915
454
901
455
303
902
387
512
197
421
543
713
661
614
81
291
507
761
83
61
422
269
749
805
765
329
694
310
866
400
419
133
206
672
589
509
574
328
373
123
749
269
837
411
883
918
54
742
679
137
804
453
759
553
610
524
882
657
186
100
409
605
586
615
277
175
124
203
855
850
327
605
119
164
16
354
434
70
97
465
559
901
271
670
454
881
547
689
890
733
141
299
691
727
914
320
254
391
524
110
241
851
715
712
367
83
66
801
505
163
266
416
416
537
87
223
771
986
912
13
719
53
665
762
133
579
83
387
322
959
497
915
810
564
627
529
999
694
330
504
209
948
921
978
838
360
201
961
346
113
974
417
518
991
180
3
923
615
391
245
574
240
161
736
157
140
265
156
186
947
661
396
895
934
374
85
646
927
46
344
392
373
761
262
716
293
266
639
908
9
885
834
249
398
570
406
538
835
563
725
782
576
473
30
862
199
467
508
126
866
852
518
239
965
780
307
259
398
947
519
407
832
354
657
230
924
415
120
112
330
197
246
258
670
276
120
221
96
628
347
962
832
217
553
798
350
860
409
748
807
928
156
639
634
165
221
911
932
694
23
263
891
621
521
914
250
642
135
346
622
835
308
455
404
861
605
754
721
14
855
529
294
11
520
281
528
742
192
460
788
567
75
679
188
597
945
438
591
81
784
565
268
92
372
672
953
977
427
27
343
282
556
990
645
76
271
525
170
815
985
958
382
61
990
922
10
935
361
953
368
497
518
636
942
243
309
895
572
88
274
268
370
830
258
367
259
881
892
429
696
229
740
430
642
730
352
4
17
713
957
386
563
828
374
505
71
683
752
995
771
27
263
493
857
521
212
116
754
104
898
450
686
638
880
328
720
233
333
89
298
642
827
861
822
202
718
893
885
471
241
9
498
504
854
707
378
67
176
132
171
74
583
209
712
815
890
784
400
223
873
699
217
701
912
40
903
631
285
140
454
526
501
304
31
356
11
409
423
187
541
946
261
476
156
325
292
46
461
692
621
335
743
190
388
8
230
643
991
516
783
445
394
637
101
425
993
112
186
416
652
80
362
265
908
870
591
200
916
404
245
889
91
340
80
479
700
310
474
691
178
610
488
573
247
589
350
240
54
889
656
706
321
370
971
229
241
914
782
157
319
27
399
762
719
479
242
420
141
68
463
320
678
952
245
925
893
947
517
947
188
173
5
509
896
977
739
137
243
521
646
562
900
45
325
971
524
919
391
666
339
855
338
18
159
583
295
404
882
813
352
71
338
357
580
234
686
671
723
930
192
370
844
444
415
521
416
292
792
159
310
132
14
648
150
525
583
797
930
465
610
634
536
301
343
469
535
30
140
259
312
685
981
156
129
396
30
545
40
822
705
350
954
71
998
456
949
933
254
879
399
864
865
287
165
208
756
53
590
249
664
902
934
645
411
63
393
441
961
434
615
18
136
570
89
135
26
390
420
632
269
819
497
486
459
14
695
215
419
637
464
435
540
750
80
303
814
826
96
127
260
711
145
748
633
586
883
660
977
304
292
598
475
141
85
934
508
132
502
279
769
318
715
309
69
795
964
235
973
412
362
233
124
859
982
757
445
217
769
774
873
414
373
701
907
810
987
415
942
489
47
711
160
762
21
229
909
337
816
883
750
178
468
226
37
802
335
834
372
105
609
597
871
334
298
778
144
286
546
86
127
593
797
287
355
170
868
616
508
684
499
610
214
320
836
603
122
171
438
494
628
399
92
499
733
742
278
229
28
176
315
508
769
112
795
476
635
664
92
495
348
944
105
915
264
293
518
386
816
956
233
445
707
677
296
792
419
574
21
800
102
336
308
871
801
455
347
436
119
792
931
820
736
388
735
0
681
605
738
497
914
971
294
621
0
591
414
420
517
435
572
620
124
232
491
277
687
191
713
159
983
996
979
719
384
66
71
417
671
809
914
585
133
561
559
133
152
973
553
21
760
477
641
236
709
485
513
397
28
226
556
11
574
887
82
958
305
153
727
328
962
994
914
447
555
825
581
59
798
134
80
910
612
722
147
673
559
12
70
587
591
978
950
165
217
32
476
522
537
203
203
851
197
117
299
104
294
880
163
444
366
244
354
330
318
853
4
229
866
426
816
457
405
766
974
622
150
450
497
687
6
700
538
203
169
189
308
463
69
823
259
436
67
613
766
737
819
122
966
37
549
134
846
954
900
820
928
402
623
777
441
629
829
332
184
350
521
844
813
591
668
72
379
735
38
497
825
209
620
791
246
169
926
444
475
178
264
755
933
239
533
374
868
362
706
53
713
228
897
878
171
565
303
550
653
693
399
478
902
19
621
500
540
899
944
15
78
560
771
11
800
656
737
668
370
444
73
83
672
323
314
195
240
969
745
245
662
496
75
916
516
697
416
408
948
360
424
26
920
547
389
72
555
127
93
925
923
518
361
947
841
675
142
434
996
239
31
658
735
107
926
603
156
342
12
104
54
788
483
326
335
224
399
242
703
844
167
626
362
528
573
204
555
715
990
551
954
21
561
690
480
487
645
636
829
657
93
235
445
576
562
132
800
313
374
504
157
542
482
519
422
56
75
978
123
65
529
430
439
91
120
919
578
117
556
760
775
649
995
572
577
909
705
729
574
431
233
731
325
68
603
748
124
678
78
599
96
959
29
535
402
501
806
981
619
362
93
394
363
440
318
940
350
23
670
924
807
255
8
484
675
611
584
151
289
662
751
737
622
780
272
376
282
79
357
253
793
802
647
509
243
965
801
945
341
823
221
500
431
229
984
106
192
569
258
834
583
9
571
557
141
196
934
423
627
643
676
420
446
675
281
41
993
83
338
686
906
559
538
337
141
522
796
333
443
54
167
379
415
91
936
556
287
222
332
914
866
360
686
664
36
968
57
381
51
395
419
309
306
957
999
799
479
795
485
275
201
4
654
616
95
942
172
382
165
856
648
383
217
335
47
253
303
104
986
706
851
405
15
509
362
366
309
193
161
794
468
714
798
474
330
894
769
855
628
934
711
277
317
928
612
716
533
267
172
519
973
375
924
340
884
638
707
193
832
220
339
652
935
490
479
617
384
248
472
364
534
536
993
851
464
605
919
350
872
91
221
197
466
498
538
702
136
597
896
320
817
587
973
104
77
804
722
813
52
546
178
586
82
171
789
899
129
708
249
353
151
470
903
617
968
441
319
457
390
567
777
207
155
102
312
584
906
386
398
958
932
928
896
15
451
685
914
580
745
515
286
896
337
189
865
306
982
537
115
372
456
892
579
963
995
243
548
253
629
298
564
562
226
460
929
677
498
843
258
243
710
544
492
47
85
709
705
67
246
820
439
703
65
18
18
412
614
566
665
243
864
229
157
442
42
86
120
540
281
730
135
343
626
979
391
711
689
448
778
935
621
217
990
686
587
9
98
201
927
763
797
144
345
306
586
387
745
706
279
26
436
414
722
62
394
113
773
83
913
903
370
534
120
361
220
708
722
670
261
1
434
410
145
131
717
732
518
462
790
797
840
227
563
562
641
309
27
767
392
941
670
763
475
143
476
48
203
550
718
464
551
504
875
697
635
944
781
505
758
923
654
598
150
218
513
144
527
540
263
272
833
933
387
661
76
215
709
279
765
779
96
668
284
323
717
271
619
850
129
377
774
783
975
276
353
840
420
233
381
683
857
566
969
244
227
397
811
936
29
928
716
125
596
352
800
666
975
419
516
104
796
290
240
123
567
945
964
987
178
697
23
387
263
344
631
491
741
794
779
770
722
847
247
671
551
47
337
527
466
853
983
262
144
223
738
711
169
702
50
699
399
425
87
14
769
70
857
863
865
637
633
587
836
881
610
388
928
947
915
747
801
898
361
945
474
99
8
643
801
410
342
552
836
429
919
957
852
776
820
717
413
806
656
250
687
267
990
967
214
257
66
367
507
428
664
981
527
672
976
681
435
319
585
623
100
504
580
304
281
753
21
46
559
30
648
598
649
638
565
863
895
632
583
403
412
247
736
291
272
713
972
707
384
558
330
836
414
910
141
695
663
514
94
574
544
742
172
193
381
738
409
628
722
992
383
486
591
120
777
863
185
102
570
921
12
900
757
426
163
250
474
178
117
568
753
661
310
925
207
43
15
968
672
89
312
407
575
903
527
353
767
64
455
337
985
467
590
95
245
753
697
719
931
814
287
36
828
950
962
35
993
329
355
17
419
667
425
346
570
304
51
337
369
506
27
706
325
617
153
923
722
851
642
5
665
282
42
493
232
356
880
577
37
235
947
456
902
372
155
825
28
206
514
749
65
541
456
390
510
609
665
232
812
308
590
478
942
984
323
526
692
204
103
729
439
50
538
694
774
693
519
803
899
33
552
964
927
360
707
437
322
372
22
134
32
964
964
974
948
288
852
640
492
308
721
283
710
259
329
485
952
200
640
852
234
544
168
513
905
875
950
579
600
324
713
632
288
30
959
588
318
811
580
162
119
302
797
830
561
127
667
866
327
307
70
913
203
238
426
108
466
729
687
66
405
753
50
46
783
361
634
453
525
215
615
996
517
412
178
430
891
197
296
571
504
366
836
60
957
615
168
423
696
208
841
101
313
243
147
448
957
134
901
482
701
516
830
570
280
9
0
524
206
649
447
63
367
283
123
324
250
643
99
946
203
292
48
868
536
547
316
493
681
217
327
382
85
157
304
718
518
305
242
77
954
41
492
673
324
967
998
575
610
449
873
166
742
921
34
278
821
351
123
854
920
802
589
6
311
893
724
830
550
318
259
504
359
751
530
35
718
528
962
680
977
836
198
719
109
233
349
930
936
824
137
856
626
726
862
938
971
938
120
522
608
379
378
967
482
908
355
552
788
317
232
118
153
431
189
615
16
539
897
952
363
34
808
342
112
23
280
84
313
752
606
922
483
336
889
965
245
244
517
33
914
101
151
419
884
341
34
900
232
932
852
947
318
13
289
783
388
921
867
701
673
825
975
508
161
217
825
758
813
694
144
727
796
647
147
680
988
533
933
572
817
137
520
136
502
161
919
890
83
138
944
108
315
271
969
828
488
794
587
302
489
83
381
637
730
880
669
71
414
602
643
231
740
515
719
594
677
990
485
112
128
781
572
795
52
541
624
893
688
563
195
177
646
576
814
376
457
835
799
223
438
795
454
530
310
526
124
339
516
961
803
997
94
728
792
499
621
416
392
309
979
587
838
977
515
652
706
324
840
505
899
278
300
706
160
963
232
636
654
748
950
810
97
44
538
890
543
159
306
287
469
638
226
307
967
742
312
673
418
152
531
318
782
183
376
294
498
608
930
153
708
232
315
806
277
853
696
172
12
354
460
833
344
686
493
312
780
157
337
551
661
868
221
443
404
597
89
902
557
371
407
265
604
722
423
881
575
119
405
940
826
217
125
170
904
618
834
36
127
172
587
788
392
160
583
148
757
672
51
314
44
810
932
0
533
355
881
460
827
638
752
653
856
878
175
112
848
362
500
976
886
440
764
278
600
700
427
710
372
830
376
768
640
308
768
173
16
1
986
843
992
738
496
848
616
23
312
817
385
812
793
271
252
909
902
853
609
681
915
334
863
291
454
503
600
223
29
968
576
15
811
568
753
659
416
722
682
80
539
420
893
684
43
145
945
945
350
907
978
265
241
841
909
695
345
861
270
726
829
847
741
640
415
846
299
184
920
333
264
811
753
157
847
797
655
793
94
357
700
73
623
293
914
884
340
611
745
611
337
574
810
430
214
225
629
513
761
901
198
26
713
952
535
560
101
190
705
195
900
757
268
875
50
535
759
391
146
504
354
836
78
164
266
292
741
247
157
503
149
355
881
214
659
416
126
760
959
832
956
859
589
576
734
992
111
845
383
610
349
89
446
427
253
64
71
346
312
228
849
813
935
82
27
595
499
505
355
810
689
663
669
631
240
755
623
703
600
358
313
949
447
111
728
52
176
799
398
840
379
600
5
314
682
32
909
533
889
265
343
579
928
364
210
520
119
833
224
71
543
537
372
990
1
100
394
177
251
792
369
630
744
374
945
779
758
854
312
647
471
8
226
752
372
788
272
492
973
848
915
516
738
288
858
739
740
252
916
344
397
637
974
141
11
919
272
769
126
585
416
949
593
995
53
965
135
326
809
109
526
77
977
264
717
836
355
809
88
623
153
485
260
128
979
271
399
251
40
877
188
809
827
781
804
880
99
939
558
260
400
437
689
378
701
406
214
57
216
654
680
369
140
941
849
119
212
249
370
605
126
559
414
305
692
570
538
143
861
96
756
262
533
445
992
587
852
206
996
68
860
28
789
352
321
639
471
886
240
194
491
718
105
905
376
149
475
914
645
336
362
401
950
248
846
942
835
50
500
183
470
713
211
260
65
533
251
889
419
843
435
262
913
892
167
289
393
994
203
38
682
918
439
985
166
638
927
353
688
780
536
159
493
99
771
558
984
374
799
755
217
586
17
130
478
536
420
872
530
975
910
565
893
702
550
411
340
829
764
380
609
652
891
102
104
662
13
88
36
164
844
605
751
213
736
229
750
508
453
632
835
364
197
81
418
99
492
110
929
609
490
538
613
382
993
717
396
358
158
785
522
354
390
273
567
478
855
317
338
308
302
526
24
499
607
442
599
99
904
880
60
395
770
674
129
763
743
877
473
901
662
996
255
405
621
175
235
476
844
926
137
146
452
161
998
59
956
949
510
860
829
571
607
599
245
88
715
988
966
188
242
980
184
849
385
158
24
973
986
221
899
123
367
351
637
365
410
945
314
920
805
495
491
765
95
88
853
162
429
171
350
671
152
887
520
889
45
897
862
383
470
761
507
837
464
496
555
874
441
221
147
598
717
638
715
164
79
569
326
508
92
28
179
244
915
51
486
312
300
348
696
770
462
555
960
926
403
867
153
196
88
300
794
157
290
862
673
369
783
351
877
875
380
408
472
647
812
958
312
112
306
360
235
120
267
547
47
670
414
200
866
854
852
12
364
142
874
37
512
657
741
389
885
121
150
357
120
962
315
432
426
973
792
13
94
59
560
141
81
326
693
947
181
545
312
897
687
538
934
551
196
675
293
81
148
443
790
269
757
105
53
183
78
846
549
172
257
109
665
339
436
710
638
969
607
302
866
295
841
152
198
389
180
491
822
680
934
612
301
43
717
355
579
147
553
128
320
810
589
337
501
377
48
140
698
655
794
916
302
635
421
501
24
601
344
198
633
631
810
935
674
879
642
253
27
195
733
347
5
323
36
507
700
84
999
399
92
793
315
746
781
736
599
157
689
944
356
675
575
166
962
249
46
604
855
425
799
588
772
804
263
160
663
964
245
14
715
689
160
382
435
941
471
35
450
512
979
806
187
906
325
149
507
371
753
362
796
552
303
920
709
566
432
724
882
29
739
597
718
899
332
506
192
803
541
642
315
872
449
855
778
774
356
285
497
110
0
645
14
303
917
75
869
349
800
752
379
891
701
449
790
33
955
334
188
848
976
856
720
777
711
850
903
67
136
752
529
488
397
896
791
666
323
12
368
475
116
99
366
818
548
508
203
856
842
392
704
171
600
425
948
311
627
852
730
115
956
612
603
706
508
394
372
183
407
92
659
875
191
25
693
92
534
249
300
376
993
4
547
593
781
848
904
409
52
986
524
8
598
128
714
458
874
439
642
633
531
301
509
75
326
554
519
212
803
819
589
796
823
488
741
957
336
997
718
388
984
242
749
582
722
463
393
949
902
35
934
786
688
443
861
14
350
380
227
153
199
168
302
374
656
43
683
345
41
401
85
377
996
834
959
70
650
704
19
904
739
954
690
427
749
551
794
99
283
373
605
834
541
907
209
549
302
244
246
695
646
332
72
994
518
384
64
520
88
436
425
180
742
115
607
491
19
753
943
302
126
900
489
19
159
50
921
461
294
167
157
940
851
581
286
722
965
351
242
54
139
667
234
881
135
193
724
154
299
19
808
777
919
297
797
78
347
718
540
642
237
49
934
441
982
573
163
948
924
405
354
415
425
940
296
560
485
372
714
784
392
874
562
311
172
711
390
871
781
282
865
18
683
152
459
665
725
974
965
1
380
319
416
805
259
64
717
745
436
431
881
828
657
443
492
181
154
234
53
935
868
918
306
903
422
117
920
147
92
886
500
824
205
916
981
817
980
698
562
769
481
443
949
138
239
441
320
745
27
725
33
895
995
339
150
418
808
71
917
900
957
418
76
514
334
57
331
667
755
245
436
588
41
385
727
280
179
399
377
206
124
410
454
119
101
604
537
910
675
455
810
632
225
887
147
559
296
830
226
52
76
14
992
469
400
719
101
579
470
478
137
594
889
591
66
990
196
955
900
871
762
63
856
987
950
355
547
598
185
125
650
613
492
643
82
892
714
183
823
537
662
312
483
903
904
549
893
100
505
146
323
267
209
531
255
511
886
154
109
72
631
112
685
123
107
120
15
173
303
190
710
965
503
194
220
759
95
114
211
600
612
534
220
821
418
475
684
304
981
145
728
612
257
766
736
716
886
103
890
189
294
952
507
149
498
727
908
594
193
471
194
805
357
766
978
775
593
662
80
574
808
808
187
417
574
275
134
812
378
376
354
24
328
861
525
179
940
785
773
486
256
319
291
614
86
270
389
679
284
469
606
444
630
145
214
556
420
700
721
150
76
75
175
756
288
700
935
228
486
60
714
742
380
358
708
818
980
98
849
616
919
455
61
901
952
627
810
372
327
531
523
403
606
50
511
894
102
799
474
588
859
541
683
591
899
743
409
231
841
611
847
113
66
260
14
19
887
176
743
214
707
618
969
313
668
833
559
123
632
386
711
843
927
746
787
178
490
196
409
683
159
608
148
578
869
515
949
108
691
692
675
399
663
644
64
683
477
976
806
461
362
870
657
289
968
444
819
810
992
228
494
152
188
994
730
409
509
679
518
201
723
193
952
386
189
368
70
19
344
228
832
706
98
489
347
67
933
166
877
926
746
723
430
935
718
160
696
579
191
566
132
914
759
84
301
301
453
723
320
149
951
152
856
50
994
555
469
927
722
698
205
468
422
635
755
492
147
452
71
338
18
556
253
130
640
906
783
445
629
455
947
932
959
155
334
953
710
803
233
432
502
438
253
276
426
8
120
573
812
191
912
183
99
517
665
92
423
448
537
404
255
836
688
214
991
23
168
702
178
753
486
32
543
739
308
969
100
428
895
912
972
159
447
71
676
112
163
451
912
53
207
167
241
895
382
233
270
902
935
449
655
773
833
198
513
494
520
613
922
415
877
246
926
677
670
602
789
185
405
54
590
612
221
832
859
955
65
130
209
352
931
216
125
116
767
990
610
287
955
885
54
833
131
980
862
153
934
651
339
339
57
281
303
279
113
162
586
530
644
796
882
927
12
360
44
779
350
654
418
306
891
472
491
23
804
353
528
738
356
219
429
414
501
732
45
966
247
631
497
243
779
731
523
144
91
567
923
794
573
342
100
465
166
943
840
971
648
720
61
4
940
491
770
793
575
815
759
822
799
256
418
930
988
941
74
431
860
350
225
785
692
677
250
210
620
442
533
620
163
595
625
455
438
747
248
13
563
359
188
714
616
606
996
956
899
71
387
759
421
965
544
465
642
147
27
615
941
561
235
456
508
212
911
946
960
511
311
875
871
499
589
839
457
585
795
356
8
534
467
429
499
364
246
494
511
274
109
804
835
344
261
695
557
524
641
517
36
952
744
259
804
333
98
261
270
893
618
631
779
437
412
279
801
659
773
664
933
234
469
120
578
82
815
487
606
808
356
994
760
100
253
564
785
351
178
408
596
148
39
376
585
451
7
387
462
132
51
747
366
872
867
296
954
34
136
913
842
492
907
955
945
161
871
82
864
49
490
461
197
881
189
135
685
196
522
147
680
925
895
46
150
114
342
104
149
830
17
343
675
925
298
620
438
170
54
302
219
897
115
769
778
656
904
815
204
778
963
884
703
210
930
853
676
625
310
825
807
679
521
482
604
819
102
394
341
509
49
561
406
516
682
184
173
586
352
377
716
315
614
771
877
896
977
553
873
287
731
681
966
252
163
923
423
618
669
765
127
718
678
533
235
360
69
760
298
421
489
14
88
103
137
965
0
114
871
873
401
954
554
720
206
718
995
981
336
664
746
463
383
424
348
970
136
417
82
434
839
571
800
927
675
938
245
27
52
116
252
806
70
807
526
628
877
521
609
565
537
708
380
920
132
728
242
269
497
324
55
336
248
856
616
275
146
861
302
550
977
906
356
399
65
234
379
942
107
988
859
645
48
591
917
181
319
160
802
817
836
857
505
436
65
121
711
211
982
365
762
311
272
470
62
337
705
441
632
164
782
491
809
830
83
727
363
754
239
165
923
427
23
781
864
440
902
927
652
237
293
766
900
565
236
963
254
293
404
886
458
538
730
619
369
165
346
732
919
937
250
195
717
625
976
581
65
878
508
69
467
153
835
368
70
424
331
325
69
87
563
527
626
293
147
347
810
845
431
82
135
681
277
852
658
253
785
724
483
293
793
303
799
981
671
869
405
354
546
474
441
110
354
419
755
501
118
566
698
902
648
833
583
277
685
242
882
470
318
365
116
111
668
915
444
691
136
849
45
683
676
839
793
382
258
900
235
729
818
933
631
818
767
566
95
804
808
977
627
478
695
743
590
715
10
386
407
146
236
804
829
264
643
974
646
254
227
881
983
45
166
614
864
285
180
311
90
341
289
717
819
336
812
761
51
822
148
810
320
736
615
150
352
610
476
998
864
703
231
847
101
397
461
965
683
642
628
125
335
269
194
154
605
6
268
9
828
416
171
148
152
786
650
504
397
479
854
613
182
437
461
635
186
922
952
221
916
581
346
251
850
540
758
808
546
26
817
726
794
988
227
946
127
877
802
876
708
8
489
243
445
950
878
631
225
831
853
493
412
551
97
614
444
207
422
990
233
239
69
27
580
296
325
59
525
479
935
234
487
776
477
932
79
707
915
304
538
120
149
302
672
246
917
116
805
339
458
38
931
527
417
511
175
94
570
701
573
857
287
60
633
116
344
64
823
260
720
362
380
870
664
404
468
933
520
274
273
331
664
204
858
82
715
386
176
637
439
102
846
78
162
831
194
859
896
369
471
616
731
851
838
748
608
307
681
480
933
306
811
597
510
22
31
577
408
560
566
847
662
412
277
176
244
471
387
492
840
858
108
924
62
947
24
670
606
57
150
891
364
962
488
226
984
872
804
744
784
370
943
798
135
220
326
379
43
714
871
883
572
331
159
634
630
535
656
236
593
807
479
309
121
968
535
457
192
339
201
976
62
496
774
197
68
100
928
111
166
151
346
739
482
858
725
113
393
382
701
338
541
181
647
14
501
183
471
45
874
24
21
288
872
147
485
940
599
765
51
766
916
749
505
399
607
582
864
1
316
917
339
209
98
339
223
951
522
694
996
748
70
369
37
942
516
522
882
116
288
285
882
556
35
739
955
642
673
171
995
990
89
687
551
539
26
775
843
548
821
839
648
244
561
685
186
77
560
421
545
848
706
779
404
93
870
712
88
544
235
435
886
324
122
437
216
148
564
59
48
386
250
697
630
811
734
168
889
294
589
786
494
648
566
251
93
436
315
181
980
550
617
218
875
91
656
91
240
572
502
640
310
752
689
292
564
424
461
453
718
402
591
565
402
157
816
496
946
131
29
278
681
998
497
908
90
505
351
682
77
853
674
388
606
716
680
170
140
493
975
210
896
566
775
650
724
943
498
670
74
528
300
108
878
797
16
320
302
368
354
732
221
29
472
827
745
504
997
237
998
324
799
246
891
575
896
967
518
747
989
945
275
289
53
505
87
421
826
741
789
532
825
363
913
297
542
10
154
892
247
152
216
47
750
107
974
646
74
844
393
415
141
20
705
546
878
144
968
56
237
109
588
63
824
502
712
367
512
866
259
112
370
475
511
120
935
485
119
361
681
864
777
823
237
834
369
115
978
689
523
215
151
111
630
975
965
695
342
830
913
953
294
636
429
805
756
716
642
227
77
323
92
206
498
681
40
220
796
370
261
319
586
412
782
568
388
748
615
82
930
529
36
224
517
817
29
273
533
23
853
962
698
297
521
197
978
561
769
774
932
30
445
870
443
579
790
183
327
406
265
609
287
301
833
804
470
214
429
355
237
634
318
936
931
839
485
909
752
254
35
36
636
480
906
431
60
49
614
739
807
232
701
446
885
534
602
356
749
383
711
986
18
381
274
949
220
759
859
325
13
894
361
650
727
620
81
139
21
48
230
828
280
931
274
165
818
228
873
567
611
585
905
629
318
180
931
539
939
790
216
305
36
929
955
115
549
388
254
570
788
837
750
420
120
376
938
938
604
811
505
216
748
763
197
67
295
128
958
234
918
174
539
307
103
846
422
5
587
29
927
727
218
678
148
338
406
86
277
11
897
134
579
998
249
776
65
544
905
23
779
175
549
670
482
4
869
257
9
808
638
289
535
856
319
683
546
725
769
823
88
19
310
667
17
559
444
82
104
349
457
235
876
358
257
711
362
478
968
724
286
958
365
822
166
684
857
712
761
627
888
850
998
550
517
15
109
961
449
565
662
258
152
891
616
762
602
330
240
922
54
527
880
771
701
398
455
558
110
217
537
350
67
535
900
936
902
362
250
351
279
912
961
784
803
929
546
757
260
138
679
666
665
911
438
718
309
893
277
772
462
814
122
881
350
375
818
252
89
68
956
720
332
269
504
488
199
402
245
459
541
925
477
558
836
915
277
498
161
906
270
975
720
744
857
422
119
675
27
560
95
335
281
427
604
137
915
803
892
513
614
785
790
444
343
626
711
972
476
872
230
746
200
951
491
57
725
962
84
752
875
179
87
508
958
44
645
226
199
889
739
814
674
529
258
370
507
969
694
984
194
925
82
394
228
925
803
953
888
239
58
115
770
497
623
728
541
620
954
741
510
45
907
184
574
517
906
434
486
601
418
32
526
500
778
754
426
933
59
666
172
117
133
294
967
756
23
508
728
329
601
238
727
508
775
301
25
681
87
864
634
505
248
160
358
27
266
136
312
678
154
485
147
287
779
114
395
154
975
123
836
576
362
563
437
489
216
462
522
304
678
157
161
927
669
871
306
288
7
618
966
161
455
113
800
587
580
195
93
555
319
929
483
33
844
920
522
61
735
44
717
765
553
878
44
223
750
350
511
109
321
477
623
128
942
423
67
874
619
161
429
290
442
265
323
639
537
197
700
272
241
417
390
147
647
434
370
749
137
233
859
458
710
482
938
4
257
6
879
228
519
660
518
313
277
841
952
815
390
652
87
632
421
477
779
421
264
501
170
401
734
381
859
796
215
149
152
825
507
31
53
26
44
572
340
321
765
644
136
156
649
576
140
422
405
271
843
21
124
366
422
858
99
633
654
667
783
158
492
290
542
545
669
586
469
361
259
587
5
748
95
654
676
235
77
433
858
272
455
982
990
877
192
90
863
198
757
646
356
249
288
898
146
957
836
616
670
96
203
676
196
298
682
872
885
759
657
743
384
112
77
374
342
269
464
205
467
573
203
823
174
843
722
321
153
558
937
823
6
492
851
202
142
534
426
27
645
84
122
29
548
199
404
242
468
220
447
287
794
2
462
320
846
184
641
351
95
578
174
453
422
26
8
564
912
434
591
557
870
65
587
419
264
343
661
84
563
461
371
709
815
834
30
13
370
23
364
817
954
891
623
376
917
631
941
829
65
884
738
288
950
325
707
566
668
720
3
584
533
374
645
349
560
27
714
283
51
79
452
5
970
75
733
239
706
26
420
124
263
158
412
565
836
471
131
856
543
134
440
77
861
438
778
773
465
492
408
868
923
213
225
893
288
959
484
347
337
256
823
600
767
587
165
603
58
649
459
601
135
252
678
348
42
808
122
507
301
882
728
224
95
953
470
384
264
306
83
954
563
906
554
330
493
72
285
903
73
744
856
208
348
535
557
390
695
31
250
996
913
330
573
9
635
43
745
900
349
180
206
264
438
760
594
283
184
879
186
257
976
42
818
324
929
375
67
625
758
317
973
671
647
546
32
634
941
129
534
291
309
92
555
747
853
502
382
389
733
568
999
709
963
817
386
892
192
805
869
302
474
195
973
473
741
358
107
683
487
994
326
149
86
233
248
939
87
631
681
821
199
680
882
162
497
620
407
41
425
628
343
899
823
668
372
917
26
480
952
866
474
630
15
560
863
263
852
303
894
533
124
446
213
6
960
62
979
719
103
404
348
798
304
171
466
676
440
845
508
392
711
334
22
78
895
238
341
747
541
588
632
17
34
197
375
346
259
354
66
714
759
414
864
63
937
330
91
378
527
952
122
590
286
145
668
181
383
362
280
276
950
264
293
336
813
668
682
72
23
748
138
782
162
2
197
452
685
640
182
212
592
304
803
879
449
823
412
184
185
45
460
135
309
105
471
123
774
506
547
797
254
38
931
769
392
128
221
77
768
403
642
713
59
797
592
509
972
356
45
158
401
858
645
63
963
469
538
737
975
437
886
229
827
817
350
220
297
571
649
66
326
643
779
386
440
723
247
413
431
292
923
833
502
568
248
466
37
138
555
364
575
442
594
755
611
296
975
909
868
624
327
546
620
458
284
60
181
531
825
964
176
100
149
678
669
397
144
58
887
700
423
815
494
369
570
105
665
545
14
885
521
693
432
141
151
716
554
684
600
731
649
776
832
798
806
501
548
303
911
435
3
334
250
849
703
820
306
721
717
673
606
239
366
390
732
518
459
286
554
59
370
203
187
202
354
993
703
902
296
966
689
651
301
292
852
356
464
159
77
182
832
684
773
198
74
857
68
533
144
623
944
514
178
483
68
884
477
123
138
125
89
828
129
390
120
333
747
936
492
824
118
676
860
243
227
287
101
295
820
597
270
117
463
449
600
531
333
429
654
472
907
743
652
388
486
124
721
585
60
566
409
531
242
622
774
469
909
227
117
81
824
387
198
287
188
151
170
874
580
824
698
487
920
350
227
406
826
949
343
238
867
104
769
461
726
896
283
635
123
400
69
948
139
267
587
680
418
758
554
351
934
604
190
854
306
418
612
132
719
307
370
938
412
492
399
138
388
682
126
863
434
195
163
574
814
751
254
585
861
160
936
795
764
478
2
70
896
966
554
967
274
924
905
686
768
657
176
156
339
302
372
774
849
535
700
664
286
306
601
499
466
537
295
582
367
649
4
616
615
558
583
241
834
841
927
603
498
456
111
189
758
483
315
960
19
15
624
657
673
225
157
491
114
452
73
833
453
77
449
420
987
385
662
822
226
941
425
76
397
536
265
508
20
581
468
391
948
444
48
622
21
205
113
487
9
539
320
462
616
770
235
956
155
897
778
733
190
203
809
588
91
426
448
463
7
916
854
308
712
255
930
733
460
395
220
822
934
540
636
903
310
871
859
817
120
637
550
311
192
711
251
283
138
699
99
497
967
305
805
679
560
735
412
373
483
984
547
417
524
183
320
187
407
531
4
879
520
907
190
712
970
793
348
108
492
799
606
811
104
411
490
17
499
254
390
982
238
937
399
763
472
72
302
231
955
658
111
476
917
653
540
888
447
888
996
291
39
602
103
144
366
945
161
865
200
903
199
438
192
598
553
664
22
855
248
330
866
359
806
783
364
698
671
811
587
668
455
978
622
558
122
988
503
635
205
55
538
404
494
730
355
399
747
729
255
995
59
121
706
217
256
70
916
928
234
855
596
689
833
570
599
308
911
102
943
116
510
834
873
4
564
228
403
663
309
10
658
369
483
716
586
740
139
854
668
373
709
616
414
543
538
13
851
449
467
146
566
977
980
439
333
897
19
737
560
328
99
571
49
935
287
988
675
426
842
695
151
552
663
565
447
201
578
650
651
46
796
569
375
777
360
709
26
731
446
586
59
897
157
461
832
797
449
859
223
291
906
375
843
921
940
290
123
871
940
126
269
89
695
644
218
407
353
244
138
151
830
549
49
340
10
233
137
459
445
712
751
351
87
946
273
380
237
748
603
529
226
872
970
921
516
188
680
870
432
818
21
615
719
422
955
730
656
92
189
453
156
292
804
244
239
429
976
828
529
931
709
755
803
680
28
319
868
708
541
653
878
915
268
598
689
223
328
697
667
869
150
823
514
955
419
105
736
747
285
618
678
994
373
481
26
402
153
895
462
46
900
341
961
168
291
651
743
971
348
410
192
851
585
706
806
357
811
894
104
96
512
783
443
238
616
469
992
121
716
454
168
616
147
481
136
790
484
879
761
833
641
954
684
227
12
842
584
824
88
40
272
953
175
67
191
792
537
183
913
605
989
81
574
137
563
710
927
47
942
41
232
583
995
268
162
7
462
98
183
903
139
808
856
314
227
47
458
116
582
372
722
571
805
296
60
720
358
340
120
300
381
704
236
728
325
398
87
787
849
623
42
340
431
898
6
10
297
465
127
231
189
849
803
346
497
215
67
207
555
539
508
288
243
96
16
568
494
456
708
695
79
750
35
862
1
42
872
650
859
999
882
48
848
37
394
697
252
813
905
808
352
765
448
596
861
465
516
707
273
576
403
352
679
790
214
680
184
86
330
43
86
564
443
286
601
838
336
854
3
593
14
356
358
462
304
571
279
820
278
552
749
33
256
428
824
470
108
360
909
790
404
347
707
847
985
308
37
321
162
41
914
528
749
624
343
53
195
622
225
826
527
974
859
783
754
35
606
862
396
515
5
152
862
712
999
847
372
389
521
887
782
787
415
531
412
758
936
607
733
513
785
612
488
645
395
242
32
353
457
780
868
814
932
82
878
284
282
250
673
803
137
807
590
905
690
2
663
626
962
748
139
99
360
979
744
108
574
129
461
383
909
682
197
842
116
427
126
398
29
151
201
519
310
144
424
0
498
439
626
812
540
117
912
900
97
8
360
23
137
174
406
47
856
955
241
972
382
719
371
763
222
924
282
532
68
58
532
567
850
510
379
390
627
643
290
76
652
3
99
789
177
505
188
33
812
429
357
546
148
80
310
722
357
944
254
425
3
786
344
853
648
76
243
276
719
885
704
371
888
804
513
65
661
701
450
826
483
160
372
983
240
682
706
597
627
960
375
982
99
71
835
747
147
430
375
219
667
80
942
556
236
807
973
249
861
776
75
344
936
800
327
528
482
385
126
461
698
853
443
797
924
278
896
424
60
624
995
728
56
937
636
644
97
961
893
958
737
321
302
25
121
981
554
955
367
32
417
417
885
860
566
161
491
462
937
903
438
932
983
494
222
619
138
319
581
384
277
670
705
931
696
178
912
250
485
631
282
902
400
519
115
966
32
958
781
970
213
219
902
197
714
476
168
204
795
749
588
424
772
645
355
820
175
620
70
661
603
704
915
4
575
30
970
607
340
751
577
906
323
832
103
37
660
271
241
808
373
182
232
145
827
940
317
3
912
387
16
515
443
931
871
370
314
194
977
654
297
907
560
620
91
15
9
751
287
603
559
12
785
144
509
964
436
826
967
348
565
983
215
8
915
87
730
581
281
707
235
578
966
148
551
409
163
560
513
802
163
424
814
948
568
675
913
4
501
232
704
66
568
920
426
835
7
156
416
640
216
3
570
534
151
121
944
667
682
809
821
197
233
988
498
154
663
411
510
517
995
215
583
915
135
362
750
494
518
518
134
86
522
56
621
25
178
917
44
212
726
866
761
959
206
259
113
221
22
624
738
18
839
322
285
326
684
36
820
554
906
306
641
428
362
262
806
540
179
850
104
905
68
866
216
274
477
330
496
500
306
234
870
497
908
155
823
944
543
643
499
450
301
140
878
663
754
684
556
285
887
660
542
955
878
758
582
356
440
430
856
746
16
726
595
277
233
418
221
777
413
72
227
714
564
457
378
318
494
934
955
381
946
497
688
177
256
622
533
48
404
741
147
421
819
742
698
52
513
271
829
926
344
408
993
908
866
371
579
360
657
534
93
955
32
781
132
640
756
17
40
160
110
187
581
929
930
631
334
795
255
515
721
599
924
714
859
790
437
438
502
446
973
595
402
357
376
534
349
132
904
389
293
14
929
226
944
211
210
630
6
465
145
727
416
421
794
275
211
231
714
713
678
39
660
432
748
37
966
97
521
222
838
166
237
767
745
533
978
955
163
984
772
660
64
188
82
858
463
645
441
177
711
471
568
371
903
316
760
222
413
282
444
604
800
681
371
545
566
350
500
729
686
272
742
750
460
824
960
276
821
402
805
532
225
374
904
129
690
664
351
456
298
795
60
99
829
783
644
395
485
497
477
172
121
219
274
934
395
235
210
216
989
15
749
566
741
5
695
784
21
46
240
320
194
652
771
23
435
415
418
921
264
895
445
386
466
719
320
861
306
882
430
647
897
531
214
639
536
261
423
557
308
15
229
502
19
0
525
806
768
295
79
32
543
524
418
9
596
90
223
254
972
653
254
222
184
820
213
72
81
636
629
741
3
859
243
22
211
120
180
979
768
260
12
311
136
782
672
732
225
895
339
197
548
593
771
84
765
984
156
846
972
138
588
327
349
183
701
560
656
882
540
424
142
904
87
278
686
759
363
911
655
702
461
555
647
584
640
764
921
148
610
893
286
550
221
635
734
274
548
742
156
440
518
298
344
605
929
382
364
292
646
371
346
107
927
345
43
919
109
964
419
719
210
706
622
783
693
708
57
593
450
214
33
968
864
377
925
793
760
289
437
406
13
783
865
292
128
908
211
589
225
630
661
435
688
283
218
734
991
627
327
793
841
361
113
706
90
38
851
850
679
289
608
692
424
473
984
905
734
547
494
311
178
155
746
218
438
316
304
781
295
632
574
137
345
687
195
435
77
398
638
757
39
598
449
464
72
434
369
158
333
215
821
511
371
919
82
161
235
386
943
882
370
869
371
715
909
566
503
986
317
493
95
356
91
545
820
515
331
541
25
664
757
846
528
480
765
962
641
352
348
936
235
71
158
606
138
67
525
993
405
842
486
501
550
930
398
723
797
81
264
823
97
373
21
977
853
787
939
847
491
640
783
726
711
293
685
849
360
562
195
118
756
681
971
306
963
721
29
761
154
646
936
251
19
957
229
225
96
520
72
940
160
855
666
223
149
703
425
861
265
620
331
21
301
654
680
617
727
709
730
881
707
666
133
727
975
714
952
424
234
24
364
747
231
382
970
732
438
395
946
703
15
629
77
669
284
109
286
11
818
16
893
878
34
378
605
361
444
909
785
678
285
501
777
868
236
748
601
674
495
899
729
511
528
158
180
164
267
818
176
438
186
421
316
220
151
921
933
595
182
719
625
819
572
403
687
808
503
640
834
998
539
564
509
68
722
41
584
342
211
760
780
397
533
96
969
36
369
903
631
551
974
609
370
546
364
57
707
867
50
541
217
589
457
79
9
532
120
594
874
332
706
654
81
592
750
51
628
119
954
612
22
928
221
744
826
585
153
533
804
203
427
21
793
236
100
154
768
573
748
994
257
807
648
338
399
750
389
27
221
343
639
595
271
212
339
98
149
493
983
305
48
762
327
841
999
779
348
119
704
96
114
961
903
114
652
654
217
41
682
438
737
673
34
360
886
725
458
387
570
794
693
619
556
372
812
555
151
160
675
208
257
141
169
512
255
821
167
472
215
201
263
952
874
649
312
112
374
123
500
297
917
193
916
825
917
728
733
420
889
760
628
498
901
150
362
508
323
881
981
538
82
596
842
309
245
155
421
971
278
273
268
547
818
536
724
735
265
457
156
506
217
784
4
470
934
718
979
610
600
312
148
682
908
991
343
153
498
765
476
128
390
745
675
209
281
751
944
898
209
452
404
778
237
760
601
523
831
580
133
431
892
634
465
800
977
809
305
475
926
781
603
316
878
630
877
512
381
174
762
942
626
519
73
215
631
674
91
462
254
576
893
498
210
359
298
187
520
955
14
446
88
617
762
319
247
992
831
981
166
945
923
792
464
996
360
96
22
451
558
276
27
452
774
590
163
424
777
683
731
144
481
820
761
595
139
361
587
322
342
753
267
617
898
732
966
258
828
988
709
738
265
88
542
391
678
57
168
808
740
899
952
573
719
713
169
210
74
756
532
768
862
800
386
760
884
704
18
64
692
79
802
309
167
345
701
846
402
869
654
495
768
606
68
840
671
237
50
746
346
935
866
208
735
604
968
971
308
338
35
1
417
837
310
584
182
363
430
937
584
84
432
705
42
852
545
714
442
947
812
788
882
678
348
969
635
668
940
943
6
975
944
423
813
607
359
347
322
790
636
907
226
420
612
621
273
509
335
715
456
499
855
691
177
555
660
812
223
601
108
581
576
404
356
741
11
715
441
334
857
77
593
84
498
557
705
771
66
392
838
522
891
45
565
420
952
226
585
527
827
693
108
755
97
464
497
461
179
290
147
37
367
740
473
217
297
530
340
715
922
178
589
165
575
155
585
527
381
522
54
208
215
514
315
665
978
164
126
510
454
625
899
822
365
372
391
14
254
732
729
528
262
318
693
838
473
630
717
854
153
124
414
720
638
730
385
969
894
863
831
701
488
730
523
205
454
266
219
60
998
300
588
261
619
633
99
92
263
168
299
768
644
65
489
635
795
226
604
42
90
787
743
930
869
618
136
323
884
707
735
883
8
323
144
627
956
595
71
571
115
722
340
760
788
181
395
935
407
351
977
849
138
72
132
7
690
268
682
927
327
417
810
335
92
306
314
400
253
738
971
368
460
311
128
248
844
875
184
604
226
513
453
364
586
585
371
628
205
405
555
885
822
717
220
266
23
887
666
276
625
638
997
85
301
477
686
146
353
222
750
579
735
555
944
673
493
667
302
50
73
857
935
247
575
508
866
950
395
532
579
372
170
576
457
824
53
495
322
758
717
72
338
805
979
634
478
472
301
780
875
726
990
810
326
565
670
192
867
65
724
446
437
247
374
247
423
780
742
745
538
812
817
876
617
148
510
447
621
164
580
496
242
570
658
568
487
329
112
354
746
189
153
536
788
527
135
211
307
877
956
198
41
125
74
10
273
937
458
246
453
38
94
695
960
105
616
447
786
80
153
884
269
306
420
409
186
555
620
845
785
928
43
826
405
470
837
31
759
647
277
212
685
724
259
645
181
875
444
967
956
949
851
577
256
624
987
794
179
959
991
316
888
35
495
293
857
684
324
616
331
954
180
368
30
439
13
563
667
809
530
975
758
733
552
366
357
891
512
889
851
504
557
91
539
52
736
748
736
61
716
67
367
896
435
749
687
800
312
354
961
194
681
720
927
234
438
637
477
951
878
680
455
435
771
346
840
508
94
576
921
162
996
640
58
431
389
97
584
701
452
545
895
133
617
174
719
56
163
549
7
41
229
462
829
353
160
669
861
254
245
134
416
241
774
826
25
163
923
609
216
727
506
111
213
124
637
284
532
801
833
539
842
415
353
23
768
513
692
629
119
938
115
535
531
889
713
556
52
636
517
268
716
376
731
929
500
368
213
32
521
47
923
364
814
276
387
582
141
432
563
260
370
678
147
253
567
860
162
971
848
31
239
564
407
322
493
259
42
707
643
564
106
918
280
920
194
19
854
335
451
417
947
173
95
94
427
14
954
941
985
803
972
576
367
732
898
213
991
292
272
987
856
378
905
136
650
100
508
504
787
959
273
735
485
368
829
912
734
136
205
719
939
177
647
658
261
545
871
253
837
143
240
46
873
497
534
523
949
42
379
737
2
652
824
487
372
5
751
106
141
308
177
432
485
824
443
99
721
314
352
911
810
944
957
683
441
491
559
743
534
290
480
888
943
656
727
667
13
478
126
507
786
303
939
623
480
382
74
201
49
426
464
859
722
421
894
516
265
453
259
151
744
91
391
39
99
118
58
112
948
184
971
86
840
263
61
672
997
136
873
46
914
690
257
989
111
152
505
728
605
116
879
701
559
270
92
658
740
151
122
688
335
94
774
527
357
836
199
354
324
425
753
238
115
10
227
578
514
84
307
120
200
538
173
759
161
266
769
901
417
892
942
104
338
716
984
47
904
183
753
580
960
506
819
427
869
398
6
383
483
665
855
35
555
29
147
68
647
916
322
416
160
264
872
850
332
856
897
589
392
3
169
704
509
340
132
730
739
490
114
574
155
321
609
62
702
756
131
349
25
453
117
537
717
990
388
49
846
637
990
590
640
160
295
502
852
779
584
591
269
50
165
424
372
127
486
74
235
969
776
612
422
893
150
491
883
890
893
82
879
883
24
872
395
319
726
248
98
310
191
367
361
709
143
85
836
982
159
423
303
935
36
726
829
538
569
64
780
462
498
11
698
523
235
93
194
961
693
293
624
885
12
337
594
508
422
430
842
581
205
145
869
593
223
50
131
793
114
263
607
613
275
305
488
862
751
682
824
444
327
800
329
692
137
923
200
559
353
42
492
911
539
713
504
763
763
636
556
230
251
163
195
878
821
683
741
572
365
917
16
693
69
346
385
206
269
937
117
975
331
961
886
870
675
390
633
790
378
541
20
982
705
215
860
878
898
953
450
616
222
466
309
291
812
46
497
434
983
966
409
314
280
647
536
955
389
170
745
120
711
118
102
768
333
314
646
584
620
448
200
842
915
861
134
79
907
983
513
242
950
274
908
230
273
444
537
663
966
634
135
30
752
589
150
86
255
149
22
875
597
222
718
512
83
852
944
342
187
809
936
137
84
844
719
709
640
256
724
959
243
859
989
995
448
139
433
704
640
455
931
238
29
649
102
464
853
46
806
41
856
94
530
292
938
250
1
931
858
78
890
101
937
879
97
738
370
882
794
363
690
725
601
719
727
55
184
580
102
342
973
310
437
504
954
727
754
307
658
964
385
900
66
323
131
515
413
854
749
207
217
439
284
818
159
11
873
695
592
327
389
565
989
178
421
943
258
527
603
268
492
988
169
910
663
300
777
76
154
526
635
371
318
920
541
829
931
767
524
875
94
265
793
84
444
214
379
54
742
982
322
586
323
843
496
986
144
625
415
650
151
402
374
469
322
915
298
606
682
174
481
129
792
626
565
588
841
296
642
935
279
964
521
954
160
369
940
304
994
707
306
145
110
680
967
784
948
617
390
982
144
224
111
936
202
28
524
43
325
518
978
956
482
851
910
642
220
202
298
214
910
957
712
372
637
31
508
937
0
251
920
144
475
383
80
677
764
956
73
89
474
403
397
309
255
307
303
827
509
954
42
771
911
106
495
900
137
4
838
137
255
110
282
82
845
714
111
961
23
536
50
497
940
447
158
547
106
462
374
968
768
416
739
679
522
587
931
11
591
121
149
198
231
783
632
429
849
743
390
872
280
793
722
572
592
880
119
699
694
493
667
462
262
758
493
136
345
425
148
288
546
297
838
130
432
470
911
281
214
653
154
846
798
876
418
391
108
537
442
155
382
109
969
996
219
463
133
917
240
281
205
138
930
44
620
362
866
883
643
80
537
149
926
335
377
696
78
486
585
520
993
320
981
962
316
201
425
449
470
17
82
27
508
12
423
128
726
290
12
370
370
901
871
649
588
249
697
667
87
283
187
80
955
521
42
271
74
820
721
544
837
803
571
345
168
347
826
894
637
190
264
359
91
488
360
679
737
58
698
824
693
238
904
648
759
298
919
833
118
992
729
308
148
652
653
316
999
831
210
636
21
827
348
464
315
708
144
52
118
194
228
811
432
484
811
191
782
83
376
901
75
457
209
223
110
214
539
109
398
102
98
419
929
798
884
244
506
380
648
977
574
876
788
359
360
952
902
494
35
279
395
462
88
956
686
198
523
577
660
921
679
110
692
608
908
576
204
766
308
852
743
883
80
884
594
440
836
496
287
223
127
682
685
216
991
371
414
514
301
426
787
980
536
479
941
796
56
497
563
716
350
658
599
782
542
545
575
378
42
862
601
169
544
287
385
887
10
152
401
663
578
188
996
467
668
289
263
76
786
178
792
136
837
744
271
379
289
846
110
683
708
711
853
252
350
238
140
713
742
893
376
321
434
372
788
454
661
403
530
800
582
674
288
419
770
559
150
412
405
260
95
113
324
300
718
674
539
210
739
633
103
116
954
889
840
94
343
854
498
225
654
432
252
294
203
22
854
353
786
259
614
882
373
938
182
443
964
73
653
704
707
108
172
13
998
364
460
341
218
958
919
224
742
171
519
945
545
373
298
332
984
912
566
709
850
100
152
815
526
805
871
585
914
43
950
264
407
410
957
978
720
876
202
462
399
73
407
297
798
706
629
783
970
547
492
173
999
645
340
877
802
211
462
68
254
765
332
13
175
642
991
896
870
546
358
270
971
118
567
770
176
548
905
146
447
397
671
446
394
11
676
549
574
138
617
180
255
302
194
431
944
537
327
814
83
37
436
55
507
355
177
683
903
82
182
350
831
853
149
578
217
825
479
791
315
96
972
571
750
518
354
46
55
33
213
491
70
1
898
930
357
75
965
260
509
147
963
340
353
464
270
922
289
749
65
956
198
37
879
948
907
233
347
963
266
912
806
689
913
704
971
270
779
936
883
640
436
198
980
789
662
603
63
303
352
128
259
550
518
491
851
425
724
550
740
343
462
546
384
727
250
355
998
381
291
233
21
727
431
354
868
93
957
931
396
309
60
7
212
930
498
415
355
575
965
96
270
779
642
654
506
245
9
856
626
652
89
0
380
520
354
600
965
663
532
361
972
944
721
536
874
571
951
581
498
268
677
768
47
672
774
554
269
135
410
247
788
500
247
520
372
953
120
338
616
4
51
941
300
772
477
526
696
781
108
194
49
137
315
97
809
441
651
78
577
413
326
365
265
925
237
638
879
357
328
495
714
379
788
14
504
266
541
552
47
1
98
96
138
413
545
300
855
548
730
432
962
408
149
227
334
386
217
565
95
545
412
809
277
201
824
781
467
717
685
866
718
783
314
856
197
860
156
404
408
887
188
722
647
337
950
981
75
167
546
522
65
959
332
342
160
508
475
979
225
160
197
295
943
511
151
140
723
660
896
484
899
84
206
546
773
156
880
200
676
426
723
741
737
55
83
249
915
910
228
140
70
425
787
13
289
290
506
12
950
402
496
201
487
703
100
260
211
980
813
239
758
536
980
496
591
415
97
506
325
678
998
747
455
137
761
744
427
267
757
378
669
605
931
508
660
31
121
872
363
934
463
122
470
796
970
413
211
419
271
889
97
621
636
553
758
749
297
185
16
406
915
38
12
847
546
24
230
667
248
594
601
712
68
71
508
390
836
71
809
107
312
907
728
949
460
486
50
109
24
67
516
939
105
880
138
651
904
369
671
153
315
272
217
735
696
725
125
532
796
934
992
109
193
720
410
5
559
460
115
583
879
983
874
984
215
13
988
471
382
11
976
49
283
193
784
331
918
909
216
67
195
208
176
741
280
938
746
191
750
213
126
630
548
1
966
763
14
306
587
748
317
563
797
601
109
933
284
379
842
500
446
389
60
974
130
341
912
229
884
663
442
11
645
991
12
611
106
378
918
693
126
235
257
275
188
718
208
825
97
402
325
544
791
738
518
274
79
783
503
315
798
945
326
443
288
690
406
395
68
324
88
546
912
697
173
452
415
381
277
513
135
603
409
927
693
279
553
772
62
56
439
212
353
766
7
642
808
414
37
877
90
477
775
2
527
949
455
942
682
84
807
818
39
216
97
732
496
650
504
910
706
296
123
59
62
482
701
870
896
90
99
987
568
875
341
447
176
148
741
858
233
549
676
272
117
773
5
965
423
861
876
481
157
351
541
571
185
594
794
82
685
245
421
605
120
114
52
648
615
793
507
200
694
535
472
164
309
829
129
84
43
357
566
552
60
107
476
246
53
622
680
738
867
453
695
340
567
99
988
182
245
495
382
291
31
207
455
692
388
937
776
783
294
342
336
707
801
164
305
855
786
985
945
653
438
993
993
5
92
334
540
337
181
274
629
564
833
436
256
222
373
385
357
20
727
45
727
881
209
32
88
995
17
33
1
807
26
346
164
471
680
704
808
862
331
789
778
164
578
35
738
951
420
96
971
499
141
698
732
703
82
820
50
451
206
51
258
232
750
423
703
782
479
864
996
810
5
775
327
583
810
65
535
582
513
858
433
7
909
166
710
991
986
760
443
192
164
53
777
266
476
832
48
956
48
45
118
54
172
445
989
334
863
524
916
728
735
701
735
644
867
797
635
206
910
430
750
426
484
879
692
960
712
92
268
760
489
739
166
661
536
156
995
751
32
263
480
767
965
567
411
184
717
399
390
627
829
141
53
665
20
97
978
84
541
246
197
31
337
363
44
226
871
392
977
904
655
809
23
972
377
435
157
446
186
547
73
15
40
478
681
413
927
11
849
468
257
46
851
947
762
896
173
633
640
150
889
647
312
913
620
41
700
777
487
886
676
560
253
717
390
934
482
317
297
331
137
555
730
341
854
492
237
27
477
229
529
367
876
841
632
496
234
332
625
721
218
302
281
471
371
23
758
205
692
55
536
830
962
266
171
168
110
760
547
588
989
77
307
217
270
939
714
505
623
339
226
841
993
860
664
364
235
422
569
928
830
458
758
144
76
281
313
539
393
860
127
382
289
786
951
560
77
665
417
700
357
995
893
702
207
557
67
443
332
988
371
162
798
481
658
227
114
971
766
507
832
245
241
121
31
192
33
108
210
802
160
567
150
53
269
357
610
688
152
942
29
875
456
179
708
115
406
822
86
172
329
270
417
922
744
448
115
129
908
325
932
68
244
82
121
865
791
84
554
296
378
935
171
835
114
880
302
521
54
740
45
384
11
463
658
107
263
773
236
524
450
168
944
694
602
418
560
746
502
466
42
880
401
565
67
867
797
369
740
852
462
786
588
825
601
246
932
864
20
168
740
470
689
685
517
643
103
77
741
957
543
783
837
296
701
257
163
498
978
904
350
440
690
938
265
291
185
549
507
557
70
600
379
111
285
896
754
740
973
848
697
868
983
886
164
684
495
680
183
474
584
533
266
626
824
884
269
361
433
128
918
503
728
297
966
13
546
73
105
519
921
154
740
904
41
256
589
536
936
772
362
872
657
629
498
481
513
767
842
946
248
112
802
976
762
120
342
308
193
447
179
114
602
919
19
995
528
960
883
464
84
246
337
741
875
835
575
740
955
417
38
203
882
192
531
644
313
873
952
506
673
483
973
627
755
344
622
283
304
505
747
388
103
436
129
330
272
56
70
579
826
109
134
708
301
665
704
966
891
656
473
564
491
446
191
246
790
165
529
446
670
629
834
126
65
315
456
689
372
527
268
550
988
754
258
289
420
962
608
311
970
81
227
461
879
418
60
21
583
589
467
605
218
653
731
284
320
540
325
44
67
594
594
55
700
