703
86
389
88
754
158
699
635
682
0
848
415
973
618
586
905
792
760
979
925
82
572
492
95
547
196
855
777
984
422
516
687
509
905
127
263
64
827
251
98
179
99
865
152
69
451
58
213
563
389
138
646
961
631
93
861
827
949
638
163
723
154
851
232
59
330
496
475
509
99
574
688
550
791
841
620
243
251
833
158
992
972
156
954
955
250
167
134
551
805
298
274
311
501
507
722
831
355
198
341
806
124
29
356
267
222
976
510
825
162
21
818
486
177
124
441
427
643
575
330
800
873
605
111
726
464
185
558
171
383
251
977
859
280
333
127
855
662
989
32
824
362
850
662
540
326
103
319
969
678
650
769
904
607
232
630
423
418
540
594
153
791
923
365
424
608
844
279
270
833
311
446
548
514
108
88
192
211
759
514
242
409
635
498
368
868
480
791
638
373
737
143
164
660
508
940
269
704
219
891
538
883
338
86
749
798
526
941
362
285
455
956
47
443
454
767
663
286
911
301
659
648
796
176
661
657
116
282
361
688
173
251
571
863
689
320
662
215
613
376
853
421
332
252
864
138
19
527
424
930
828
436
931
976
964
944
633
432
226
995
120
751
246
43
967
936
715
629
503
329
357
356
750
689
608
614
827
980
141
603
262
321
391
545
649
707
489
283
140
67
278
260
819
524
656
786
812
371
767
316
52
124
672
802
813
633
768
992
613
261
947
227
934
339
773
584
398
262
867
538
330
497
151
501
373
807
287
186
530
54
502
583
530
526
385
695
159
506
39
124
767
986
704
54
677
477
638
76
739
857
966
421
354
117
922
727
276
561
913
807
967
767
390
497
294
127
192
805
633
231
282
753
570
986
159
247
463
797
675
554
6
642
328
360
759
250
87
36
812
353
843
779
120
585
629
766
712
173
572
698
757
854
803
327
192
962
926
655
111
602
