606
534
813
5
178
736
802
27
522
910
978
629
143
217
606
978
813
121
890
757
384
416
237
281
590
627
11
188
500
448
160
106
982
974
111
513
62
265
892
584
527
222
213
671
439
820
649
252
293
539
362
677
307
599
959
897
578
322
85
78
770
598
184
104
924
647
969
986
912
861
570
439
84
784
110
875
956
111
128
249
650
490
278
309
441
237
206
19
559
644
449
681
594
633
138
518
280
459
504
544
321
74
335
757
210
798
632
166
909
112
767
912
954
46
221
395
635
780
766
547
776
215
228
370
200
718
888
832
178
392
376
851
818
712
608
29
510
240
547
771
353
315
683
659
713
257
55
348
37
821
895
813
389
476
183
589
194
423
422
372
815
150
223
985
214
183
14
724
424
914
848
129
581
531
788
294
788
195
642
177
369
538
990
758
14
525
699
560
948
473
285
115
624
860
453
838
44
467
915
820
733
115
301
314
646
89
608
787
637
603
964
6
141
307
116
507
184
167
67
485
641
352
600
617
213
53
807
257
873
722
429
958
189
730
273
836
171
233
975
808
836
291
166
329
950
282
836
135
450
256
620
443
608
572
60
173
978
867
430
203
942
211
161
483
941
786
671
113
372
646
921
560
290
440
890
240
722
78
727
524
334
699
319
295
272
731
468
602
951
251
157
245
462
670
728
404
809
400
869
181
46
142
93
688
582
983
929
657
414
8
181
100
708
853
395
332
584
864
934
535
115
443
780
577
113
509
333
922
909
202
455
307
345
549
996
927
884
277
584
298
285
118
399
345
971
794
677
555
10
963
91
125
406
871
55
520
732
388
794
641
591
250
301
936
799
297
863
683
926
800
334
563
918
85
909
889
231
586
444
242
902
887
719
308
759
774
180
843
515
975
837
106
577
138
394
728
787
609
763
713
409
97
276
327
182
537
568
766
124
13
8
26
900
79
686
11
854
867
207
369
194
44
827
771
182
221
499
321
182
614
386
592
712
14
271
246
552
840
12
28
205
372
54
105
452
92
469
658
311
676
379
505
72
206
628
254
779
479
927
961
94
313
553
158
327
177
756
879
17
769
907
222
493
313
679
297
406
148
955
717
176
334
575
248
892
555
854
671
35
781
985
481
94
538
639
774
67
395
653
84
516
913
306
362
226
986
659
984
486
615
54
15
301
629
615
194
536
470
217
571
603
202
404
698
93
43
824
160
791
477
245
659
742
903
21
321
241
681
305
80
648
711
95
301
692
710
847
229
532
65
800
136
619
557
186
712
600
10
225
743
839
822
755
582
77
776
903
319
809
560
399
809
272
846
111
964
908
958
193
441
375
346
577
995
903
763
59
855
125
284
951
964
458
706
546
536
482
801
855
644
362
606
453
634
804
564
950
712
875
144
153
250
842
82
245
745
197
305
600
322
941
551
639
400
609
185
288
92
339
495
88
701
101
541
687
905
458
637
969
333
133
475
583
975
557
181
72
107
838
25
429
131
928
420
883
538
958
171
982
297
666
70
998
119
963
37
376
421
26
346
106
512
821
690
839
730
223
912
837
413
289
619
544
217
39
428
755
997
951
89
294
618
159
644
89
123
33
466
896
60
812
3
924
985
45
763
715
268
27
553
33
316
172
577
534
563
357
641
561
309
731
207
279
890
852
368
365
885
186
262
297
998
617
221
983
662
337
699
282
364
604
315
33
776
244
567
339
602
208
252
263
291
460
894
182
312
262
899
549
801
513
199
799
130
772
135
792
461
186
426
826
790
741
859
918
986
778
609
940
338
862
203
630
322
449
164
986
63
415
887
864
929
438
664
411
211
151
204
672
337
982
850
127
76
61
45
62
191
654
354
530
868
909
512
542
358
28
880
421
443
120
286
724
558
302
136
121
453
692
146
790
674
996
269
750
410
314
164
953
320
870
835
541
779
347
83
137
727
316
911
171
436
549
895
994
851
383
116
304
75
614
446
750
610
715
852
372
381
17
326
53
887
161
594
19
861
30
508
588
346
419
111
782
968
359
128
171
742
596
475
818
210
273
920
173
988
772
545
369
141
223
423
29
737
369
48
950
399
908
890
745
328
2
527
648
713
8
820
455
604
647
625
815
921
545
988
909
318
533
631
459
109
406
840
198
775
240
148
175
149
38
920
829
392
800
477
105
808
297
913
412
297
538
227
218
84
567
479
754
453
110
565
562
516
406
760
644
998
260
819
147
298
739
976
43
891
806
148
699
455
61
464
752
952
43
322
36
611
802
142
64
264
707
978
133
113
90
777
464
350
596
611
0
687
940
43
931
746
544
982
201
957
446
306
909
842
628
297
453
782
439
869
47
147
847
532
612
289
309
76
639
257
40
639
296
980
35
227
78
931
562
631
888
360
937
150
202
918
447
7
700
887
228
747
386
427
279
350
716
940
779
355
197
819
347
846
151
734
425
581
665
987
212
553
348
502
55
902
420
503
910
120
742
490
220
480
918
499
830
634
792
609
342
989
780
41
187
931
775
613
512
440
600
77
345
300
579
401
203
999
256
465
471
998
955
691
478
873
191
660
860
983
270
202
324
50
243
864
334
370
477
198
162
429
275
859
730
854
260
933
205
868
398
677
218
353
368
696
579
911
357
439
246
979
993
923
381
236
787
715
958
264
914
120
693
541
979
775
396
592
708
953
812
458
982
31
164
351
727
95
614
436
534
213
767
527
488
149
115
275
864
425
891
130
545
936
672
876
712
420
820
772
373
633
583
708
664
747
411
743
842
25
532
728
590
299
607
78
448
722
705
665
147
596
795
44
885
819
272
597
239
93
721
965
78
304
673
742
51
436
485
245
461
17
973
404
669
580
482
117
654
188
134
153
136
282
549
21
101
822
970
693
267
692
10
345
996
35
87
400
471
924
997
932
294
971
688
963
903
171
432
910
711
919
63
199
201
965
221
654
787
191
347
54
235
357
751
584
392
838
984
863
114
981
148
760
304
836
75
560
359
860
470
422
779
885
622
980
850
195
986
637
738
334
43
974
43
794
558
436
984
894
651
451
875
799
211
532
988
287
92
347
147
562
122
278
447
744
610
298
291
596
287
29
930
683
355
974
477
265
762
814
159
413
265
387
213
476
919
553
115
11
252
614
573
374
892
372
470
502
670
761
99
310
143
381
993
498
355
822
764
469
636
923
883
253
310
448
82
229
1
197
592
253
812
165
980
56
890
450
559
912
564
10
222
707
391
567
205
99
390
321
568
378
597
451
632
907
251
66
489
252
263
433
858
427
599
838
484
489
640
395
753
204
405
976
263
796
895
469
247
285
142
816
16
739
619
0
999
871
66
488
123
681
273
333
109
872
171
945
713
164
340
467
368
745
795
632
893
690
453
141
328
947
957
696
687
576
696
686
447
114
526
923
795
799
256
904
24
780
201
89
944
541
908
664
286
55
648
180
746
453
673
426
401
630
122
88
558
170
126
358
284
4
281
79
155
537
336
179
669
537
621
613
79
529
278
717
585
278
249
683
732
922
109
133
904
583
573
815
753
51
173
37
55
454
468
210
343
804
742
365
342
363
978
773
244
608
490
829
887
92
864
971
14
325
456
271
908
29
86
13
432
259
50
839
65
519
401
760
675
143
125
369
858
104
142
103
64
985
284
303
77
149
274
443
826
730
714
735
111
800
748
543
411
151
734
476
22
136
237
697
279
714
67
490
170
561
593
235
546
229
538
975
730
165
419
557
895
485
644
359
638
744
254
401
895
989
878
917
125
467
967
756
533
34
246
704
595
839
939
494
421
829
469
151
994
240
708
242
78
704
953
68
449
207
469
696
196
699
614
673
518
933
430
52
967
676
756
914
868
695
408
289
876
230
792
871
470
853
465
900
557
418
968
358
625
438
55
174
137
21
847
656
954
629
708
921
306
464
835
526
511
596
167
387
826
959
610
648
812
75
901
722
845
869
80
823
659
135
349
149
156
196
805
110
178
865
383
836
681
571
362
544
167
529
931
345
840
894
345
653
321
246
375
167
468
807
990
127
943
339
276
99
887
433
562
65
650
945
901
331
868
615
227
387
496
511
732
337
405
430
342
726
676
717
893
144
876
235
624
819
926
900
271
814
334
833
231
984
130
485
668
351
452
895
738
949
758
823
286
163
253
628
242
281
697
135
426
573
723
402
745
649
302
16
815
988
201
399
325
331
236
345
34
688
592
773
637
351
596
275
514
849
903
756
130
952
244
908
878
319
662
623
320
965
639
136
305
192
887
630
875
123
327
910
811
920
683
449
271
279
724
137
480
980
246
962
284
842
223
162
161
885
137
481
202
776
969
860
320
856
842
196
979
170
106
143
90
141
592
713
772
668
850
252
0
96
566
285
938
141
799
451
27
937
933
581
65
254
441
386
111
284
934
442
454
40
585
896
181
529
609
953
550
459
557
550
908
475
187
846
617
339
298
996
276
583
577
693
837
371
79
300
655
13
743
461
405
680
357
938
210
318
243
760
777
152
662
37
628
202
236
597
541
534
593
817
469
522
510
658
893
942
311
900
307
54
361
713
86
70
3
648
388
247
408
518
399
423
555
379
625
791
976
166
677
921
335
498
444
197
157
689
491
468
590
799
874
303
864
312
726
867
961
114
466
721
984
218
144
540
597
121
683
926
287
713
847
974
211
643
172
720
333
663
540
275
814
766
578
678
79
304
898
40
771
364
761
755
934
258
647
884
379
683
810
19
396
9
993
959
5
517
680
338
533
572
613
347
339
543
378
770
848
628
162
971
992
923
726
279
533
726
163
913
409
325
932
805
686
277
116
691
795
796
381
680
721
346
379
60
890
757
830
90
737
992
61
82
267
787
361
153
513
524
66
274
849
350
431
887
979
548
579
126
344
960
806
65
307
186
477
197
295
659
287
33
3
700
467
623
839
828
776
705
704
194
979
553
544
411
440
523
959
371
650
655
332
808
73
991
346
902
188
994
562
827
379
917
879
846
540
718
674
316
423
378
510
403
283
406
166
75
282
125
447
284
132
131
92
205
122
439
460
662
433
22
841
812
291
720
10
832
438
684
500
862
414
11
617
697
769
783
124
51
260
571
335
392
54
780
950
176
571
762
190
356
136
31
520
427
103
530
259
542
214
760
756
628
123
725
677
892
860
801
296
120
725
983
864
779
115
166
308
686
928
498
42
64
882
562
492
985
92
103
879
658
863
987
638
338
64
315
583
924
469
879
396
194
214
261
973
330
779
633
16
60
484
411
124
366
973
968
703
418
424
935
76
287
274
67
978
339
382
561
615
203
792
12
397
6
625
723
336
756
356
705
816
840
116
293
558
89
613
614
859
37
901
288
677
175
355
655
866
89
216
482
293
360
846
690
366
471
765
55
227
122
760
396
314
876
689
225
317
302
191
177
340
92
817
17
619
172
24
838
613
592
672
906
952
518
949
318
341
714
373
920
188
485
316
855
361
357
432
31
660
623
560
352
67
377
721
38
901
97
876
514
689
548
421
641
418
722
311
111
788
37
384
329
522
700
184
236
410
968
619
422
943
179
774
10
908
847
400
809
944
277
323
633
177
96
626
948
170
937
59
959
326
443
288
849
496
824
437
258
792
56
680
735
235
806
97
143
653
497
304
597
126
979
582
656
76
208
604
246
497
15
557
824
811
197
25
659
21
462
917
165
518
949
252
105
755
349
600
408
199
904
357
325
883
939
333
311
499
937
910
996
305
467
172
116
17
197
127
38
11
44
556
529
993
808
986
748
510
586
508
61
842
865
386
726
156
720
389
655
9
299
3
314
119
528
782
136
725
909
526
89
305
82
618
650
243
957
750
105
543
610
166
738
475
904
816
983
976
205
638
986
857
994
652
976
522
787
464
599
48
990
688
354
425
659
356
20
616
107
125
511
717
291
249
545
195
65
528
524
271
519
510
128
513
514
456
387
301
920
986
702
910
27
56
687
686
764
707
302
223
832
813
293
475
63
838
23
128
718
547
751
589
409
879
454
923
335
841
577
255
180
279
518
207
687
205
893
451
265
547
675
97
360
968
925
775
158
948
256
228
495
7
818
904
887
272
179
574
114
108
182
294
387
700
853
426
257
746
230
522
293
905
972
5
225
897
133
735
845
389
963
692
396
781
596
635
54
127
210
520
236
392
166
623
444
19
402
53
765
632
576
410
889
900
767
466
797
900
201
994
641
516
686
38
298
282
25
704
409
235
224
997
979
390
973
775
409
375
829
526
7
757
288
248
9
407
714
806
660
267
152
301
783
838
691
433
472
717
137
233
304
713
231
636
455
204
763
216
579
592
94
938
701
734
538
710
142
252
868
154
871
20
807
654
210
499
440
682
568
929
916
224
643
147
860
98
703
624
667
634
568
761
572
622
496
110
684
990
714
905
144
585
277
951
591
488
802
383
522
370
313
438
947
956
937
159
406
992
135
73
626
704
835
550
678
683
12
714
673
726
971
817
663
249
768
607
89
923
990
611
645
303
402
592
611
339
752
18
332
887
443
310
943
630
861
973
313
873
688
986
600
659
803
615
260
924
222
349
847
565
961
492
868
363
437
480
54
189
850
738
428
293
49
372
924
910
345
237
783
385
576
735
45
731
703
657
7
925
7
854
842
320
699
63
683
488
895
89
677
745
828
105
390
877
829
666
787
175
256
922
560
832
10
957
563
713
615
571
990
974
777
833
294
828
896
329
316
791
418
345
888
246
803
278
475
632
297
262
807
553
537
720
737
547
29
652
260
996
575
250
970
705
435
264
533
331
593
202
474
364
899
362
610
702
993
86
335
642
700
494
195
589
566
932
136
596
584
748
944
512
999
915
217
786
531
750
118
477
304
592
841
204
307
803
906
652
241
593
294
942
440
841
883
6
773
20
954
709
120
899
221
471
166
438
258
697
541
376
526
197
320
719
753
979
523
12
983
116
605
277
410
45
118
294
404
243
666
358
305
786
257
878
258
775
669
868
473
562
596
351
759
268
71
513
248
946
877
231
62
482
861
473
880
331
119
636
575
785
994
232
923
604
110
533
379
779
401
204
341
997
556
101
266
979
966
866
925
843
449
339
677
662
164
909
994
283
545
921
68
892
153
992
496
263
525
227
43
279
432
384
276
340
837
894
319
155
760
596
350
562
935
28
224
100
289
570
735
187
491
804
79
644
148
927
908
25
506
303
304
290
39
581
630
877
827
301
384
940
897
735
502
185
115
78
637
404
649
372
943
140
528
374
137
676
301
397
54
160
700
358
450
739
291
81
968
119
734
705
59
984
440
913
169
555
991
158
311
992
530
255
485
59
629
622
87
283
19
141
795
71
852
245
162
143
678
483
262
413
188
673
397
628
586
918
535
930
76
846
274
606
453
759
17
435
381
457
70
752
950
865
175
802
110
338
298
789
821
560
554
9
586
951
989
524
869
524
806
297
370
81
903
176
840
273
611
574
82
33
678
32
898
854
187
8
192
485
149
365
397
55
726
983
6
715
508
227
239
666
524
961
747
780
137
940
405
100
866
487
133
544
871
383
750
410
744
294
895
893
659
293
949
385
628
307
452
488
887
691
155
763
653
254
543
142
194
300
595
412
139
80
957
11
464
59
421
208
354
669
101
365
962
402
103
942
62
555
431
301
599
938
64
604
192
960
98
739
260
693
151
400
774
460
763
238
520
184
446
226
853
899
943
167
654
398
462
716
306
245
369
905
183
433
509
375
393
959
466
6
653
618
758
779
78
521
17
950
57
815
176
263
714
472
782
720
870
244
788
176
489
157
81
672
591
942
400
336
902
866
342
907
836
100
686
915
973
55
217
31
870
746
294
936
218
76
657
88
673
445
617
162
603
50
187
546
993
939
882
247
157
577
506
994
29
192
261
3
247
478
34
469
224
680
405
794
108
62
235
781
508
852
296
463
902
483
361
247
774
243
846
931
172
352
277
202
896
890
205
495
369
591
964
945
271
370
92
379
784
327
161
644
179
457
107
433
292
468
681
418
64
527
349
236
232
979
790
480
869
995
976
590
586
292
888
209
14
980
589
799
307
102
443
838
911
903
271
555
723
952
973
787
832
674
376
416
653
518
896
523
514
872
465
452
517
353
14
531
333
955
330
992
57
774
830
320
677
102
227
752
406
200
892
238
874
620
654
880
138
551
755
4
775
220
457
292
926
823
824
259
778
154
252
835
280
82
507
309
536
734
62
943
286
954
533
512
574
188
392
712
91
499
69
218
720
526
511
998
349
687
257
479
193
861
314
474
296
173
135
832
259
549
127
545
855
661
57
429
849
450
494
292
949
563
510
21
441
373
19
142
60
629
621
254
490
287
80
138
812
567
323
71
117
450
616
972
111
673
754
312
475
248
604
777
163
115
150
956
488
170
450
901
151
71
155
993
710
587
132
522
154
455
593
271
257
209
244
369
234
350
681
710
950
286
487
113
753
637
421
593
159
871
494
662
294
1
656
4
588
140
878
95
947
471
366
204
32
962
573
618
312
607
328
262
245
167
727
998
157
500
591
316
371
86
331
17
87
987
373
28
479
251
123
778
74
841
982
458
156
908
77
820
867
405
435
112
573
514
110
730
15
53
398
738
491
729
756
931
68
129
959
899
733
434
677
807
275
12
266
431
272
343
252
139
100
39
603
25
553
65
107
568
118
858
307
610
587
415
541
8
896
852
907
629
286
937
789
561
301
407
345
573
102
949
64
554
988
667
580
541
732
39
462
202
897
769
812
837
536
705
845
432
557
104
414
843
393
555
757
694
314
102
619
416
51
683
970
391
702
902
932
786
942
394
989
839
515
153
676
51
859
873
836
416
978
602
612
723
509
369
418
823
471
37
239
874
73
561
265
775
464
549
914
758
944
903
597
459
56
626
863
267
499
51
36
829
653
648
553
162
17
323
337
840
360
576
714
785
489
331
913
305
880
827
63
824
82
13
636
138
639
851
406
490
902
442
320
907
442
225
421
459
548
758
651
908
686
717
46
527
48
959
833
928
138
248
105
220
261
93
358
252
296
116
743
550
910
415
457
704
640
230
515
188
340
166
448
378
883
846
905
283
805
90
564
943
339
21
515
952
114
226
557
762
694
652
312
605
67
121
309
59
351
825
599
43
343
47
421
579
894
326
862
51
769
778
347
108
799
862
412
265
88
969
27
135
621
339
740
40
460
401
99
163
578
698
206
922
98
627
853
344
306
715
747
75
494
446
535
645
309
947
911
749
269
938
236
890
278
976
931
90
730
382
254
660
433
460
934
883
440
787
579
746
855
326
173
701
773
708
346
434
7
257
535
276
196
772
519
826
100
802
916
182
184
170
843
969
983
777
204
423
917
783
521
772
462
694
473
587
754
819
373
113
429
260
390
977
384
909
803
485
711
71
19
247
594
862
569
577
992
773
352
909
557
873
681
371
919
506
958
25
325
331
138
754
591
528
731
976
789
886
813
852
310
832
452
904
47
21
833
391
146
185
300
55
410
333
426
681
839
384
706
516
67
844
271
11
725
354
987
514
593
152
719
903
984
523
159
383
896
992
774
42
529
426
98
291
759
876
972
598
613
678
467
680
874
738
43
599
444
30
466
389
182
537
292
519
60
803
254
956
795
29
998
676
807
448
319
567
677
291
517
290
321
984
322
548
74
366
147
871
748
965
260
283
502
905
154
562
708
408
870
856
789
221
532
949
669
204
516
698
847
385
988
169
370
663
69
796
381
568
667
481
534
280
764
388
185
270
303
893
31
173
749
172
394
634
121
416
190
989
114
37
375
455
558
97
470
627
893
203
196
913
684
730
193
801
470
378
71
773
623
454
947
725
627
693
359
100
461
549
90
576
938
465
383
497
562
853
124
807
56
672
720
92
754
913
893
225
643
317
998
267
771
297
992
750
343
703
851
804
604
941
732
542
758
115
391
320
320
516
479
728
540
200
821
295
465
66
520
461
383
870
728
507
168
72
257
863
127
460
667
731
401
400
625
159
867
17
831
188
885
663
268
425
863
89
720
680
156
592
141
891
463
221
398
983
645
8
846
772
468
865
855
870
265
833
381
485
850
565
25
87
228
293
512
443
383
585
123
891
177
617
782
992
190
533
975
188
541
173
960
9
39
168
231
656
1
965
141
203
530
166
642
110
460
506
553
195
91
28
438
621
997
572
613
540
105
589
728
998
762
40
360
801
208
943
810
561
908
951
116
790
470
110
252
930
617
805
477
708
186
915
329
535
487
943
75
593
884
155
943
998
196
303
800
756
247
610
670
507
913
138
298
383
249
902
665
866
708
142
926
246
409
608
133
897
903
561
842
787
716
785
785
912
441
937
21
40
899
691
547
165
829
197
548
430
100
214
296
160
708
575
758
118
183
891
367
86
804
209
225
521
346
362
433
787
300
806
179
551
497
727
716
679
276
265
109
728
831
758
240
891
333
998
361
868
242
728
954
46
937
179
919
284
541
353
423
193
511
603
745
9
682
813
40
958
430
501
39
613
259
279
505
944
630
866
812
872
595
118
270
884
649
190
520
543
895
296
736
406
899
833
767
581
647
807
891
77
309
282
691
920
562
548
217
192
766
29
416
713
500
38
598
149
580
470
692
827
766
781
234
665
614
353
598
613
513
842
43
174
476
86
94
38
634
311
582
400
693
350
466
193
741
64
694
321
886
387
149
653
168
735
670
134
88
621
100
601
815
143
127
291
229
222
682
215
885
264
967
578
967
433
123
708
849
818
381
736
557
530
741
725
617
411
211
58
384
311
11
199
806
139
491
387
361
173
602
598
789
922
177
756
707
652
816
557
822
198
645
379
728
386
456
698
149
668
756
534
331
767
733
138
906
576
525
267
101
480
866
891
754
395
999
461
399
816
370
222
14
15
601
94
753
58
792
903
78
900
789
409
668
874
899
574
451
777
842
904
257
60
795
363
807
147
824
206
315
547
428
681
914
382
775
668
440
920
923
870
820
64
279
488
938
531
415
741
308
609
646
917
669
793
280
828
940
456
34
255
355
815
936
270
549
64
290
341
336
565
211
508
629
842
997
919
373
764
661
33
373
307
950
42
452
582
222
393
391
608
648
746
775
937
16
324
1
658
665
689
223
876
197
204
71
546
476
796
310
137
830
683
796
780
77
248
715
299
993
106
908
994
204
683
931
573
360
284
231
25
325
807
254
522
363
325
69
839
121
379
328
303
415
476
436
492
77
151
144
70
609
404
64
813
439
347
386
799
983
618
177
308
777
431
831
140
108
252
980
581
983
660
885
398
137
321
243
214
472
387
636
81
143
701
894
582
400
633
734
736
251
911
44
28
342
227
520
802
831
852
383
815
513
268
565
650
589
808
864
61
547
500
494
690
553
741
625
306
374
359
42
977
270
438
357
964
18
877
766
201
730
149
16
243
770
934
245
359
742
109
773
642
961
267
332
867
8
957
525
734
668
919
711
290
709
68
254
727
298
372
929
380
874
297
623
644
231
868
355
326
329
128
968
642
748
652
861
108
962
386
843
630
305
906
921
15
327
527
94
625
900
375
5
126
25
980
122
608
200
477
934
881
606
902
523
706
555
737
814
517
123
657
499
781
564
420
148
243
300
242
868
552
970
225
678
995
205
800
603
757
629
538
638
235
792
513
941
699
250
108
568
374
765
68
507
681
840
655
924
492
897
144
44
219
721
722
214
278
874
818
35
504
708
673
91
852
187
385
904
789
493
472
515
610
892
22
644
85
677
920
577
927
65
622
146
138
696
713
417
923
883
452
427
943
478
870
795
17
255
699
806
100
524
322
711
416
696
707
853
726
627
431
653
44
405
151
183
453
216
600
376
99
404
155
42
234
26
190
603
633
889
762
734
765
436
797
182
132
504
35
858
131
818
863
176
575
367
359
29
583
311
405
35
67
913
429
302
939
619
905
572
861
667
658
626
455
455
160
588
959
548
798
443
718
662
971
294
381
330
675
316
993
80
351
60
345
133
714
284
752
972
209
965
991
867
944
447
323
456
387
634
4
185
429
75
199
400
369
580
82
44
897
75
476
600
488
822
733
554
458
838
526
667
155
870
535
99
669
210
556
56
844
912
241
626
987
441
26
708
21
109
752
270
536
581
871
376
755
956
931
213
146
809
881
302
31
416
753
700
978
661
756
822
926
998
800
265
439
827
974
812
288
78
435
824
11
658
553
766
614
484
980
113
645
213
767
677
981
520
377
959
534
134
133
460
484
934
725
275
761
51
87
401
130
522
225
141
180
778
260
147
614
240
260
612
805
27
289
786
899
18
97
785
504
230
597
340
516
675
615
629
726
55
30
208
929
608
350
462
738
610
609
353
202
221
317
359
600
958
145
851
976
594
637
833
824
234
173
693
909
789
322
988
196
353
196
125
313
898
587
51
508
548
756
62
121
73
421
73
31
918
925
360
512
914
545
689
500
70
734
762
211
56
750
407
761
298
533
74
197
472
126
57
21
882
472
494
308
893
568
691
164
845
403
28
111
948
69
611
19
803
725
230
212
827
638
973
126
523
400
323
995
878
732
368
112
204
215
420
450
783
112
966
980
867
994
91
816
64
54
187
219
780
417
431
607
407
757
733
282
509
408
630
387
493
350
499
697
565
272
147
700
736
113
680
603
460
123
771
876
178
958
95
958
728
879
917
135
988
3
770
497
763
400
236
256
750
735
954
668
7
453
368
95
919
401
699
379
524
470
607
54
429
54
12
157
933
282
644
273
285
766
122
48
166
358
305
269
94
611
937
453
416
657
901
335
58
600
66
935
422
673
989
203
728
354
712
13
636
709
287
273
475
409
321
642
768
978
263
214
941
200
19
358
209
920
693
268
872
760
203
295
433
544
850
513
898
563
527
534
272
814
807
747
575
481
741
695
811
4
909
753
556
281
111
766
553
156
386
778
268
589
425
54
133
275
567
384
838
94
918
110
260
78
210
836
559
951
531
370
956
793
475
512
426
938
630
979
95
16
109
715
957
534
769
443
162
689
827
0
783
745
463
44
823
673
880
734
976
411
457
932
556
932
797
982
871
427
314
318
444
423
33
401
310
155
844
472
844
671
824
627
769
639
23
944
664
903
31
641
667
488
925
575
420
722
558
291
502
872
609
298
647
643
51
957
798
896
781
642
919
606
621
40
597
645
337
262
900
368
255
919
856
180
495
276
255
405
568
109
277
529
407
924
524
458
234
674
706
15
316
978
621
290
370
219
287
707
833
539
75
88
459
283
620
306
560
875
711
480
336
340
9
743
616
886
554
850
560
612
866
229
590
839
519
961
410
806
20
243
345
448
683
156
731
304
814
291
531
877
123
868
217
485
963
834
371
517
684
931
130
902
160
72
742
31
385
152
189
406
748
887
854
431
395
585
735
210
229
619
87
352
839
657
189
802
491
560
672
527
844
154
430
356
226
524
388
612
676
929
370
424
816
224
208
212
161
295
774
742
914
213
447
753
870
636
908
713
549
580
241
393
86
23
101
312
899
489
276
575
771
998
352
587
574
912
151
736
207
277
478
122
491
277
227
361
914
487
75
463
67
668
208
153
691
309
818
590
799
446
517
922
445
221
509
19
133
13
107
341
290
938
815
781
215
394
143
129
882
570
944
301
238
152
807
281
462
977
223
613
423
740
535
220
314
396
240
799
409
347
492
52
637
659
833
853
54
328
334
288
898
279
589
488
431
748
769
893
725
992
506
501
85
393
721
399
790
313
550
199
13
43
603
650
702
437
855
108
117
190
396
368
469
338
856
252
438
978
498
164
970
356
17
55
750
90
806
540
404
357
739
417
400
343
419
454
132
275
563
601
817
311
321
638
649
530
890
88
508
388
604
478
745
973
886
847
63
692
387
467
401
478
236
153
173
8
608
305
283
523
259
452
834
580
90
484
462
332
924
970
73
528
449
170
853
687
17
916
379
404
736
133
882
972
286
56
980
894
713
615
769
324
419
604
905
509
88
367
842
364
690
915
244
491
437
97
178
454
13
909
858
749
42
740
74
681
148
406
575
862
374
345
186
793
301
443
303
741
163
497
105
853
764
349
696
201
446
874
655
459
783
865
561
178
957
635
859
106
41
786
320
415
483
858
561
784
302
864
525
817
713
630
22
477
331
718
30
777
592
37
589
727
902
502
905
859
137
116
317
530
903
637
298
738
496
859
523
150
75
400
967
788
383
989
617
714
707
647
844
651
36
433
378
938
287
636
149
776
752
467
306
7
456
956
746
304
167
621
454
242
21
421
382
404
762
351
119
821
998
963
472
34
748
203
324
35
191
474
811
295
293
469
303
101
778
401
406
945
22
860
540
395
634
274
800
396
626
271
570
976
586
42
363
334
597
687
721
788
513
884
84
158
353
739
260
483
492
666
429
866
878
321
261
512
595
413
261
221
684
831
550
270
225
913
956
175
952
29
963
818
913
399
976
619
490
588
102
334
606
531
200
485
204
462
349
800
875
610
373
912
793
923
534
371
188
843
546
141
872
861
959
786
613
287
757
103
876
859
438
482
743
990
319
947
452
21
99
680
631
825
944
777
100
478
148
289
321
46
430
546
907
741
684
520
28
441
976
256
652
766
739
395
756
410
695
561
431
794
241
415
971
185
544
72
15
44
361
689
90
143
235
997
884
271
870
912
712
846
169
364
612
260
112
368
22
807
281
454
953
522
221
925
59
765
997
427
809
358
116
899
501
703
248
737
974
118
649
686
316
170
402
928
430
514
649
805
321
282
259
275
805
832
552
216
949
549
643
758
259
111
9
112
814
609
849
140
728
850
826
396
21
581
677
803
95
678
608
769
960
219
396
765
51
948
334
0
849
329
110
460
441
471
924
607
81
125
748
161
975
926
557
348
507
234
504
955
264
112
76
225
684
472
342
87
772
676
440
973
6
550
785
799
374
709
406
455
834
154
968
161
81
525
862
940
112
366
895
376
830
971
601
514
795
944
954
919
972
394
892
330
296
677
129
670
738
536
477
924
42
445
86
475
971
948
416
435
666
663
811
496
987
765
363
782
61
317
54
385
711
298
716
7
976
845
30
66
733
507
991
776
953
429
603
276
377
19
711
43
683
874
891
22
639
254
156
52
571
210
438
282
509
154
642
837
351
672
903
437
179
246
565
484
675
168
760
404
188
471
447
223
346
691
245
337
945
753
742
517
964
180
151
473
686
793
662
389
817
917
826
997
164
391
481
839
560
594
244
100
65
43
675
763
734
272
453
680
25
195
549
989
727
52
814
413
846
476
802
15
746
981
364
910
724
198
749
636
792
345
736
857
741
763
973
475
35
426
507
61
973
408
50
700
461
217
113
659
45
267
674
791
600
39
701
325
237
803
961
29
500
50
238
241
813
563
717
849
989
576
262
962
985
312
662
446
881
127
105
927
747
779
70
347
170
772
24
407
927
986
788
427
388
379
669
201
942
386
402
284
314
664
246
299
329
261
97
562
740
554
489
487
686
560
187
856
684
211
616
611
549
404
390
937
783
59
491
78
797
245
362
112
910
608
763
591
221
861
153
314
415
995
153
101
907
340
310
591
904
926
554
453
682
944
743
466
4
586
544
153
831
258
265
93
866
381
684
440
242
190
754
9
185
907
463
92
600
773
683
504
51
589
309
733
533
404
199
889
990
95
43
822
353
660
267
572
41
952
364
635
142
470
645
327
729
460
771
329
585
806
185
636
395
847
369
928
251
921
170
594
368
565
768
74
225
35
646
619
339
362
254
481
832
251
160
561
711
931
243
648
89
780
284
484
627
654
765
231
575
935
825
943
852
593
369
77
980
15
48
320
729
303
153
913
906
314
827
970
597
70
618
687
850
903
523
830
557
288
61
484
575
238
779
427
831
149
857
163
516
905
483
246
208
637
511
115
303
338
437
252
408
55
291
611
958
815
793
867
455
854
351
31
92
483
810
275
632
667
438
500
573
274
98
133
911
610
600
566
948
37
818
709
93
462
672
51
629
465
271
84
671
974
467
763
457
278
390
441
945
180
942
518
454
40
652
365
2
252
283
951
290
102
12
735
916
684
138
545
149
409
629
172
736
97
935
193
727
677
987
672
857
281
543
312
673
547
29
676
799
313
627
441
767
991
528
683
675
667
580
176
428
209
348
164
658
635
358
385
312
697
410
521
978
305
185
651
852
567
327
3
232
306
445
999
297
973
34
324
992
614
500
421
175
200
585
186
835
295
923
499
992
333
373
970
638
558
622
490
477
301
846
709
960
291
708
257
616
94
934
961
708
786
382
236
987
967
422
174
263
345
26
607
31
399
578
21
309
552
864
787
205
710
496
165
353
557
775
969
651
709
282
712
495
664
948
834
984
722
9
599
419
35
206
450
786
136
824
95
40
688
234
246
398
731
763
103
288
538
424
291
599
707
355
447
371
655
281
355
377
642
954
149
677
513
599
815
649
775
911
690
463
145
288
213
228
51
316
868
942
741
160
893
800
867
340
171
523
974
879
900
616
185
49
646
698
1
461
348
128
724
390
592
222
678
157
450
81
826
671
375
919
183
269
719
50
961
242
573
935
121
826
552
307
227
550
5
580
11
705
709
88
447
653
310
477
810
112
559
988
783
286
907
966
555
626
369
517
221
942
804
342
768
356
649
996
258
7
928
270
64
637
358
512
290
20
989
101
132
900
89
268
187
349
586
94
327
955
963
548
898
768
243
18
476
244
366
735
251
295
5
668
932
715
180
575
87
521
676
571
774
117
839
961
818
778
407
146
733
371
46
983
139
289
354
615
534
720
350
137
367
707
805
652
774
337
227
861
211
255
785
985
724
976
946
543
754
353
41
488
76
439
823
215
81
177
183
615
250
533
104
969
593
262
621
367
951
848
581
162
455
366
147
180
342
445
75
97
151
468
937
227
259
112
795
340
290
978
307
892
511
764
861
104
26
483
824
977
683
405
492
491
123
639
23
465
85
450
914
588
270
203
815
529
316
610
222
958
588
529
202
452
293
63
908
671
898
732
1
934
489
493
425
612
132
448
430
569
898
344
157
520
900
325
49
568
287
271
526
228
153
728
680
798
143
588
822
42
673
823
976
162
316
753
775
800
553
557
722
803
901
231
323
153
908
372
721
196
996
599
424
501
679
456
299
823
44
473
217
717
296
193
232
964
298
359
765
851
916
839
654
169
70
977
323
979
701
396
527
697
996
951
198
675
407
850
850
803
323
67
873
972
612
457
936
910
816
53
761
732
892
767
901
315
744
576
646
446
973
173
495
321
476
694
996
235
896
847
390
219
266
263
543
879
720
480
789
888
533
903
620
778
670
874
445
415
802
91
213
775
616
708
448
92
754
797
679
650
996
69
222
262
333
765
141
405
245
283
294
131
186
266
261
208
140
706
975
943
149
188
70
765
897
871
857
3
668
888
654
664
957
228
926
290
993
420
48
591
703
342
74
241
608
335
449
101
41
777
396
190
965
818
307
214
689
516
218
709
404
224
373
361
452
652
4
445
424
52
388
127
746
462
720
706
797
521
807
190
298
555
380
616
726
39
830
767
555
400
477
959
624
202
321
76
854
325
874
278
729
262
757
475
725
829
181
874
351
341
65
1
896
797
617
974
837
800
742
392
200
219
352
177
421
25
253
628
350
479
258
79
742
16
906
819
845
87
693
548
428
758
550
677
556
167
651
745
967
393
137
520
964
489
697
738
866
950
366
216
782
624
647
876
992
553
695
190
993
740
738
773
851
640
450
759
808
454
504
127
199
641
647
164
483
344
902
349
647
620
918
429
596
917
657
589
823
352
131
816
444
221
589
295
862
392
406
22
846
910
149
45
904
149
561
739
493
815
440
492
435
710
921
32
628
930
973
451
282
456
619
79
677
560
726
891
952
133
913
150
43
415
548
299
564
109
38
409
925
479
902
712
189
175
744
169
106
69
972
740
525
943
819
203
504
546
94
456
31
360
607
74
775
155
726
691
616
764
100
893
595
354
606
137
530
702
658
988
772
631
728
297
574
900
852
78
798
299
887
829
11
846
255
786
353
981
829
969
746
929
215
693
284
821
830
166
523
489
154
647
472
234
297
46
134
501
477
932
152
716
113
163
562
369
301
915
350
130
236
448
412
451
494
696
624
324
214
148
165
720
147
637
954
444
36
441
298
865
373
450
581
839
614
143
208
915
410
910
46
646
711
810
450
205
858
74
881
72
574
399
792
722
388
746
518
776
187
816
641
913
267
222
104
233
717
664
148
127
926
546
126
637
356
576
194
214
650
428
638
225
179
430
299
567
529
817
344
68
986
985
333
253
560
437
486
629
453
986
109
380
885
235
369
241
163
916
808
165
344
446
742
875
229
41
442
110
211
138
178
197
476
864
450
36
653
288
17
107
626
126
487
511
713
856
105
876
772
265
42
468
711
784
343
940
178
138
402
389
276
581
586
752
797
388
140
450
28
158
557
654
284
396
518
998
605
623
226
729
888
620
550
951
757
893
244
935
383
646
324
660
579
262
764
376
650
905
827
678
63
736
684
699
485
202
49
90
825
276
819
65
248
721
17
5
615
261
940
350
259
616
10
839
878
775
215
880
32
42
910
447
131
595
146
616
797
548
706
975
176
877
40
424
599
409
430
566
22
722
916
282
691
279
121
921
406
688
802
790
731
64
237
214
659
735
830
457
283
888
784
811
117
824
236
68
586
18
634
608
740
903
242
783
534
363
705
292
52
859
82
135
923
319
701
583
54
531
392
690
771
176
501
888
352
89
309
938
107
295
547
200
198
789
983
84
505
40
376
909
899
458
396
175
777
97
758
184
980
502
226
751
678
727
991
30
817
300
321
276
596
220
476
146
361
812
231
866
852
959
127
104
418
523
279
547
620
389
83
600
243
309
351
921
37
695
303
206
995
976
482
943
196
311
442
558
475
673
776
327
632
904
783
402
427
414
950
48
803
385
648
398
695
352
671
84
47
975
642
394
303
476
690
500
787
132
410
262
157
186
942
789
90
77
544
518
492
846
566
647
231
566
46
926
270
717
362
669
44
4
416
348
481
106
200
620
238
610
235
395
796
529
536
887
606
80
405
98
278
323
98
510
241
144
788
512
861
503
533
258
507
949
606
340
55
806
313
293
416
548
40
564
429
577
451
35
9
208
486
288
883
584
150
125
728
290
989
941
145
522
199
653
472
805
345
879
963
658
525
731
558
565
296
987
142
99
375
504
308
861
144
543
445
646
668
173
288
9
466
434
884
666
439
356
823
784
587
787
795
112
870
705
678
166
45
172
618
420
676
278
281
172
821
78
818
842
603
107
851
69
893
735
735
332
443
911
116
31
698
263
143
568
321
821
87
366
994
705
786
22
983
419
547
156
849
717
998
452
824
850
521
69
585
609
401
381
872
870
412
570
133
555
490
806
729
929
172
75
986
310
97
321
81
996
478
930
714
476
734
890
678
608
960
616
217
361
997
89
231
409
11
717
316
853
523
45
135
48
120
121
358
570
443
792
566
273
74
632
749
809
523
428
417
483
44
986
844
393
427
428
802
438
145
470
643
20
516
778
68
988
900
779
910
695
571
477
320
645
109
69
454
984
849
871
467
245
209
312
638
636
740
792
74
237
263
70
257
131
848
326
119
100
457
30
147
28
859
467
25
320
889
832
305
90
55
772
336
265
436
326
901
528
471
328
765
86
398
23
217
598
701
688
699
158
70
846
538
929
666
915
602
555
747
907
645
803
31
333
420
468
12
673
348
483
1
114
921
399
489
138
350
190
178
49
700
249
247
238
530
265
505
132
820
253
39
818
408
423
151
180
243
515
853
591
998
855
705
271
606
194
761
956
736
940
357
788
189
957
378
719
222
884
204
43
137
243
213
897
18
364
77
261
880
930
853
230
785
910
854
744
457
615
700
193
555
410
334
96
367
712
168
589
596
372
984
85
967
197
982
986
914
59
247
146
990
452
728
127
363
582
871
820
198
924
365
105
334
699
554
701
412
722
642
360
94
979
446
413
528
428
399
794
488
999
940
830
803
21
309
166
955
181
338
153
457
56
611
791
755
165
844
519
887
838
232
333
817
678
746
346
106
498
492
946
849
785
128
652
806
438
171
761
971
509
267
428
565
878
219
673
395
415
544
634
253
776
967
71
454
65
769
913
915
261
211
764
46
340
417
204
130
940
966
101
449
585
529
367
815
100
392
210
515
288
844
768
65
163
191
871
580
312
136
496
926
348
260
972
40
29
529
170
969
495
271
771
432
800
490
247
252
234
809
767
522
5
887
939
168
431
163
100
743
299
596
669
999
209
994
39
590
523
209
912
370
480
35
154
632
525
401
236
759
210
355
281
215
243
573
735
26
736
835
769
35
784
791
35
993
137
426
583
660
636
847
382
468
882
536
453
407
289
689
518
499
45
152
66
640
725
153
666
461
988
787
848
772
578
235
117
715
662
53
727
298
900
109
118
783
997
571
542
286
613
61
785
658
565
203
650
290
356
316
103
697
103
303
821
682
539
939
749
201
992
477
851
244
938
321
27
936
893
922
222
506
335
360
516
900
915
166
542
272
834
997
321
937
300
142
971
839
81
721
392
73
550
595
318
488
917
697
776
162
971
999
20
306
711
536
558
626
54
100
250
888
97
571
177
750
714
149
941
795
222
334
221
124
281
891
612
198
940
741
712
912
740
732
218
451
620
777
429
674
229
680
914
679
251
92
429
965
593
370
113
167
56
334
291
690
225
255
888
165
996
953
77
88
685
648
891
306
777
321
332
358
1
599
37
604
43
818
570
636
541
683
155
949
369
446
639
594
53
880
111
50
833
541
138
870
541
30
528
318
703
861
676
56
812
66
660
855
236
230
843
777
265
998
79
634
796
718
580
849
598
44
251
783
937
390
654
478
772
182
148
827
395
176
883
559
242
543
414
831
126
609
960
743
959
39
730
755
758
662
957
708
706
208
844
995
950
498
473
74
32
621
901
780
798
136
691
392
680
458
223
158
67
184
253
27
575
983
134
333
646
91
394
704
300
238
700
250
88
525
677
472
147
578
604
297
715
296
41
747
106
617
257
173
801
510
552
376
494
687
62
492
778
808
548
430
46
248
33
486
774
710
310
273
288
915
922
355
563
963
454
669
932
711
194
733
222
747
462
68
786
876
560
564
684
108
347
82
709
380
568
835
90
878
460
730
145
382
86
60
697
540
729
630
252
276
715
826
23
529
894
809
757
454
725
441
562
424
875
623
804
795
458
894
674
918
625
171
300
63
232
350
603
313
332
207
589
47
33
612
929
927
773
686
733
851
480
648
275
355
271
80
151
730
326
177
648
951
348
301
366
580
3
970
894
335
529
835
734
563
448
663
842
573
702
576
424
182
224
52
537
847
484
40
929
810
217
578
114
918
231
480
498
586
802
744
921
332
580
7
247
380
671
89
305
725
17
82
907
593
134
796
441
618
837
370
780
54
300
246
324
883
727
823
469
881
919
742
213
851
750
460
583
773
902
889
498
919
323
757
513
457
553
954
427
742
676
559
149
977
806
473
860
533
648
682
766
920
424
980
123
174
792
707
947
694
948
797
614
271
554
127
80
108
433
507
850
109
418
999
86
224
473
299
109
121
981
876
41
405
856
165
580
0
224
879
695
524
677
309
795
231
788
227
691
221
86
894
330
504
893
769
729
718
68
838
192
49
66
585
454
274
102
386
275
326
618
970
850
647
631
997
230
419
224
922
640
662
816
322
167
61
91
896
132
159
86
324
208
153
909
15
427
12
753
54
690
723
24
893
370
655
890
601
426
467
875
66
129
691
741
648
104
832
896
236
992
983
560
552
488
822
919
267
186
25
322
876
748
346
769
471
354
12
424
780
831
299
199
312
990
940
961
446
124
857
683
468
840
243
373
680
417
292
948
603
669
270
480
770
968
601
593
322
613
17
455
444
316
6
757
658
946
718
104
422
927
787
891
768
383
264
800
800
908
748
404
930
370
236
700
339
837
293
13
803
310
468
247
978
474
356
636
772
74
740
547
2
528
438
122
911
54
274
63
962
23
467
892
393
55
944
84
893
589
98
696
251
918
295
229
745
652
865
869
78
606
416
432
486
854
906
397
908
181
460
223
556
280
467
301
687
764
386
932
353
836
628
957
754
276
186
499
280
404
369
358
362
137
143
848
992
49
597
252
582
409
475
138
41
295
792
729
59
178
661
764
14
642
721
120
918
260
972
198
664
693
908
378
830
51
226
174
453
823
427
387
584
254
878
626
549
670
355
960
848
16
725
214
658
798
686
928
410
10
478
74
703
387
804
886
790
30
60
595
205
839
983
790
94
861
768
995
531
123
308
731
491
385
297
502
535
335
430
946
346
261
372
401
0
177
287
790
207
700
738
765
539
721
907
985
934
675
333
817
150
641
900
641
378
197
495
913
532
278
859
230
539
232
632
539
409
919
681
968
971
419
733
511
140
640
848
426
667
181
243
817
174
143
811
904
692
306
818
577
584
29
807
475
261
439
14
22
711
696
991
34
115
76
545
608
717
746
34
736
279
630
554
806
125
365
710
818
671
880
395
608
910
554
83
523
346
450
898
57
146
241
91
613
317
989
573
386
87
960
123
366
590
677
172
715
42
235
885
65
115
632
673
25
187
109
901
533
559
799
942
57
40
385
670
357
726
596
96
813
556
219
180
498
248
704
565
642
939
451
707
55
435
733
432
622
194
333
507
753
484
801
810
524
187
832
234
265
428
682
79
336
901
611
834
149
315
400
791
607
203
850
14
638
935
446
613
129
132
472
234
616
274
44
493
461
877
79
726
657
761
157
994
14
768
828
515
436
580
658
395
135
508
409
126
796
207
739
925
339
211
160
308
485
556
153
298
785
584
377
795
697
534
789
711
655
969
226
443
902
884
838
37
744
599
163
892
806
254
170
498
818
682
158
655
238
311
954
376
247
683
171
944
569
960
655
576
281
233
19
535
469
209
573
565
160
88
458
967
695
628
817
513
310
975
168
900
638
474
276
885
509
447
181
79
759
188
655
393
421
27
928
242
588
853
807
749
942
265
68
989
245
885
502
555
212
22
808
850
849
84
87
358
884
268
437
995
456
445
388
229
472
317
471
412
522
278
161
816
896
229
805
493
466
307
401
678
682
209
880
531
293
967
889
529
587
679
525
43
476
913
272
948
582
95
712
457
726
874
273
974
455
79
467
274
738
868
952
420
77
833
303
723
152
545
252
740
576
129
135
52
395
408
352
329
855
64
786
581
938
60
555
746
139
23
20
229
243
972
2
321
157
657
396
662
202
0
402
778
130
889
830
525
649
182
206
505
247
993
86
537
405
994
283
896
369
655
125
612
980
127
285
137
785
681
151
339
34
905
470
164
795
300
41
444
835
599
301
434
592
388
323
997
734
607
893
103
614
371
715
594
850
353
84
987
386
235
327
420
141
797
936
288
449
329
732
284
929
386
70
521
774
394
871
860
353
116
963
967
487
30
562
338
383
646
325
770
233
4
542
374
801
479
14
251
808
99
887
89
485
310
963
611
704
834
471
57
302
786
24
790
816
938
480
552
584
157
674
818
162
216
544
315
47
559
566
208
10
806
297
495
116
260
106
172
446
577
229
749
715
605
539
531
896
371
435
832
528
109
650
42
678
547
358
725
458
276
933
468
82
583
315
550
843
421
722
290
350
303
39
65
261
930
948
157
301
384
989
181
845
992
224
523
891
934
601
349
210
886
169
645
469
484
547
665
257
270
955
959
925
994
24
186
276
972
695
929
708
685
462
554
677
38
429
568
972
382
269
183
621
790
180
442
626
727
107
883
349
62
842
275
408
218
813
684
542
509
965
251
194
428
157
223
466
938
143
439
673
764
974
294
554
154
736
532
881
844
415
583
906
609
858
667
179
23
351
721
532
317
324
78
97
481
653
563
772
148
2
445
912
976
91
818
482
827
350
716
23
117
299
282
78
509
949
257
532
652
979
417
321
303
847
418
137
853
982
909
1
336
354
266
665
445
84
147
624
787
863
648
904
162
930
983
23
231
240
556
883
571
325
205
875
524
975
12
377
957
273
379
294
979
645
311
776
81
458
400
868
674
400
773
188
682
108
212
913
700
120
797
272
797
354
147
321
329
511
699
287
784
78
933
115
75
596
891
156
54
291
377
80
44
502
269
726
610
833
640
310
305
437
934
102
143
433
423
472
944
122
111
80
552
44
195
979
640
438
136
47
730
865
127
126
367
748
852
977
933
492
639
238
281
574
340
776
359
764
249
304
886
360
736
791
757
284
770
749
722
258
796
804
123
276
930
490
376
135
819
310
979
811
548
613
385
241
389
744
5
638
400
243
351
489
34
108
125
157
857
199
415
6
4
539
282
286
381
10
773
201
320
753
12
221
366
749
462
107
845
819
746
598
62
449
439
449
557
564
606
414
763
21
420
119
912
54
758
294
417
531
847
89
284
211
310
2
960
124
110
157
295
208
755
358
657
194
159
214
110
117
980
874
490
753
345
403
159
103
49
576
635
248
666
271
459
328
274
771
805
736
928
100
944
36
810
953
582
969
519
693
86
499
919
577
604
264
332
764
368
381
692
355
981
710
626
440
39
252
563
844
988
491
944
284
879
107
237
462
76
108
155
515
960
74
92
564
690
776
680
410
509
725
765
490
435
744
930
474
996
493
670
337
336
967
973
216
74
211
30
502
671
185
17
631
611
461
196
653
237
228
64
746
953
181
236
389
925
518
215
274
363
238
611
52
205
584
268
631
147
298
485
819
835
503
450
798
964
998
451
554
227
867
300
180
49
889
921
326
407
137
600
123
375
563
175
932
500
795
915
647
445
400
818
632
255
621
430
572
971
233
126
198
101
778
731
502
667
652
828
427
141
781
902
868
344
77
152
844
224
419
844
669
820
14
301
427
987
83
999
959
668
125
509
769
256
240
623
275
245
804
54
738
585
956
607
929
33
759
126
257
179
322
278
351
336
579
778
676
14
130
635
683
607
144
804
863
737
428
139
334
584
193
72
169
502
679
450
887
791
928
497
322
250
775
25
939
707
155
615
721
285
602
756
245
98
561
108
187
341
599
521
925
145
594
94
999
625
896
886
768
825
383
442
75
159
819
366
218
975
981
291
612
935
48
857
34
609
318
221
302
269
95
227
766
41
673
765
666
569
4
787
746
387
581
822
898
401
188
116
728
522
408
692
457
456
902
843
417
572
65
71
841
512
650
960
553
323
77
571
244
81
358
991
469
292
165
719
693
353
836
773
227
596
465
685
404
367
528
173
939
945
244
133
457
894
93
10
569
522
582
813
604
292
156
425
584
321
144
629
27
332
402
254
928
220
291
684
587
172
857
527
117
101
12
927
347
105
289
916
979
223
82
583
516
238
360
452
560
857
434
939
189
188
545
470
408
837
154
348
9
364
227
478
817
239
757
165
696
47
81
675
270
163
611
138
754
971
943
666
180
729
605
722
917
150
192
678
339
698
26
348
62
605
179
880
844
936
45
892
335
478
567
958
994
530
96
100
854
391
766
34
472
723
756
742
873
300
420
213
999
798
913
413
755
444
645
599
733
42
843
68
521
410
26
867
293
475
967
147
218
733
533
691
456
642
433
681
942
205
246
293
355
512
707
110
956
352
709
41
395
904
110
268
314
488
135
959
315
454
458
886
539
992
577
347
634
362
28
928
567
627
222
922
139
281
384
447
633
445
841
380
349
951
648
15
791
135
975
459
941
433
345
480
777
922
827
763
636
208
692
555
835
266
829
326
547
213
125
532
658
966
265
7
269
265
22
413
401
349
872
342
783
217
175
912
491
2
28
127
210
72
682
397
338
511
75
237
76
201
121
734
519
386
741
789
652
115
554
405
465
426
747
600
643
922
864
134
277
892
613
487
964
647
237
302
510
312
891
586
865
13
320
385
399
413
526
51
880
80
456
345
858
556
297
501
830
162
987
107
54
952
947
19
599
184
673
109
848
917
695
714
930
367
451
681
132
329
733
12
761
541
358
619
449
7
472
280
169
459
739
576
411
686
595
362
222
620
471
71
537
518
137
819
237
588
501
369
269
586
381
30
127
91
649
577
99
121
209
620
932
948
196
695
987
143
57
561
764
880
632
653
750
121
473
987
61
326
356
330
912
89
360
39
181
9
968
632
482
529
252
414
830
801
109
817
944
518
730
60
750
363
66
500
836
891
839
898
217
547
228
129
637
589
520
170
950
841
154
785
370
406
199
552
559
661
369
504
531
100
916
282
815
982
134
3
873
974
901
90
521
482
571
510
423
92
680
373
285
834
510
655
593
62
208
152
75
929
8
606
381
925
240
548
259
727
552
133
701
805
575
574
287
147
437
710
591
469
436
876
656
946
883
249
8
443
753
83
725
114
42
458
391
634
7
650
361
911
135
62
716
711
989
356
210
426
66
153
895
502
381
551
801
616
152
809
60
258
245
137
372
639
595
763
273
954
765
635
217
901
49
286
964
38
642
174
816
708
679
64
563
60
967
364
676
120
525
88
730
122
225
102
761
173
217
387
127
334
22
697
235
71
983
199
462
625
725
630
685
404
694
248
816
662
964
493
134
842
581
864
964
159
318
78
332
887
465
811
221
487
860
809
910
843
360
724
820
86
707
506
842
401
106
11
415
423
504
901
265
437
765
229
948
435
659
632
322
124
796
544
963
656
353
226
500
65
302
672
151
9
178
346
763
637
357
530
60
213
432
325
2
549
906
303
985
918
935
307
42
731
203
358
740
908
584
592
974
238
264
477
600
443
823
363
432
532
245
492
97
677
169
452
579
427
755
564
345
42
223
388
126
427
98
866
335
34
458
309
272
722
139
872
517
314
587
949
199
833
441
296
862
610
100
441
390
207
357
735
250
933
475
376
360
573
242
47
607
700
709
232
774
848
104
292
162
44
241
361
229
35
10
91
997
110
885
387
670
594
123
920
527
598
648
239
172
890
287
131
942
996
363
716
196
820
8
358
864
602
72
93
637
82
536
634
544
773
22
566
368
497
486
247
95
134
487
619
376
774
751
318
122
466
387
318
286
747
28
502
349
100
595
986
534
484
973
431
257
347
997
977
844
836
225
939
970
712
911
699
486
14
17
960
480
756
278
119
504
658
621
205
111
569
544
997
53
517
780
662
864
778
640
708
966
865
999
288
577
910
987
415
276
357
375
757
113
5
876
617
663
849
823
126
418
719
124
823
236
904
486
452
34
126
512
0
343
511
289
920
774
276
687
50
985
62
159
99
67
387
68
82
237
243
209
7
962
685
183
198
589
21
2
624
499
514
976
842
26
265
762
152
894
449
554
879
863
714
978
282
101
399
716
690
642
925
50
957
610
233
507
552
254
510
528
753
24
504
595
402
770
709
554
16
510
109
895
725
175
226
7
276
625
723
319
619
1
369
576
963
602
84
515
208
594
43
961
970
548
908
373
670
617
927
686
479
388
933
204
563
511
563
192
136
638
511
108
639
880
36
603
834
120
470
394
66
866
355
37
766
615
762
788
232
689
474
63
430
759
619
993
271
182
537
759
820
48
867
812
280
256
767
466
376
589
860
795
455
567
184
573
182
946
361
766
987
187
829
417
947
448
763
218
982
300
977
155
701
197
967
981
453
734
448
181
323
660
328
131
228
512
704
410
810
66
177
798
605
358
567
552
159
330
770
141
983
100
648
684
649
615
17
454
701
465
987
377
478
668
860
706
532
916
468
343
334
645
493
940
4
60
492
163
743
615
656
78
67
305
762
716
272
779
522
326
597
861
55
75
529
915
133
62
831
601
757
166
599
250
458
955
662
950
470
757
565
126
835
984
783
949
52
408
729
574
86
678
788
141
105
317
408
238
731
591
191
488
109
142
90
567
97
105
518
567
214
435
46
50
420
829
351
824
589
432
399
675
110
539
168
567
856
576
157
940
168
349
428
629
491
871
197
589
328
67
508
542
854
554
592
274
736
296
99
325
728
850
353
191
389
521
758
597
450
916
537
970
617
318
599
460
541
796
49
869
863
910
411
718
464
356
344
200
652
795
878
732
997
583
923
738
456
682
688
906
950
225
876
567
895
476
27
436
624
429
305
840
691
717
910
155
425
606
708
77
754
938
809
103
521
85
842
977
119
882
236
69
107
112
988
355
940
367
791
917
148
449
109
839
518
19
347
943
977
55
372
731
345
533
187
218
618
381
195
737
263
431
158
370
896
498
77
188
866
221
457
366
670
566
206
540
937
905
835
915
312
207
998
657
740
185
875
711
566
422
800
829
206
959
552
454
457
629
642
675
850
100
42
872
18
600
412
956
505
247
223
169
806
221
826
899
759
701
610
677
475
410
507
681
721
411
135
179
392
130
206
595
582
600
467
600
200
232
556
57
831
779
226
638
353
404
537
112
457
499
789
933
909
648
966
983
59
102
162
804
584
720
399
166
321
866
766
873
450
675
283
282
806
861
920
159
266
809
623
723
660
765
8
921
413
975
904
825
429
418
629
13
139
28
179
460
246
297
685
697
972
968
331
131
830
603
290
448
764
266
171
424
31
532
345
444
507
250
621
288
668
602
301
159
982
832
619
229
129
305
278
454
625
961
585
455
564
227
903
328
493
427
752
876
959
449
673
818
699
294
106
720
897
759
879
879
591
851
460
72
508
90
526
133
51
463
941
615
691
196
295
536
623
399
765
934
849
438
104
900
84
562
620
333
321
852
565
264
703
25
337
211
468
863
344
519
327
637
487
370
834
782
258
809
182
23
96
383
813
200
283
898
115
904
231
436
756
796
53
811
174
390
22
994
605
718
513
932
356
352
654
542
135
265
351
669
288
447
52
102
0
687
352
115
591
583
903
699
732
956
510
258
346
884
252
952
603
117
236
311
470
243
853
957
508
204
978
148
4
382
250
4
69
602
119
13
538
22
712
622
331
575
880
677
459
484
981
414
601
570
725
71
813
578
380
321
135
358
469
139
740
72
143
162
26
614
175
916
988
239
538
319
814
770
997
626
254
330
40
208
900
118
631
65
696
12
738
183
722
208
674
815
632
817
977
10
783
152
927
772
391
465
91
558
588
440
184
842
771
224
402
23
342
34
89
391
46
827
926
768
387
601
583
371
770
912
382
554
64
309
326
808
126
769
366
714
210
902
909
333
478
311
708
821
345
149
564
743
977
490
864
716
443
799
88
214
712
822
120
128
131
798
936
609
567
654
324
129
908
585
814
387
896
523
208
594
672
124
337
1
966
201
70
410
1
510
976
65
332
96
193
815
894
482
424
813
488
748
943
397
685
757
784
582
632
344
528
305
820
865
658
786
419
728
548
772
238
524
837
922
620
382
737
866
864
162
680
353
262
975
102
948
732
886
882
365
582
762
22
402
979
32
188
398
761
737
522
351
613
359
274
586
742
363
452
958
525
484
663
140
459
765
440
192
651
322
909
233
436
283
987
415
315
176
166
428
265
688
132
230
400
758
816
494
121
269
452
999
753
116
139
565
233
579
757
885
253
18
470
689
653
810
456
968
986
622
749
603
311
881
833
63
639
650
557
760
271
361
759
376
829
250
941
63
829
50
300
434
420
122
475
73
932
932
42
918
554
143
873
217
24
59
280
663
61
837
775
684
551
535
60
380
785
354
443
967
756
743
753
177
866
229
250
798
161
644
69
67
787
942
285
163
1
917
826
414
107
954
98
658
489
511
38
626
865
482
945
621
225
699
150
443
280
753
242
793
397
311
860
537
605
497
700
959
415
879
373
522
833
472
532
674
983
570
300
200
52
598
173
630
649
324
73
929
77
315
722
826
978
934
363
584
432
64
543
199
295
268
73
128
740
605
802
75
175
454
275
580
52
449
562
53
125
635
982
202
303
56
380
633
343
744
217
775
160
112
326
455
733
399
583
473
356
737
901
531
191
176
463
244
625
25
649
750
13
984
304
316
40
685
949
735
781
519
862
293
983
188
100
716
939
683
542
295
420
443
179
963
971
642
207
949
20
209
51
33
193
356
701
585
393
2
321
526
873
183
819
857
372
919
925
311
954
819
607
726
614
138
689
586
780
249
887
800
810
938
185
3
646
886
588
391
889
909
917
762
93
88
971
817
359
249
128
665
68
87
743
35
225
785
973
358
386
860
510
196
798
696
199
445
934
787
188
823
697
106
938
142
546
261
959
906
510
439
923
931
527
667
966
104
452
291
462
838
151
325
34
301
21
585
746
955
372
287
131
421
393
421
915
291
34
874
197
545
314
473
828
193
140
146
297
944
437
112
782
588
437
168
889
810
105
988
117
477
275
600
251
20
373
166
311
408
393
861
953
707
334
133
900
826
279
549
770
716
13
904
304
802
424
545
612
529
533
82
6
160
682
609
180
56
128
844
816
521
57
769
228
391
902
480
569
181
381
339
249
395
243
553
197
667
98
162
196
984
244
554
144
278
516
677
334
644
873
150
165
930
271
745
673
525
577
242
58
958
581
307
705
176
212
255
195
311
417
743
647
661
297
143
291
165
820
978
809
45
480
974
975
752
71
648
629
648
890
40
959
823
347
664
351
560
919
546
223
688
289
222
701
939
365
993
456
538
971
266
583
451
592
559
555
664
559
185
664
802
225
623
625
924
288
329
836
559
227
59
248
869
633
949
808
999
294
616
537
265
882
472
717
475
383
272
491
943
809
155
745
34
131
722
311
771
51
147
330
279
207
930
148
840
232
308
191
526
276
80
792
159
553
861
986
936
485
477
231
295
984
976
681
115
699
992
886
102
140
569
733
699
499
233
891
83
893
83
962
170
515
106
681
420
967
667
357
452
496
588
99
480
917
781
948
968
773
186
422
265
755
156
964
607
741
856
42
635
291
4
157
806
110
838
227
77
857
936
882
353
876
981
185
793
114
133
113
240
672
536
505
427
692
470
386
785
678
429
772
969
785
929
127
896
119
354
325
976
642
207
329
519
541
867
664
7
352
778
247
24
314
753
804
358
223
190
143
901
971
268
222
757
197
349
653
669
56
978
645
50
538
327
921
431
194
586
438
546
716
686
571
30
439
375
740
14
917
235
267
889
503
489
998
53
190
651
722
598
981
367
649
871
46
570
654
240
508
445
139
224
131
62
606
922
789
698
288
706
934
907
947
437
748
945
842
938
948
564
889
282
284
890
505
330
460
160
923
321
605
414
545
88
476
504
362
265
202
650
971
136
909
271
926
657
216
768
947
517
685
836
799
969
726
304
651
539
816
926
860
421
340
405
861
168
261
223
433
464
225
757
600
134
28
878
791
596
999
739
113
684
927
264
5
654
569
8
193
737
935
405
159
627
810
372
796
424
596
581
888
173
690
840
308
70
719
451
19
718
542
132
402
470
749
759
124
670
767
669
407
54
74
566
34
236
939
182
660
887
763
548
60
806
389
720
876
460
172
895
178
66
380
932
536
129
43
660
799
810
681
206
217
755
125
251
992
416
433
4
655
548
553
715
354
294
788
583
754
312
478
284
378
210
216
915
339
259
927
490
421
609
697
638
716
174
889
708
942
674
713
597
223
618
664
577
264
452
160
18
764
991
302
495
201
870
410
541
481
689
383
902
298
432
893
15
606
134
75
548
809
140
145
32
110
810
609
374
614
122
744
731
113
46
226
314
268
636
207
101
325
943
4
976
375
249
343
982
383
770
882
192
911
380
576
21
542
186
748
156
660
492
887
773
891
113
439
159
101
999
261
779
942
617
107
317
218
450
651
601
572
534
146
483
266
722
857
808
260
605
964
920
449
204
45
340
669
485
852
771
484
465
902
778
434
9
95
652
811
747
605
383
633
751
219
899
474
76
59
86
33
375
7
834
579
52
175
601
889
379
372
725
196
626
503
630
635
599
634
798
698
239
181
683
343
400
934
169
828
993
255
213
368
262
48
300
667
575
253
908
954
977
634
502
603
137
484
238
736
118
388
786
709
569
469
52
322
403
221
150
396
477
364
117
91
764
769
110
339
374
19
645
351
653
147
954
790
631
544
879
101
932
665
810
501
487
863
823
890
436
326
639
913
42
108
357
806
229
467
497
603
486
494
954
491
993
260
634
976
804
513
77
736
530
239
589
17
102
765
260
891
91
251
156
485
711
513
643
292
333
140
895
171
986
201
663
979
461
297
955
265
162
384
353
692
623
942
62
78
707
674
321
150
277
477
987
988
991
630
280
324
122
527
495
108
728
510
439
541
807
746
158
969
130
863
14
106
805
428
536
865
102
857
367
379
334
355
719
677
985
999
353
460
878
849
568
958
711
8
499
871
754
9
192
237
872
206
695
29
986
231
894
88
440
614
819
774
969
890
452
306
889
805
766
119
6
687
77
70
47
928
941
801
937
133
390
809
692
85
839
678
668
85
119
108
699
938
883
20
181
687
679
70
844
797
190
203
484
619
273
531
548
566
685
485
699
427
647
391
513
838
422
181
275
541
290
327
831
525
347
12
212
378
435
408
176
977
963
660
596
236
544
144
802
581
982
854
8
981
597
521
819
19
55
446
560
345
773
744
222
473
756
786
851
191
194
379
520
158
40
117
746
936
613
901
517
595
107
525
576
704
399
747
76
454
194
636
151
319
732
373
792
489
159
996
32
705
375
553
215
767
22
314
55
635
215
572
583
674
450
511
378
849
259
454
655
805
443
806
124
527
531
269
16
42
265
401
747
992
306
315
112
328
629
167
963
196
740
546
870
542
58
600
391
669
55
398
826
850
556
950
377
87
571
746
129
188
499
228
181
805
895
645
133
524
812
448
720
904
347
942
446
757
543
189
778
598
587
604
800
143
554
529
230
478
627
711
666
126
292
199
931
187
844
416
64
657
865
136
561
564
79
8
321
622
197
99
572
785
703
724
280
609
253
863
87
881
926
754
7
218
953
939
758
150
707
174
807
572
310
720
136
741
728
809
363
278
908
935
415
963
659
695
573
265
558
12
146
485
766
505
55
72
796
165
222
504
691
381
428
2
101
917
95
830
726
459
460
987
746
875
950
758
922
875
23
481
888
521
318
6
378
725
78
175
243
652
31
934
33
459
288
487
376
384
317
103
195
129
90
941
4
392
51
926
268
426
759
156
299
429
162
678
507
593
205
750
597
236
36
983
695
325
470
72
61
139
527
256
268
617
549
624
9
953
902
629
731
14
785
31
443
300
709
950
245
914
52
842
502
89
825
197
766
647
269
179
786
796
787
54
765
688
678
127
641
581
756
725
947
894
756
390
546
817
693
791
83
97
985
585
538
163
782
304
810
404
835
597
552
622
3
318
663
682
445
304
615
553
29
562
447
137
304
345
954
349
136
389
447
474
974
985
637
109
642
799
513
829
396
65
452
400
735
115
434
180
771
401
86
153
315
885
290
971
231
597
321
367
986
120
193
313
457
182
422
99
982
935
929
378
352
733
130
88
200
916
620
971
669
706
476
984
592
119
956
823
716
629
542
54
749
736
719
206
918
141
658
252
428
939
983
133
672
113
221
872
382
193
195
51
900
24
36
844
143
344
19
211
325
561
617
74
649
337
632
920
478
642
172
259
581
155
392
605
621
965
829
3
158
25
54
410
49
442
254
192
138
273
755
463
187
372
889
188
709
874
460
540
516
633
151
98
140
895
703
113
860
885
468
370
910
875
133
311
317
739
855
808
365
610
623
552
982
865
92
44
739
553
584
255
186
735
705
678
982
761
144
842
646
612
564
908
487
697
219
157
789
426
965
154
36
588
706
370
453
798
414
544
351
350
152
889
437
857
920
419
970
64
613
968
676
530
876
164
579
447
321
368
873
638
522
261
578
580
984
384
379
750
928
82
101
80
324
890
290
596
310
612
660
275
581
688
805
457
204
385
257
877
753
482
515
628
744
446
208
728
830
587
830
110
22
931
543
698
174
833
294
836
797
306
111
378
994
269
188
199
654
445
428
759
927
296
387
23
742
596
103
924
535
934
34
909
217
577
607
391
762
253
227
560
559
339
290
554
608
478
105
614
275
885
725
555
181
113
578
923
61
682
847
948
968
234
858
185
163
817
577
278
71
156
190
630
495
480
536
455
959
993
421
586
879
147
141
60
612
720
336
25
754
535
973
74
769
183
259
285
1
188
563
424
345
753
54
192
585
943
0
896
936
773
483
167
920
624
580
884
696
916
909
802
451
883
876
573
418
488
210
419
676
773
843
373
878
250
566
815
545
918
712
833
691
195
1
964
819
581
848
868
497
758
670
300
993
547
225
411
35
435
183
63
560
378
437
790
628
355
606
525
273
318
359
316
513
360
280
684
293
481
904
142
591
575
794
584
474
20
347
509
807
882
572
368
261
361
158
241
716
116
767
341
434
478
10
299
190
290
336
483
771
240
977
362
167
771
298
641
143
998
502
951
880
75
319
141
788
829
735
857
946
502
198
732
980
208
32
170
851
720
5
974
312
982
689
480
105
987
121
249
985
624
200
218
51
871
711
839
700
446
696
998
300
247
731
632
807
115
154
658
835
159
633
499
493
674
979
599
661
453
200
999
77
400
569
480
271
280
671
323
727
720
674
27
967
405
660
774
872
814
785
59
326
770
558
819
444
538
770
457
991
970
456
420
370
377
252
993
658
923
669
385
643
343
764
610
100
776
737
972
943
874
31
269
644
589
440
440
479
211
897
822
181
706
594
904
83
846
249
741
770
270
478
413
965
243
376
65
371
465
37
314
339
420
583
983
362
376
423
193
587
672
16
120
378
610
376
462
457
978
555
579
248
34
344
214
629
720
631
0
185
21
667
876
441
602
859
155
978
634
349
565
307
365
38
37
327
766
499
136
744
407
715
345
441
60
911
422
132
542
774
318
563
441
546
357
44
406
864
374
392
213
292
51
930
330
89
258
96
940
746
193
347
462
538
140
874
801
562
6
343
689
676
259
482
223
968
526
981
832
253
373
398
545
777
328
227
866
938
323
158
37
868
506
499
758
646
373
559
561
731
255
250
408
866
732
983
834
611
964
18
216
689
416
761
466
97
988
684
387
663
843
424
532
701
275
290
699
0
202
260
732
457
862
492
675
947
475
509
910
439
879
126
480
648
887
947
97
227
983
836
890
178
261
774
879
888
417
579
889
619
191
973
428
54
465
103
353
940
964
263
731
195
741
211
843
628
510
292
855
846
129
97
24
390
872
904
630
289
483
519
908
26
492
688
80
309
143
785
601
107
48
684
302
789
248
498
769
758
790
976
604
919
426
981
661
298
885
644
587
720
163
847
746
8
887
179
317
30
964
271
137
365
955
791
506
203
641
276
314
784
604
270
55
30
251
717
680
488
713
619
208
876
818
307
236
705
486
906
87
802
177
576
167
132
368
674
336
361
302
2
145
258
272
201
641
524
270
321
12
983
941
573
859
111
880
448
169
718
354
256
520
531
833
688
663
553
714
351
914
16
353
60
274
978
613
267
502
883
589
866
866
882
791
77
993
671
525
162
741
879
771
262
762
604
302
426
157
16
129
423
384
835
835
658
813
448
278
667
331
867
885
549
101
677
627
94
700
504
609
442
736
380
56
498
336
358
276
845
374
406
268
758
593
104
768
758
552
46
777
236
265
14
785
366
43
764
813
744
269
774
538
5
506
594
503
842
304
780
687
678
538
955
788
483
411
556
241
316
955
370
552
220
384
689
587
428
454
752
524
723
526
414
80
32
360
935
226
664
715
913
694
605
220
482
88
984
38
681
300
345
51
852
566
436
541
505
216
347
609
740
422
135
154
502
519
514
438
745
178
505
10
872
463
230
706
551
566
96
233
866
442
636
70
360
72
964
217
288
311
826
380
734
313
534
236
832
400
26
929
930
884
939
154
347
521
860
898
88
957
483
306
751
472
377
111
544
341
328
185
652
506
565
386
819
452
975
3
852
353
932
135
237
223
289
584
96
502
835
536
811
670
843
562
142
220
25
39
561
705
576
213
211
141
952
30
945
279
385
150
632
317
285
222
892
926
158
988
428
993
525
239
16
368
153
510
588
178
901
501
883
477
66
94
619
18
476
916
649
861
66
634
530
703
856
422
630
14
763
58
360
288
650
728
8
803
238
948
982
140
449
865
617
515
312
588
886
788
857
535
2
923
169
532
627
377
307
609
392
70
19
104
358
669
832
366
473
422
314
807
562
115
24
532
630
336
472
868
477
329
756
479
605
277
363
232
655
670
193
399
740
212
503
450
882
687
168
707
109
834
866
24
949
890
556
932
579
28
800
408
710
556
887
315
834
602
899
841
273
92
240
365
304
95
168
538
782
336
597
891
171
463
915
120
706
823
52
285
204
205
45
914
113
284
581
299
886
480
140
511
924
732
229
228
827
397
119
961
733
716
205
904
532
472
377
590
296
781
227
852
986
272
118
452
556
699
751
442
179
892
306
103
624
535
683
804
932
154
117
665
223
322
922
755
795
651
345
443
432
924
647
771
196
765
223
752
464
974
546
995
218
852
98
195
739
133
999
671
288
468
689
863
791
611
970
938
262
667
733
46
591
380
817
787
145
40
891
609
367
437
956
585
642
54
780
381
539
131
53
179
600
742
42
743
705
12
33
319
679
766
365
270
498
183
409
643
575
300
604
942
90
560
880
732
966
660
465
857
792
518
389
744
612
783
487
669
796
520
988
827
638
354
450
136
889
211
131
464
512
87
759
954
999
639
686
317
651
151
174
795
22
563
539
986
699
378
656
495
898
996
674
888
350
476
376
591
688
507
408
552
946
519
506
945
158
544
262
161
47
789
957
421
704
848
408
403
227
416
250
477
412
277
366
115
753
94
58
793
602
466
697
900
985
555
846
495
99
460
657
499
249
966
920
306
814
680
709
41
96
312
871
861
589
589
328
342
683
386
488
285
853
185
538
190
741
384
686
192
196
695
691
798
661
964
104
827
644
165
221
93
477
92
954
66
681
282
761
364
20
249
2
225
786
540
416
879
276
454
72
472
149
115
270
162
79
374
989
76
892
562
169
369
654
475
436
335
109
549
52
129
150
54
355
936
594
123
168
870
577
592
694
78
707
965
592
139
691
581
215
583
496
736
305
150
211
93
838
672
642
890
801
792
944
508
80
890
631
600
760
560
192
806
638
900
771
230
391
815
164
958
750
660
46
55
162
257
148
0
929
142
890
82
934
834
591
367
724
574
967
836
135
512
643
125
764
766
356
155
581
872
465
684
532
511
739
694
768
888
47
49
30
937
483
317
124
426
36
848
1
355
37
136
867
32
613
631
798
969
138
732
193
603
416
77
114
507
124
234
747
171
635
130
108
119
447
232
545
835
433
546
190
822
34
410
854
648
393
4
969
532
88
163
135
856
240
250
364
364
836
111
887
472
241
996
591
40
580
488
875
13
35
418
835
421
180
41
421
573
46
743
105
486
906
593
343
498
195
707
215
31
170
102
855
412
450
798
452
31
287
680
44
674
450
232
95
982
273
869
555
671
612
13
158
870
958
501
720
153
560
935
536
730
390
392
494
192
190
299
223
829
331
620
503
781
204
951
115
477
820
670
501
784
35
659
654
345
512
374
498
72
662
387
154
404
131
649
596
673
948
172
503
279
792
6
412
348
957
527
825
129
549
678
913
937
337
919
282
201
294
133
625
308
520
780
64
651
781
660
324
81
832
179
360
976
186
124
324
495
651
502
625
552
180
890
489
870
810
772
423
456
905
49
764
777
181
828
428
314
840
104
395
25
636
755
353
822
231
30
669
882
532
646
434
64
537
276
286
699
400
62
155
305
463
271
82
644
451
862
310
643
318
705
668
954
812
374
128
43
404
798
277
288
796
711
704
333
339
991
384
739
405
539
396
868
162
830
512
613
44
174
609
363
879
277
669
691
3
150
734
407
300
11
695
96
74
400
782
766
743
166
505
148
706
902
16
220
732
880
186
777
54
795
492
285
424
513
976
428
663
62
835
963
425
883
412
851
635
194
617
730
360
123
230
66
377
246
639
461
478
825
590
884
620
82
169
44
948
497
472
611
559
660
927
336
895
339
187
530
533
157
612
893
632
842
312
9
440
951
470
918
128
61
154
748
495
675
144
443
172
969
407
83
629
686
771
876
25
958
406
910
115
370
155
747
212
467
108
652
770
931
922
250
344
76
998
839
103
495
635
275
464
394
710
445
80
481
321
105
791
79
367
259
449
522
6
661
342
467
313
464
398
587
715
742
663
713
933
118
560
920
393
24
314
455
469
394
288
142
851
79
221
218
338
22
741
697
683
435
164
348
899
562
935
614
656
950
680
589
68
240
862
813
265
176
620
86
923
908
229
774
988
802
345
678
825
438
375
508
873
539
209
772
453
496
739
109
799
419
51
867
11
913
33
628
441
653
715
364
914
296
491
902
98
188
580
275
626
956
136
851
847
345
975
301
193
714
762
992
485
165
212
497
78
245
125
872
250
192
588
164
488
79
418
939
619
351
214
245
659
350
448
506
47
424
159
241
138
274
233
624
439
445
121
870
42
598
742
645
791
330
161
631
762
580
570
381
931
137
979
590
487
427
448
535
851
960
776
342
234
361
318
673
807
791
543
201
389
637
846
532
320
8
164
82
940
734
815
871
871
146
813
711
574
261
246
777
221
374
471
807
87
789
481
894
580
376
448
970
14
646
502
686
654
18
768
594
753
935
817
976
82
630
39
8
244
285
137
817
11
609
625
99
750
458
345
331
834
145
653
200
792
507
886
446
526
6
393
631
294
562
959
728
545
999
736
141
636
225
958
648
834
935
99
937
393
796
268
580
942
273
132
734
132
371
532
658
729
277
641
23
840
601
751
737
952
839
878
588
65
836
588
251
124
39
188
869
836
808
449
130
433
934
864
566
305
748
576
34
26
218
410
218
171
513
955
123
705
833
63
122
21
652
373
145
43
914
15
879
74
816
9
508
750
225
74
55
974
650
442
352
220
204
570
391
69
525
866
774
358
930
896
731
934
622
877
329
536
244
561
962
60
570
470
163
148
896
570
474
547
364
826
119
568
396
511
638
273
729
412
631
11
661
714
297
283
591
627
171
187
188
133
600
110
604
763
258
500
685
84
399
50
910
871
618
658
382
608
931
463
373
914
475
34
629
772
317
572
399
840
760
939
973
360
50
577
475
660
430
160
745
181
210
655
52
181
666
786
789
597
602
514
864
77
548
493
201
217
65
953
57
177
892
383
537
942
312
12
603
742
525
700
276
735
707
680
916
373
819
58
971
421
924
187
498
473
680
51
42
97
4
452
275
249
835
812
191
147
177
146
242
702
846
870
789
554
550
58
279
369
468
602
790
392
789
640
217
469
692
612
567
48
64
842
297
251
6
841
750
535
339
992
589
538
214
379
92
765
789
723
486
257
326
629
1
115
621
219
937
313
831
856
714
247
698
11
498
56
204
248
592
544
593
533
82
807
912
526
924
53
249
763
310
575
392
312
43
13
883
980
679
714
836
745
961
886
756
811
294
313
59
238
857
4
772
291
812
36
817
88
90
66
851
752
994
595
64
389
961
299
369
992
13
557
737
326
443
845
137
737
158
549
976
15
553
100
306
717
136
475
158
226
894
9
979
888
957
395
277
918
695
998
910
60
555
999
387
350
844
876
439
3
425
767
370
331
867
677
48
356
504
558
582
398
920
913
638
877
661
267
147
356
265
409
768
172
408
507
874
252
384
666
255
161
433
626
492
653
655
893
9
159
451
943
910
371
857
548
600
870
816
747
226
433
156
346
958
916
854
832
169
238
498
776
399
284
754
244
289
761
137
650
273
940
593
183
664
802
731
264
672
547
12
250
333
520
597
291
789
451
123
958
41
974
86
792
610
841
36
899
602
525
901
875
818
494
410
482
649
142
746
321
41
110
572
374
983
521
17
772
324
493
82
365
819
168
509
429
361
898
680
316
775
581
543
593
427
954
427
76
448
526
398
489
636
322
216
971
195
233
743
519
78
825
236
897
346
745
326
59
995
358
727
771
939
271
716
719
577
144
795
377
670
193
866
306
867
434
630
62
20
373
933
98
551
169
348
249
267
674
308
262
385
36
33
676
659
750
395
588
246
191
965
916
736
183
574
956
970
204
18
990
578
304
440
481
473
788
730
92
815
390
355
200
778
740
228
437
490
624
377
736
815
342
4
903
526
579
859
496
135
230
838
713
534
630
546
359
419
628
452
586
19
807
138
797
899
366
587
742
990
964
478
157
659
835
413
185
414
272
33
901
854
871
615
388
853
513
100
272
142
552
210
161
711
348
310
610
67
249
352
409
566
183
919
225
18
332
762
784
956
795
685
811
18
652
551
871
166
651
496
660
555
706
173
266
407
835
877
826
85
229
235
651
764
154
876
782
486
638
918
443
785
956
606
803
608
157
26
126
161
522
138
716
581
311
983
988
147
212
814
584
793
401
235
558
556
463
692
394
453
611
189
238
567
795
41
527
305
67
6
818
942
144
534
523
808
869
863
955
81
29
539
875
430
126
785
986
941
477
733
394
440
922
632
359
70
25
887
375
444
245
193
386
389
79
261
197
949
124
504
30
153
395
257
936
873
42
274
814
872
7
208
312
282
192
672
352
217
911
79
14
508
624
752
897
703
14
447
4
490
303
387
644
51
644
932
924
39
206
91
911
566
651
575
848
844
247
200
413
510
631
427
18
255
180
268
310
546
67
315
36
722
702
32
125
698
964
50
89
523
493
0
89
144
576
937
340
175
489
754
38
472
533
408
727
65
28
389
611
447
704
0
170
758
32
295
809
349
697
898
224
542
251
313
687
179
602
379
706
443
133
744
915
19
505
994
84
533
383
48
981
88
400
503
198
432
150
359
133
200
258
357
742
861
22
781
40
624
161
746
67
646
843
334
17
348
328
454
233
712
502
566
152
902
69
702
686
572
62
172
772
672
529
866
533
904
648
573
528
161
671
948
159
514
282
177
214
963
983
448
675
485
14
827
739
436
529
777
8
943
949
132
615
831
998
148
735
998
73
615
511
745
915
23
259
550
552
474
513
535
274
188
372
640
367
111
76
248
240
436
192
542
920
807
725
919
956
812
269
381
427
133
126
343
156
386
893
708
212
758
243
838
946
967
478
665
430
555
913
670
343
105
212
264
265
289
535
573
101
156
954
529
289
81
224
445
819
469
505
383
227
100
221
525
67
699
190
497
606
103
520
950
561
84
214
826
374
101
751
475
257
705
356
547
786
580
344
957
401
202
340
628
302
913
505
722
613
695
571
571
151
91
873
712
176
439
890
550
540
641
377
798
698
734
345
837
666
41
794
68
243
487
48
898
400
554
620
365
601
191
289
752
635
162
816
811
602
58
713
142
51
90
940
750
824
637
587
491
31
733
911
274
220
959
524
973
865
496
690
467
688
979
571
323
142
388
486
744
798
199
238
850
289
531
952
466
168
539
957
551
624
868
178
197
179
702
522
45
199
212
512
239
544
83
914
38
823
400
134
622
599
372
824
240
903
776
706
424
667
15
975
291
235
153
840
415
208
362
812
407
927
324
998
471
759
912
509
935
664
643
557
615
15
733
855
271
509
914
47
528
281
22
171
517
528
12
284
88
726
96
847
653
772
845
476
531
757
985
466
773
980
375
388
348
460
243
619
321
509
18
849
791
40
21
660
920
385
944
8
463
392
855
117
164
52
945
47
161
931
514
934
263
241
322
611
702
918
582
23
427
600
873
570
993
246
230
913
983
526
274
446
918
481
915
82
534
861
130
695
144
996
630
759
237
304
371
291
222
305
315
650
906
540
220
251
138
803
164
121
329
790
919
248
624
187
682
158
400
164
205
896
512
187
655
102
492
378
393
714
684
708
716
942
600
289
193
738
92
709
211
773
852
131
21
476
670
56
634
70
220
839
318
85
379
973
187
871
704
580
937
388
641
6
330
241
295
875
332
739
584
543
512
436
26
886
912
696
294
898
118
866
90
436
951
469
762
138
692
466
71
629
206
712
987
888
305
282
763
989
373
699
533
238
136
911
476
400
960
770
299
78
636
741
867
588
210
981
78
254
447
149
883
5
213
871
893
519
505
656
508
231
355
393
469
843
305
945
244
265
67
895
695
703
636
914
643
198
895
722
452
694
223
687
699
437
910
944
308
768
600
168
999
308
562
820
151
219
765
747
836
832
642
883
887
630
150
531
180
45
605
632
92
828
672
143
265
582
88
925
350
40
94
349
348
8
169
500
227
286
599
415
470
242
298
358
224
448
241
405
846
846
389
290
26
61
785
292
996
225
569
346
266
663
48
614
671
569
466
250
208
418
665
678
660
316
388
236
116
981
993
314
827
383
956
854
796
742
498
792
967
67
491
585
83
891
552
754
460
370
357
20
788
22
699
800
690
439
37
807
421
382
473
600
117
430
454
914
172
304
58
491
724
901
77
807
792
981
913
605
351
270
625
140
645
676
940
335
116
329
494
537
712
968
137
829
398
944
95
570
600
506
413
676
407
842
835
200
823
749
157
175
371
782
667
16
459
959
352
575
289
846
464
353
166
953
534
564
249
630
486
850
136
900
526
543
94
362
95
918
463
252
445
834
387
112
203
198
71
907
125
712
105
589
65
272
894
600
836
144
230
323
346
718
575
224
613
669
938
61
939
401
665
384
588
52
496
143
250
920
50
375
632
155
316
698
427
211
650
616
355
880
291
53
950
218
277
563
239
216
624
179
617
290
915
557
694
764
700
297
684
750
672
316
258
341
366
37
552
16
5
259
248
296
312
550
514
589
114
106
805
90
285
775
732
200
684
779
964
737
76
0
839
100
669
97
441
35
135
993
404
140
604
4
789
268
555
655
858
21
761
15
463
398
142
548
599
179
327
915
916
403
916
755
503
937
853
297
324
340
290
728
832
247
85
973
515
992
629
725
365
742
93
828
141
235
728
92
766
55
7
682
810
275
438
666
564
643
963
889
335
605
969
519
852
54
493
720
398
122
445
763
864
538
944
357
126
672
449
892
80
809
575
242
436
365
908
1
8
223
890
695
829
211
214
33
266
707
753
16
181
199
780
398
89
76
755
215
100
205
108
180
366
35
775
802
400
35
155
760
259
45
455
88
609
669
473
227
729
227
243
910
778
375
308
867
451
416
435
552
973
895
84
339
930
211
493
682
247
649
442
506
46
249
946
655
270
419
882
999
646
478
262
776
853
922
996
305
338
431
209
663
326
645
2
608
857
848
290
104
849
84
610
895
333
908
903
955
327
137
955
326
615
569
102
469
491
450
126
182
881
687
845
559
332
200
167
541
48
809
645
897
893
607
144
226
867
47
182
195
537
489
873
152
410
975
973
901
778
99
435
659
138
281
571
471
481
90
364
881
900
362
778
793
321
922
20
189
322
554
384
859
395
257
363
805
584
337
58
362
788
494
374
927
775
297
398
608
387
114
489
287
476
619
81
798
893
453
987
215
7
723
426
754
980
790
559
916
127
617
631
915
463
357
842
590
654
592
198
41
707
39
681
183
658
762
333
552
215
320
119
574
43
546
328
375
336
239
644
815
208
627
730
672
984
925
262
990
517
813
31
576
852
712
112
863
826
445
767
393
766
238
967
161
784
647
889
472
238
533
287
799
512
370
471
496
647
85
486
164
898
869
93
103
934
205
318
760
650
85
154
768
323
473
930
460
473
171
284
63
56
924
862
568
294
333
64
941
771
902
457
669
771
550
124
57
755
442
818
758
879
324
526
203
149
808
15
974
979
299
38
35
223
252
603
869
938
19
162
709
921
620
730
45
522
855
102
630
649
272
388
529
948
266
84
450
75
99
776
406
398
814
442
974
67
397
843
357
769
6
66
690
978
796
87
500
3
542
130
653
166
870
182
115
137
266
917
212
717
693
618
467
860
412
441
279
162
285
636
931
643
702
621
621
850
61
121
854
603
604
507
769
474
41
236
611
659
505
175
376
199
146
843
411
910
285
690
72
922
678
3
565
380
977
538
582
38
659
436
993
615
295
114
90
688
703
53
347
208
581
723
759
727
919
170
989
556
212
62
478
890
65
395
622
394
933
205
784
944
993
777
912
289
244
2
977
947
407
677
155
988
752
267
67
671
789
57
227
2
471
57
892
888
452
867
283
737
72
67
34
65
197
946
706
441
300
684
388
707
713
895
48
465
514
467
137
304
876
716
306
699
774
550
588
578
417
871
316
489
290
702
907
487
648
613
280
948
649
668
7
362
916
407
828
430
227
317
734
455
33
392
155
807
943
743
386
360
614
54
202
256
756
461
744
756
74
376
56
76
45
415
438
313
823
618
95
402
935
182
857
321
574
12
128
869
755
866
582
721
272
136
978
380
597
74
136
23
450
544
99
847
960
890
512
135
508
608
537
796
142
394
469
68
407
949
938
514
816
872
236
440
8
566
821
957
992
309
980
794
854
80
642
814
322
506
949
182
466
486
330
608
232
799
677
991
749
967
506
565
191
94
357
199
12
178
508
4
840
488
798
694
920
792
860
242
651
809
777
117
647
107
726
231
907
755
223
656
74
81
573
265
175
930
816
187
461
324
543
301
812
693
347
85
838
207
679
489
368
456
958
367
916
36
598
823
791
821
831
865
254
756
482
429
38
298
968
851
622
863
152
787
557
851
872
747
58
903
588
426
712
546
793
628
583
392
803
726
565
634
592
820
742
74
601
780
725
922
632
347
785
136
134
694
988
358
441
46
614
29
825
326
576
970
306
511
362
109
237
280
95
181
452
837
608
405
969
333
327
601
680
113
90
167
807
78
525
601
476
139
630
301
817
558
272
123
69
986
232
659
618
679
840
70
516
448
828
838
781
155
439
814
268
529
981
428
959
858
381
436
350
11
89
167
922
361
291
343
700
875
2
318
555
195
741
423
643
569
261
777
76
53
591
697
934
924
125
894
782
506
682
132
869
771
300
143
485
943
487
537
170
841
855
725
36
948
501
32
869
114
809
946
519
752
643
454
28
120
700
810
978
382
295
847
505
947
343
990
890
830
527
60
23
735
138
60
35
991
444
257
457
605
555
977
357
550
783
385
670
483
547
0
217
842
847
74
141
542
417
383
372
296
796
748
383
934
160
419
277
604
28
734
209
583
711
918
485
846
655
155
329
202
155
898
397
354
973
538
897
390
922
621
38
718
369
422
4
529
193
633
485
221
367
694
156
431
964
641
277
619
148
959
822
655
209
571
9
182
461
258
924
735
232
963
805
953
385
809
835
578
794
320
151
514
367
659
945
331
300
574
951
800
885
125
455
95
696
816
277
509
75
554
245
659
869
50
612
254
212
447
184
6
768
687
520
487
346
817
818
998
744
121
798
629
246
253
76
294
69
706
804
496
260
401
155
129
451
120
735
15
567
271
22
687
958
894
174
304
64
993
302
160
466
452
789
65
705
866
359
126
572
515
623
184
916
130
665
720
250
400
735
818
671
109
505
981
4
32
637
420
377
291
580
843
743
721
908
448
939
620
574
863
135
549
47
404
680
712
476
930
464
211
100
135
321
958
468
677
990
105
449
367
396
29
562
491
102
823
939
42
443
866
905
930
415
305
686
447
369
162
730
834
726
830
321
399
788
790
428
130
247
877
849
644
258
764
135
360
587
427
754
30
645
12
312
60
317
999
860
686
161
590
872
887
420
194
286
561
336
714
43
583
943
245
579
201
9
67
914
596
846
668
978
491
680
290
903
349
289
763
388
803
353
260
42
126
806
681
39
494
747
82
430
691
327
361
244
688
428
158
284
626
827
614
117
859
905
21
209
194
136
949
349
842
209
392
968
368
73
359
214
820
441
644
863
121
6
108
161
786
266
446
413
445
60
530
305
317
903
866
864
392
815
213
234
376
957
202
96
30
561
311
203
354
955
66
827
313
174
989
100
793
787
513
238
199
395
895
517
651
113
381
43
280
946
277
657
904
831
105
286
744
416
489
450
724
908
278
37
434
619
137
227
406
2
818
957
398
65
826
49
179
207
92
459
506
721
468
410
552
574
48
296
990
890
746
66
798
376
104
232
347
593
812
105
596
982
63
994
47
889
395
226
449
487
686
955
560
154
717
112
728
117
760
71
7
858
137
805
587
593
390
934
187
554
40
783
536
103
129
583
344
524
810
793
363
848
100
923
2
169
387
83
287
147
506
646
357
643
452
944
237
194
879
424
748
271
559
284
374
688
219
70
564
29
216
927
877
668
202
232
838
589
667
477
88
173
123
797
816
927
742
405
121
973
181
221
244
92
505
970
780
725
40
696
106
256
623
336
925
177
920
115
118
587
944
206
760
67
4
928
995
98
334
468
71
867
690
667
960
547
637
92
624
29
789
83
638
764
419
915
942
339
30
60
278
974
619
38
393
975
966
740
425
652
561
496
872
251
163
832
150
152
276
127
181
65
210
819
182
981
734
124
672
116
536
950
442
507
340
836
834
306
928
259
311
489
107
535
92
622
367
243
774
995
370
308
61
932
479
595
913
214
71
585
682
959
887
125
467
227
961
653
885
889
265
548
731
372
83
823
347
450
418
473
798
140
781
211
72
613
806
337
827
877
274
509
836
161
986
655
388
947
309
626
189
926
174
272
298
258
95
997
60
514
471
858
654
604
69
79
217
875
416
396
104
691
258
941
204
244
596
945
544
257
571
85
183
745
357
834
355
804
183
416
318
654
274
325
611
696
756
180
571
172
577
676
215
187
969
420
431
917
365
975
175
288
412
710
385
769
896
741
574
80
157
244
86
783
921
697
479
29
230
403
202
807
431
769
994
752
189
777
669
906
105
196
546
517
907
932
639
155
673
565
235
182
161
322
317
83
371
797
112
601
552
666
760
335
436
754
87
977
884
756
236
989
953
782
506
212
66
145
367
739
710
955
273
872
629
591
307
0
740
771
954
644
438
714
979
226
821
418
203
705
174
791
46
479
574
552
43
640
698
411
732
760
366
357
984
347
948
291
347
40
63
653
684
853
720
15
79
541
433
634
598
960
426
644
791
352
548
835
344
598
598
76
359
316
786
343
663
86
987
362
127
50
16
163
255
736
531
334
629
964
320
579
276
98
223
68
450
123
255
147
722
853
223
433
521
361
128
184
448
115
546
575
517
914
90
772
650
621
458
279
938
779
858
566
877
433
634
680
909
241
827
631
446
402
416
967
764
544
503
212
660
402
139
529
316
229
302
967
851
760
598
141
891
809
707
769
594
694
801
503
935
628
486
382
30
902
701
146
447
205
358
459
607
497
988
275
79
642
594
282
755
193
423
646
354
130
767
948
824
568
804
112
548
290
494
931
193
547
77
992
104
788
451
63
637
791
339
716
786
933
998
541
478
421
539
184
904
659
485
728
579
289
840
128
579
686
411
124
586
840
116
690
628
919
754
266
63
93
334
849
378
685
742
209
458
281
393
362
292
878
443
872
167
635
352
99
674
763
575
260
603
692
950
584
963
56
202
26
501
536
227
880
573
321
89
32
955
834
394
247
713
837
119
880
825
823
331
499
586
907
759
542
951
61
126
914
118
680
293
971
216
872
203
790
194
644
174
149
479
568
396
192
758
868
424
583
691
756
82
630
