720
681
105
330
109
476
634
726
937
696
936
178
634
605
538
776
798
669
280
744
90
995
141
871
366
366
804
973
520
306
920
240
987
25
922
96
853
909
175
790
605
111
321
239
68
211
367
867
232
999
963
322
994
104
193
712
823
349
686
343
655
606
935
643
632
858
91
837
767
266
628
724
729
301
315
798
864
682
665
96
681
980
418
27
436
964
740
259
313
426
602
321
384
890
316
368
100
407
206
219
26
186
943
755
839
258
905
703
292
922
151
973
902
921
352
339
885
92
598
551
870
553
872
607
443
188
975
543
947
533
114
325
719
57
81
910
667
338
613
959
261
116
284
163
38
636
854
923
729
453
826
951
358
698
558
153
238
886
48
538
419
162
863
491
219
296
401
886
635
367
197
248
483
481
763
521
117
618
797
198
423
623
150
133
674
60
286
264
946
334
154
718
496
18
209
67
666
610
305
653
977
502
901
813
983
17
334
452
987
483
651
410
107
801
895
133
861
181
749
160
867
904
878
715
922
87
134
940
49
439
594
379
293
847
192
628
864
878
80
851
362
731
613
821
884
508
306
98
689
55
258
908
959
488
623
233
575
757
174
976
548
120
355
193
967
899
821
832
130
902
683
844
985
297
17
870
805
323
320
847
730
578
107
42
66
731
275
993
840
801
321
741
921
29
934
889
280
756
721
410
10
756
606
347
53
623
569
211
298
889
410
381
819
517
423
237
600
698
582
793
852
904
534
773
933
820
662
213
928
735
976
938
492
582
638
897
558
207
108
208
449
870
589
268
740
12
506
692
63
88
485
915
344
371
688
629
192
703
843
120
438
171
411
282
105
401
180
15
608
640
224
57
863
165
678
603
178
184
295
593
624
133
508
969
856
548
598
400
251
793
873
42
316
284
676
774
685
856
789
645
849
365
55
712
531
733
315
61
269
962
654
893
447
162
214
304
62
165
704
666
310
577
60
979
213
736
753
250
945
542
248
794
908
303
506
791
36
173
852
657
487
506
902
935
20
117
239
82
634
295
100
944
873
160
923
438
897
676
41
842
571
289
988
831
944
846
622
332
19
826
989
506
332
891
441
704
360
32
138
994
328
239
291
553
399
566
343
648
243
384
842
166
25
830
349
969
676
971
301
47
149
642
906
833
534
347
537
894
732
27
889
60
266
532
613
18
98
308
18
693
693
861
859
718
43
208
40
72
531
341
119
680
984
25
513
870
725
402
764
457
430
5
517
48
889
482
66
988
790
85
681
835
298
893
906
341
453
946
413
337
639
885
17
975
910
883
845
635
637
962
444
67
319
961
116
209
795
534
197
938
971
230
773
269
123
679
611
577
977
376
914
617
261
283
592
524
518
438
159
156
752
956
575
71
917
691
280
65
578
829
3
549
60
128
819
183
160
782
112
137
158
26
754
772
662
699
296
180
489
807
688
241
763
264
312
33
307
945
98
885
774
453
787
834
581
606
370
741
740
482
231
250
861
985
22
523
36
670
703
525
478
392
766
593
8
431
626
315
376
76
201
502
881
340
689
463
946
59
556
38
893
139
288
754
477
663
629
513
333
685
39
163
429
805
757
437
588
383
752
316
812
305
819
693
645
860
508
943
919
417
981
164
556
622
919
33
285
900
547
618
585
938
782
14
743
539
451
684
274
204
0
438
861
819
484
859
31
992
802
302
761
136
467
670
758
738
703
43
638
602
13
224
540
795
238
636
686
690
320
313
246
672
751
459
844
235
318
875
580
473
178
341
609
645
363
719
383
67
762
373
21
775
597
914
923
188
902
961
230
222
274
476
246
378
287
90
965
606
966
545
431
144
239
40
789
602
759
524
21
873
249
395
0
847
661
923
387
563
885
617
137
511
445
383
889
732
474
855
338
440
752
769
584
343
161
725
946
272
601
319
145
202
66
498
401
727
773
788
290
658
405
427
522
850
811
411
583
637
618
273
77
371
395
13
714
908
90
12
181
43
684
678
245
750
176
647
478
950
435
768
960
193
548
482
43
711
246
978
348
864
604
777
587
999
790
654
907
232
666
440
275
702
119
872
453
295
871
931
597
659
51
558
852
599
392
247
662
638
578
10
855
182
787
794
181
929
448
440
161
467
881
788
169
0
13
974
647
884
905
245
543
309
155
395
260
547
995
923
538
573
285
745
755
73
539
288
2
340
80
516
807
961
656
328
313
669
303
961
554
560
558
97
869
65
845
482
964
192
757
502
765
42
599
872
115
139
512
470
479
592
338
638
554
994
966
219
664
621
532
570
182
90
667
403
507
864
885
472
56
994
326
173
37
926
397
504
417
909
974
248
502
664
886
408
659
204
627
675
826
160
245
8
602
264
763
110
129
1
934
537
995
260
63
32
186
460
537
955
370
863
203
224
880
441
632
539
998
259
566
824
771
811
184
726
75
947
836
556
300
770
446
296
382
509
680
921
321
217
876
43
433
432
267
313
873
251
204
871
863
770
47
634
581
231
360
8
531
548
917
183
670
363
479
53
224
160
974
897
729
850
941
514
282
560
179
508
812
383
731
675
505
779
661
438
362
374
447
245
922
364
429
593
79
908
646
303
420
972
200
502
174
493
16
457
54
196
317
218
931
48
245
437
179
906
875
542
280
674
139
555
390
568
148
469
829
146
124
601
470
677
103
644
522
120
453
928
668
770
146
951
171
743
388
702
650
616
244
282
642
384
837
33
304
337
854
133
835
331
735
305
360
190
950
882
662
755
163
330
878
309
282
49
53
22
751
55
990
348
337
633
84
527
18
388
864
224
874
52
907
961
357
267
151
659
502
814
415
665
496
293
326
778
694
731
153
797
138
143
145
476
128
581
355
146
322
219
723
196
271
630
509
981
250
660
640
752
826
407
769
323
700
447
453
746
179
606
544
317
102
41
145
582
623
852
729
945
72
804
493
695
786
2
28
36
14
21
140
841
428
909
516
481
709
969
227
240
928
123
909
382
165
55
964
788
907
45
85
331
849
930
379
636
932
759
24
298
780
165
491
209
426
7
42
135
329
621
375
257
745
285
991
910
692
955
50
951
1
487
635
202
417
14
838
701
773
863
999
906
380
491
467
806
850
509
294
179
482
669
788
227
306
779
489
998
735
891
302
88
378
937
290
795
303
481
496
428
696
848
334
428
691
801
234
541
662
528
73
145
550
861
724
856
993
566
207
80
457
509
168
188
446
810
335
749
643
184
177
339
32
864
767
75
665
354
616
680
234
41
177
784
903
901
993
248
819
200
328
277
61
496
817
507
306
152
608
950
688
137
641
72
1
761
147
19
115
116
51
349
157
228
486
412
481
479
660
301
31
988
930
92
484
747
951
143
251
911
445
940
48
438
12
402
199
160
773
666
276
824
368
785
404
854
198
237
333
858
538
364
847
820
808
683
567
759
178
171
670
975
111
70
414
475
472
965
987
597
632
615
773
352
401
177
206
599
767
891
809
305
607
656
126
415
692
45
526
222
568
196
198
679
618
612
507
443
929
494
40
561
462
814
265
863
343
823
814
110
714
623
768
673
632
246
440
676
643
318
898
212
866
96
243
485
60
750
928
990
597
968
903
59
134
169
274
830
992
440
292
59
63
412
84
47
658
525
75
302
195
974
514
62
422
109
547
483
860
475
473
809
795
376
220
282
897
494
464
890
934
756
301
349
521
385
749
179
262
824
833
458
150
699
520
573
809
419
56
21
246
881
830
41
609
50
675
507
896
139
749
182
248
50
531
769
787
632
300
402
457
486
212
607
537
84
532
698
503
588
719
749
469
549
142
431
951
818
938
847
309
687
29
557
89
913
678
228
545
979
982
354
817
194
314
354
278
846
53
133
787
772
234
608
674
377
39
977
547
329
177
856
368
558
766
457
471
444
38
369
775
20
75
592
215
741
947
845
940
352
331
79
476
565
687
502
294
79
480
841
408
9
50
777
567
816
586
391
260
976
112
36
997
187
628
564
281
927
761
221
279
92
652
108
658
691
610
304
770
442
146
531
451
196
660
19
12
598
410
624
575
874
660
572
413
641
488
694
568
249
267
200
342
919
660
352
611
270
656
733
713
154
616
516
350
276
887
714
875
297
339
802
523
351
726
937
992
214
631
913
463
251
465
157
170
125
861
133
395
870
867
460
24
483
329
727
112
216
441
339
866
132
141
389
484
867
326
828
433
958
741
248
209
206
406
731
331
619
865
79
489
84
891
514
919
220
241
31
437
34
722
655
519
863
44
355
82
371
183
515
681
925
764
242
483
522
325
815
141
542
246
631
626
137
145
898
710
738
281
499
124
4
154
995
219
198
350
302
921
534
817
954
811
933
548
646
455
874
813
597
416
59
228
395
549
725
293
259
815
926
110
939
930
264
935
150
814
637
804
88
171
621
394
334
907
943
333
362
817
146
311
585
206
539
980
107
616
625
718
431
552
828
371
834
444
658
984
610
295
788
50
819
762
445
505
669
388
838
383
557
985
695
142
543
586
475
2
203
100
720
634
4
900
357
839
344
367
175
306
663
316
357
834
430
802
339
451
542
178
834
99
515
881
241
410
468
716
412
23
169
484
9
173
384
367
364
80
86
540
386
749
208
743
583
638
897
923
89
439
453
275
890
320
509
484
730
977
200
494
352
721
978
361
895
362
80
259
442
167
151
828
916
359
924
852
349
173
127
790
965
932
66
855
252
927
339
334
904
892
828
608
613
806
969
860
168
50
120
962
217
623
142
485
335
418
689
684
592
816
475
557
748
893
412
352
820
104
686
76
996
514
684
609
320
5
470
840
55
942
154
624
565
297
462
252
715
151
937
307
968
764
216
68
657
981
421
829
85
459
905
81
974
941
690
646
946
512
839
354
454
993
978
372
290
440
624
358
944
913
665
264
677
234
332
686
215
105
515
300
565
772
733
891
65
775
889
12
288
728
366
94
722
696
466
364
137
443
722
81
356
740
345
386
974
29
72
541
487
940
193
404
712
926
295
778
701
536
142
989
265
508
436
339
204
902
703
693
345
778
126
54
518
823
440
844
205
864
385
692
804
578
96
869
856
743
647
557
279
141
899
544
1
335
235
205
589
939
251
287
717
729
341
587
553
133
431
758
997
168
802
802
98
898
671
954
641
670
863
272
163
114
817
164
801
404
721
743
343
972
30
412
54
723
351
607
856
134
717
205
302
519
359
400
769
382
706
410
404
570
682
567
36
851
731
838
256
453
581
951
777
963
716
831
686
419
790
894
554
507
99
856
378
459
609
147
841
315
909
246
885
944
813
922
147
897
112
755
702
693
707
479
8
775
663
694
194
805
588
100
313
39
957
43
498
566
191
692
881
452
938
119
396
103
393
544
352
505
299
54
550
358
886
558
485
901
252
32
706
192
132
371
231
441
415
82
7
958
774
241
410
64
712
159
519
105
55
872
962
354
926
512
65
164
422
550
65
26
934
772
218
67
143
801
860
910
883
220
868
9
461
631
73
525
142
593
630
197
465
592
903
743
456
320
908
878
223
325
904
157
97
474
576
593
275
437
503
511
657
724
520
470
707
946
995
849
539
977
398
356
921
653
451
377
974
711
607
197
37
863
706
486
337
635
79
964
72
935
827
81
659
700
903
366
646
250
567
537
227
317
245
500
970
696
877
296
760
836
493
797
699
552
283
388
187
363
704
611
298
532
692
309
584
595
27
582
197
946
119
424
263
716
924
233
764
153
882
524
341
375
321
40
279
957
780
466
320
484
77
970
368
121
631
952
68
658
534
265
604
5
41
867
721
317
452
486
822
334
362
163
62
684
555
693
641
335
160
313
172
589
635
540
63
266
845
131
924
731
749
880
737
790
99
810
460
903
648
634
238
11
798
652
47
705
345
688
393
857
353
565
799
340
457
862
606
654
345
882
386
94
114
123
237
213
285
49
116
934
683
706
945
833
710
992
539
408
32
284
617
737
849
416
77
658
630
35
665
976
269
51
422
383
526
11
948
811
60
416
745
96
123
690
929
185
34
820
593
66
104
563
803
305
979
232
964
962
267
981
290
536
32
712
271
910
76
219
721
488
636
819
584
111
861
866
648
896
686
594
314
791
157
118
96
488
350
412
450
970
393
740
858
777
805
130
687
881
701
761
369
689
932
306
152
793
172
801
41
858
395
356
649
552
826
98
392
528
862
843
498
256
935
357
385
740
839
425
973
540
538
343
230
470
649
382
615
821
535
657
31
930
365
681
834
543
131
227
71
993
422
922
601
709
631
987
450
470
412
775
10
950
118
592
772
119
327
387
292
862
396
676
145
761
357
979
304
840
558
728
833
332
650
435
42
281
774
844
103
538
619
113
840
90
58
612
209
385
999
854
599
396
530
744
509
239
724
166
79
634
894
264
967
544
51
9
177
825
853
280
363
824
745
203
914
155
167
476
892
167
330
492
915
212
236
776
803
312
942
234
947
836
498
266
732
902
627
261
727
832
541
443
656
639
998
571
794
166
47
687
685
729
531
600
293
767
728
96
432
671
682
379
507
180
997
592
434
624
853
514
456
747
957
112
738
307
35
884
473
82
923
158
163
454
110
808
574
839
904
6
510
586
737
369
119
734
313
553
710
519
67
166
618
376
630
356
684
666
240
509
100
164
20
264
970
130
424
544
321
329
902
183
267
639
905
738
725
570
644
435
89
711
601
707
440
232
415
476
250
656
985
350
172
5
966
494
488
391
39
161
72
941
345
339
933
250
78
658
172
722
94
262
785
47
969
577
279
737
53
529
393
391
232
917
396
198
411
236
941
802
398
13
96
743
705
29
345
135
39
517
209
133
131
994
181
453
924
