899
300
634
191
893
23
621
142
144
41
522
946
222
390
762
565
30
933
181
420
751
185
67
581
382
833
148
890
875
888
79
126
540
713
317
434
89
291
576
585
332
451
883
554
841
997
472
223
931
653
643
682
838
62
616
572
247
116
814
123
4
893
601
897
607
271
331
696
562
259
281
894
62
516
448
255
514
920
479
445
925
474
479
763
537
447
687
136
563
502
611
920
395
213
817
2
484
500
50
46
111
683
292
526
200
740
781
714
13
612
511
938
87
990
54
976
438
741
112
1
243
724
273
991
937
90
345
421
942
396
819
406
431
111
932
631
203
713
697
216
326
208
507
413
551
913
741
989
654
853
342
250
577
616
241
514
58
586
287
353
334
458
759
766
921
691
749
125
756
799
693
434
7
552
199
558
465
940
899
472
794
242
722
371
210
315
238
620
253
525
973
940
336
84
58
257
127
159
382
884
958
428
318
966
980
518
876
446
458
776
918
604
370
992
976
932
659
214
552
264
91
878
204
427
962
262
37
90
422
419
974
380
847
644
698
180
514
927
626
325
703
896
929
425
240
905
357
899
471
261
163
915
139
368
342
102
982
731
544
756
151
870
489
350
514
539
530
29
466
508
354
521
404
283
946
644
541
655
895
364
917
59
279
408
779
974
862
113
705
406
222
208
276
711
911
791
250
441
172
717
302
878
590
58
513
537
55
54
544
950
419
813
361
698
222
492
24
84
958
730
491
180
938
119
891
849
910
493
643
434
562
297
312
153
355
826
42
410
232
586
713
3
752
426
702
974
271
78
410
229
808
901
409
747
373
652
948
283
145
943
718
708
240
382
213
596
208
255
358
441
193
423
444
945
202
498
271
473
929
682
702
737
935
463
836
308
115
137
592
612
80
662
672
321
396
885
269
957
492
979
750
686
755
546
983
957
397
255
430
326
937
484
63
872
947
252
181
414
389
125
26
469
139
699
790
535
584
411
492
77
391
242
115
498
141
98
455
538
353
237
864
290
721
927
515
20
179
696
434
568
173
460
390
312
159
532
199
96
944
44
525
687
638
640
185
779
90
640
317
444
229
181
86
950
461
601
322
992
649
756
913
822
216
303
134
728
835
334
176
131
730
701
818
368
693
355
148
135
347
465
931
576
647
18
878
460
971
200
452
621
956
365
443
525
20
930
253
856
616
781
987
346
482
158
714
527
513
862
662
861
680
946
789
679
316
668
139
287
868
591
260
177
309
56
702
329
986
307
537
954
88
525
652
922
35
366
801
548
581
815
761
261
761
551
292
77
571
431
365
439
374
625
616
683
33
670
365
371
977
902
325
65
779
977
339
814
696
140
715
629
956
828
242
717
379
534
795
950
965
512
742
691
489
710
727
523
381
92
894
358
994
572
776
126
901
115
940
949
256
7
578
212
836
172
929
567
706
76
870
23
588
612
715
78
674
442
601
55
886
847
766
880
419
542
6
321
9
299
270
265
306
201
829
494
373
759
62
80
187
932
455
776
896
170
854
570
964
807
978
850
654
744
83
74
638
441
395
647
92
17
265
751
218
94
245
592
205
659
24
393
591
479
169
839
2
375
762
318
182
740
521
836
836
604
910
474
397
657
121
842
675
738
593
245
833
190
189
38
850
213
431
793
45
952
633
399
327
395
717
509
135
238
346
971
194
608
797
944
266
270
786
293
9
379
890
842
569
80
232
419
645
664
565
42
968
198
441
296
593
159
157
80
749
503
403
296
112
200
240
730
822
26
375
831
757
265
673
678
345
906
450
343
922
15
385
242
213
827
538
158
338
696
590
439
551
345
735
15
897
975
745
719
353
120
551
110
738
576
141
435
834
591
778
756
606
516
351
819
695
889
329
33
937
919
824
489
264
560
504
161
887
602
232
593
74
783
55
164
360
196
600
546
787
730
655
393
246
6
564
941
895
245
326
185
516
503
674
780
63
530
293
302
484
526
895
911
661
951
75
373
147
675
920
935
406
575
680
4
581
597
298
828
842
624
13
359
127
39
491
542
922
137
197
406
15
92
669
676
43
745
402
543
420
322
830
178
249
510
183
830
459
833
10
302
457
24
13
937
63
504
831
985
993
28
744
8
121
413
37
516
158
439
411
931
113
241
461
362
104
996
544
563
829
554
217
639
930
582
928
994
439
759
331
432
140
427
441
613
841
830
481
351
269
893
634
734
134
96
96
590
444
992
154
274
546
723
265
477
306
193
823
745
304
506
529
444
934
322
57
127
152
539
478
773
432
465
507
918
561
955
509
357
947
15
631
494
90
896
323
748
441
498
845
746
4
375
190
290
697
600
417
202
139
248
975
923
713
483
193
626
790
54
983
738
69
615
584
512
863
259
260
305
757
106
403
113
833
593
404
530
193
173
84
684
421
60
959
134
895
153
760
685
207
744
423
629
711
359
493
926
618
753
583
375
211
986
841
44
580
597
927
125
770
11
810
192
423
121
678
670
274
791
356
834
887
131
815
598
843
308
876
461
413
460
189
625
798
30
669
730
627
948
856
749
960
18
941
735
139
972
406
766
763
114
952
650
245
767
600
88
427
828
902
840
288
91
817
439
473
839
169
100
787
25
849
99
395
143
835
887
467
593
653
230
707
605
232
304
724
184
745
151
12
647
343
653
738
161
92
563
0
261
15
787
639
864
239
34
359
74
921
178
667
926
760
726
883
992
30
607
528
775
110
541
774
454
546
864
615
990
427
967
251
442
754
242
659
993
629
18
419
902
549
438
829
309
164
64
654
195
24
182
322
134
75
97
940
621
961
907
963
389
874
215
831
629
809
842
974
438
213
394
693
762
184
874
71
349
938
725
896
962
908
570
449
335
667
389
309
981
297
272
722
171
839
905
152
649
748
127
439
961
873
132
723
409
6
146
758
297
872
6
259
132
577
60
467
596
450
776
929
99
401
651
622
240
557
775
241
657
254
681
618
479
165
693
888
172
839
999
469
711
357
80
195
286
141
663
883
943
791
164
42
192
816
16
785
725
791
26
382
397
59
352
228
225
45
469
749
884
820
570
948
177
650
143
464
143
158
699
86
950
863
480
494
31
497
279
756
640
658
490
38
717
842
618
942
239
87
43
476
259
613
424
437
264
919
253
759
78
952
846
380
815
326
226
199
823
858
955
816
516
798
206
585
992
824
880
232
264
923
708
523
537
484
312
153
755
565
912
185
517
758
917
685
437
144
884
612
354
191
428
870
989
634
807
982
811
687
566
75
611
626
950
148
462
263
301
217
180
213
755
698
324
672
735
761
168
971
373
522
162
154
744
504
788
552
838
951
239
404
378
850
382
329
350
844
944
651
413
476
217
168
174
541
193
261
654
713
232
27
588
747
533
684
251
322
236
89
625
828
845
4
30
227
685
381
423
629
384
836
105
601
357
632
494
902
245
148
615
478
528
555
225
61
240
828
735
828
269
361
656
466
717
39
693
402
420
468
31
156
304
488
110
13
472
956
915
718
105
883
548
985
438
125
398
678
953
134
507
574
847
515
40
564
554
85
966
326
553
349
835
209
189
945
223
662
901
490
732
358
725
280
695
164
405
94
194
710
580
53
284
427
921
324
343
827
409
661
154
314
362
341
523
551
638
746
565
891
589
297
250
314
929
945
830
334
391
25
44
971
430
328
398
351
4
93
179
765
106
685
79
468
26
603
372
16
701
289
907
290
939
509
957
868
455
787
555
846
164
599
818
595
280
568
298
636
14
477
402
120
514
481
941
892
436
665
908
138
954
816
780
245
325
737
114
132
525
669
331
41
620
501
636
252
421
287
889
435
764
643
908
631
124
201
523
913
218
784
51
172
952
831
770
629
921
884
762
798
905
445
839
877
946
828
130
367
115
371
155
231
14
415
214
490
616
90
403
834
874
806
358
826
990
128
455
911
364
569
61
621
14
252
851
312
80
333
32
547
704
187
779
70
954
993
912
570
83
668
756
309
474
466
487
816
947
295
79
663
864
140
285
231
393
488
895
825
821
927
373
877
114
504
947
420
849
211
990
285
879
98
594
706
565
82
522
864
729
954
527
945
94
164
176
839
652
72
17
473
999
742
702
466
246
649
886
447
213
229
732
92
679
679
150
596
113
25
460
842
979
340
787
425
504
316
265
509
388
634
334
739
376
37
557
974
38
796
421
251
377
506
696
56
185
198
5
650
223
817
492
202
157
631
980
14
947
245
523
687
231
209
427
607
598
336
581
637
484
354
240
861
860
288
270
397
487
627
47
62
444
891
617
602
523
597
616
470
194
491
158
425
52
937
32
651
625
965
640
110
319
232
323
532
521
945
929
360
572
977
422
17
868
39
619
391
988
587
214
182
430
372
959
482
661
991
485
286
956
477
396
628
710
72
160
231
17
89
943
590
418
365
959
639
757
930
382
97
869
596
632
299
320
591
133
981
583
619
268
891
96
16
871
158
88
31
741
458
473
684
400
243
402
359
882
511
289
265
608
158
213
240
809
534
832
942
867
767
913
487
10
362
504
882
872
944
265
614
402
738
298
154
982
700
513
216
211
154
833
172
664
47
412
825
933
596
120
800
363
33
288
726
747
144
608
620
88
873
234
843
964
884
997
946
937
863
514
500
369
348
672
34
395
437
211
680
33
331
832
749
365
472
475
464
616
83
436
57
308
22
900
272
907
249
570
844
112
437
344
482
785
369
868
532
806
79
212
191
411
44
940
128
517
415
944
485
850
381
542
511
403
794
135
662
44
58
506
508
495
203
342
280
572
562
812
730
642
376
921
405
772
862
533
641
629
829
127
832
210
21
695
966
168
830
628
564
888
135
72
383
690
767
15
614
329
179
344
971
555
265
728
328
479
613
321
461
443
448
293
653
822
988
619
990
170
248
554
59
735
978
794
777
745
810
391
427
341
735
750
897
0
479
577
480
92
898
941
535
699
586
541
521
926
512
511
96
112
417
507
847
747
654
624
493
816
15
920
157
102
670
54
103
501
631
935
594
882
228
481
581
166
22
102
92
535
965
540
999
734
400
847
481
54
823
326
870
191
598
27
293
621
82
748
122
65
35
716
947
615
550
528
781
572
982
225
459
947
118
459
33
518
658
515
572
833
841
794
376
440
821
22
61
255
122
183
673
158
252
972
125
154
501
259
78
835
836
890
135
954
701
168
824
711
683
396
544
877
190
273
317
364
295
730
619
769
265
292
279
869
617
405
23
470
664
102
305
500
992
440
807
45
961
631
756
644
380
652
521
922
925
190
286
572
920
258
342
186
902
621
407
519
378
431
989
42
885
295
895
229
87
54
274
48
685
30
45
417
682
918
340
960
109
626
532
381
236
874
919
139
848
327
658
226
110
0
621
995
647
868
576
734
922
850
135
959
232
532
377
266
450
717
226
911
695
759
293
284
985
564
423
833
891
433
412
1
433
33
348
432
253
924
167
175
126
654
486
358
186
863
977
988
932
203
900
980
314
545
264
300
109
39
485
353
472
249
706
258
634
55
690
887
331
209
414
458
215
901
168
401
116
145
390
401
701
290
381
15
187
997
667
296
36
505
649
860
754
356
470
389
763
513
276
94
722
43
904
938
296
425
691
412
922
433
165
623
75
546
991
262
895
658
559
931
515
560
144
270
268
614
659
31
127
287
478
202
682
734
492
978
159
183
391
82
617
556
57
692
455
400
307
702
411
866
986
926
778
130
196
47
96
207
78
576
847
556
778
529
291
270
508
802
805
251
236
774
159
294
819
966
46
126
669
457
992
655
384
770
137
580
817
233
140
248
809
987
156
939
516
447
209
376
602
367
627
838
141
139
484
960
105
531
86
774
988
430
781
372
553
918
305
722
504
445
970
313
784
127
253
652
926
814
29
528
181
8
367
675
147
851
635
253
382
74
379
723
856
161
447
409
431
752
132
935
549
454
601
685
581
854
338
860
20
719
388
554
727
755
229
227
959
216
480
693
642
211
768
499
724
216
260
156
968
392
91
870
199
692
555
780
898
245
640
271
964
381
825
44
488
406
271
447
974
103
493
617
314
261
468
39
477
728
547
798
473
638
20
672
683
575
452
933
173
445
556
137
826
733
181
666
139
452
114
466
555
959
83
222
220
903
613
698
631
160
848
104
150
868
128
833
795
933
119
968
378
675
458
556
409
639
574
900
444
688
366
351
999
801
925
220
704
538
270
688
698
118
144
849
338
273
34
485
206
505
454
936
533
912
844
294
903
418
194
699
459
913
51
458
714
328
678
771
867
300
811
565
770
955
766
108
580
153
594
138
658
400
74
191
664
270
485
567
41
32
619
500
297
22
310
363
350
341
134
217
641
297
135
412
253
253
872
185
406
818
324
65
570
750
608
234
21
446
154
62
830
125
914
127
147
224
490
497
565
977
715
207
274
202
971
879
455
195
65
862
366
741
279
288
491
239
875
864
37
381
926
867
506
840
346
653
65
837
150
982
166
217
541
792
419
512
672
875
60
89
737
778
182
368
66
673
607
941
538
645
322
816
864
828
9
211
833
426
400
336
408
566
553
950
358
973
814
382
200
874
823
937
652
5
657
71
679
264
12
569
261
687
737
126
867
746
337
701
172
737
37
933
655
942
883
13
915
697
396
115
924
219
404
928
577
413
351
256
678
716
177
939
403
914
417
622
13
754
323
185
843
712
470
498
655
353
512
922
403
260
390
679
831
146
959
408
560
311
16
590
27
545
881
782
460
299
404
825
405
80
362
249
792
833
747
799
186
611
74
941
223
816
972
55
314
932
815
874
243
832
816
270
377
698
52
189
349
808
14
754
888
377
3
33
562
103
184
748
714
258
42
290
426
14
345
741
946
512
967
541
696
784
163
74
834
215
615
183
376
982
937
264
711
941
297
273
396
482
373
110
92
415
400
519
782
97
260
80
610
227
622
306
363
785
732
197
353
700
380
729
682
318
993
745
611
643
18
7
125
391
469
217
159
222
736
293
319
348
373
281
928
347
940
291
133
24
489
838
724
221
919
758
891
264
503
502
907
873
861
384
617
683
954
128
905
42
421
576
391
794
210
319
494
150
962
979
526
803
817
251
25
88
361
916
352
217
771
612
90
984
996
59
667
950
187
572
993
608
149
736
755
711
407
249
861
369
228
739
173
45
342
550
485
704
818
837
273
589
801
363
574
798
423
241
100
962
166
445
571
667
533
326
378
940
575
591
662
155
330
187
552
673
737
37
729
555
874
2
497
28
717
71
826
492
664
278
455
830
76
26
497
609
704
875
550
631
466
564
786
149
751
338
822
488
375
903
395
601
905
892
629
974
963
807
467
980
86
922
810
514
300
308
123
4
535
25
987
354
589
773
855
340
111
677
180
838
932
576
791
837
468
421
811
784
580
630
764
18
904
926
532
204
586
656
560
474
681
547
828
623
672
683
963
135
712
144
325
644
72
117
833
892
890
996
28
470
979
144
841
883
71
373
440
657
381
352
131
415
252
311
38
924
346
1
60
410
497
737
406
921
854
591
814
96
940
842
567
919
339
760
802
410
133
594
419
867
947
903
282
199
566
320
475
913
673
887
323
523
625
730
444
479
673
610
576
613
805
495
532
144
255
687
554
740
281
325
959
580
228
241
779
795
913
255
60
939
142
383
462
767
465
906
599
139
869
527
104
674
374
637
818
981
324
372
721
957
697
33
538
278
274
669
425
540
924
485
479
419
220
941
538
38
199
489
529
68
16
633
94
390
270
912
371
946
636
445
904
686
478
794
964
104
463
389
644
740
226
475
511
446
416
49
484
968
539
365
388
555
999
483
298
621
395
21
568
32
818
824
718
296
970
34
753
433
775
749
525
1
225
36
799
993
438
636
961
977
1
702
884
352
185
534
974
932
556
542
964
374
718
34
23
688
420
128
473
195
877
351
548
102
387
700
96
825
336
409
154
689
111
391
42
648
925
16
581
833
910
897
208
980
932
583
668
704
711
493
252
588
844
800
43
584
500
491
409
188
252
916
878
364
307
272
12
584
288
945
418
550
843
978
530
127
913
550
831
624
43
83
564
888
236
959
472
88
802
233
277
55
501
507
771
160
779
135
745
419
81
515
969
924
845
851
51
758
401
234
734
444
318
650
684
906
962
508
994
764
742
623
819
595
482
590
756
261
78
501
32
159
368
353
435
213
204
838
323
605
72
409
402
742
411
86
648
373
595
995
138
689
618
309
284
101
900
40
714
978
893
99
489
613
452
924
178
9
762
501
614
186
262
368
929
674
455
929
47
402
924
185
91
543
495
375
996
747
768
62
77
13
161
918
627
966
842
805
975
956
659
941
142
921
310
423
595
117
353
643
519
277
180
962
172
27
689
520
126
457
583
203
471
96
473
98
62
667
255
389
623
914
683
118
836
993
893
431
462
246
426
333
876
959
295
48
986
984
569
465
794
504
20
265
600
494
715
15
161
970
404
137
885
439
255
721
432
148
504
246
747
283
579
623
242
874
23
580
211
944
397
5
448
418
270
401
912
337
416
425
659
172
562
544
612
169
617
396
670
474
995
417
757
574
392
351
801
415
931
12
360
329
17
160
99
639
561
11
976
329
436
635
854
351
532
818
520
149
214
190
623
561
607
732
136
351
83
937
767
367
949
479
48
318
991
147
957
553
510
285
234
298
272
88
649
804
906
170
306
473
360
281
34
320
14
522
671
449
459
790
816
760
621
864
78
613
363
387
518
873
672
752
524
945
193
173
101
451
695
407
276
56
689
663
728
55
185
751
504
997
542
673
109
163
889
540
128
253
927
646
478
600
751
2
897
944
528
998
747
223
758
24
631
447
39
711
854
576
463
710
925
357
383
35
872
273
575
1
878
502
647
356
454
750
711
351
694
591
702
794
166
460
818
150
259
209
861
465
785
676
175
711
33
559
98
906
832
673
907
710
527
906
418
982
657
481
685
703
72
739
497
239
199
667
389
810
876
602
275
14
279
451
77
664
10
175
570
194
848
829
256
375
736
674
709
745
156
747
448
580
838
298
171
38
965
912
200
194
515
476
560
146
279
637
810
641
812
381
835
660
210
443
387
298
117
449
43
625
548
844
558
386
142
729
776
459
642
977
5
509
805
565
655
436
202
465
77
14
198
264
26
761
707
766
59
176
215
455
154
115
299
712
853
793
441
630
252
435
959
258
944
116
175
599
552
378
417
629
744
967
893
771
728
952
537
140
128
104
595
282
571
246
994
424
391
788
54
995
223
365
605
520
481
781
119
33
159
888
14
903
856
259
26
584
211
563
76
340
19
23
974
590
621
969
15
12
109
421
8
684
787
613
204
268
746
676
654
257
564
668
161
772
928
539
709
491
103
785
831
474
809
158
65
430
479
432
795
588
853
803
272
992
768
829
613
867
505
267
124
421
287
637
194
567
177
903
59
632
688
242
106
849
400
523
632
879
307
427
819
513
582
444
505
702
273
118
569
778
737
694
551
25
331
745
592
860
648
3
492
689
246
599
538
998
122
170
230
430
597
49
943
531
493
800
234
118
271
803
248
8
849
800
33
533
545
978
393
546
981
886
235
227
837
125
578
311
296
808
93
245
857
388
777
703
189
363
173
460
518
422
468
720
574
854
253
471
832
998
17
165
236
604
393
73
730
323
385
26
131
478
623
988
867
752
43
408
467
217
220
986
991
688
706
565
894
311
388
726
309
406
892
546
10
637
971
740
960
356
118
443
187
94
431
406
846
827
166
666
44
386
652
387
426
358
304
321
21
692
399
330
450
643
228
461
280
552
553
592
908
24
35
447
118
819
205
316
646
371
982
42
757
986
781
536
696
85
857
717
129
256
400
580
900
980
393
532
532
946
477
793
322
864
240
792
35
798
109
33
169
443
427
279
430
208
815
478
645
24
196
775
280
948
707
532
928
100
417
461
398
894
254
721
110
846
513
146
644
974
179
166
770
607
445
552
815
612
30
813
636
578
588
268
526
295
801
455
747
570
916
145
464
522
218
926
368
84
72
13
58
604
179
180
211
976
732
378
940
115
191
576
693
131
196
572
778
997
27
525
567
295
23
383
817
241
310
537
325
734
550
736
338
81
916
901
409
1
632
349
468
175
925
513
307
122
85
437
471
464
315
391
759
338
126
928
579
788
466
257
523
368
993
213
450
261
467
859
614
99
561
434
626
486
948
933
960
33
723
784
850
38
527
609
376
653
890
307
442
356
564
317
76
909
882
878
523
349
738
489
800
651
924
427
489
872
712
450
257
787
586
107
825
113
69
553
766
959
861
560
667
777
229
743
39
112
622
562
813
712
51
966
363
975
393
852
199
457
654
457
245
240
916
422
705
985
976
472
296
189
384
963
966
614
59
5
78
681
919
891
745
323
209
108
650
602
312
850
412
319
659
657
559
927
79
617
913
407
89
561
596
825
525
563
439
584
920
869
617
192
761
362
515
322
822
165
925
486
15
689
805
26
698
717
954
777
334
219
537
775
780
133
600
657
48
392
593
969
261
210
161
374
924
676
697
98
193
974
937
561
663
94
587
361
811
893
490
497
112
27
624
893
513
577
550
561
969
144
882
582
706
43
309
983
71
6
81
617
332
370
178
995
465
765
708
628
659
550
126
123
930
102
16
443
679
919
4
0
415
887
583
473
282
892
456
706
250
890
323
582
260
501
929
725
618
989
354
629
539
832
753
469
286
121
912
966
40
269
318
807
156
901
281
790
145
89
496
747
979
171
681
240
24
610
317
643
599
23
624
491
855
377
312
142
499
225
460
891
846
778
51
2
32
332
144
529
421
641
277
753
164
958
993
189
921
662
184
872
686
808
363
893
186
676
387
37
253
847
928
99
978
979
453
10
663
597
891
437
590
520
190
755
479
535
944
752
197
480
624
883
288
988
777
474
16
164
511
269
364
792
720
342
123
525
704
787
122
595
224
65
116
766
820
947
301
116
699
498
596
323
382
236
663
511
63
679
675
574
300
39
718
372
733
842
897
437
981
372
33
205
437
501
971
257
800
624
725
499
122
673
174
856
909
838
367
972
869
395
899
522
434
617
894
168
811
144
957
792
516
342
349
953
843
672
562
643
296
287
494
771
960
21
627
221
211
347
194
80
742
93
954
528
62
201
48
226
345
6
18
861
348
720
166
544
744
728
539
41
15
386
164
327
407
143
548
618
842
742
50
584
187
5
465
602
206
513
828
903
871
198
116
572
918
282
116
663
10
7
56
25
393
572
704
800
715
252
418
558
347
469
494
534
826
311
136
384
177
316
287
48
515
403
620
785
37
88
800
47
96
208
424
489
780
128
642
848
380
412
758
727
233
604
614
59
916
102
795
93
419
82
141
286
837
114
71
874
554
872
273
650
80
697
492
213
825
134
61
558
898
171
637
132
775
603
191
691
706
987
784
477
421
278
763
611
744
186
837
298
410
111
949
843
160
793
56
986
279
469
896
177
640
533
309
415
137
853
459
195
840
243
672
613
873
787
576
617
973
414
268
384
877
217
227
37
362
635
23
641
104
919
818
96
805
480
511
942
333
970
137
525
566
161
138
791
948
715
761
273
481
29
9
358
598
588
395
960
223
771
953
679
42
123
775
847
603
639
141
936
961
630
461
879
791
952
671
91
19
784
717
500
813
726
210
763
667
605
75
890
728
28
922
771
151
49
970
107
688
112
43
2
94
857
881
886
161
904
329
532
688
46
32
853
125
242
616
792
199
691
34
928
71
956
51
223
358
21
682
398
133
77
400
228
286
282
466
447
538
147
979
579
546
363
784
671
957
753
815
509
444
849
437
868
158
840
443
516
861
125
914
347
202
667
927
489
301
393
288
839
892
620
770
438
983
555
109
293
308
276
802
104
126
591
972
636
431
415
504
292
892
418
639
95
437
566
936
738
311
224
930
204
196
700
642
180
255
104
473
915
380
627
20
858
218
344
494
649
112
998
941
4
769
581
451
206
499
387
297
811
964
227
367
160
927
9
692
535
465
517
450
198
144
470
56
362
167
551
11
279
901
305
283
22
886
735
581
737
474
878
548
790
105
267
303
384
277
347
919
94
865
370
292
361
192
349
724
359
252
87
638
505
392
274
528
630
361
109
368
835
987
268
978
444
536
281
828
165
628
748
259
845
470
552
207
662
253
931
374
505
370
12
10
763
638
890
393
999
999
761
835
338
382
165
782
918
446
963
83
426
711
694
272
181
246
831
195
499
762
569
356
484
934
719
247
572
609
641
572
961
754
759
299
136
924
434
406
722
749
841
500
460
536
772
993
782
603
540
634
717
110
342
202
396
61
801
320
23
794
892
984
549
3
635
37
279
421
444
353
170
637
854
982
173
978
975
308
934
868
942
3
978
636
557
726
698
359
46
73
153
291
57
54
646
44
92
926
818
888
279
988
525
485
323
699
464
650
7
398
518
301
401
848
937
959
574
987
318
621
60
823
912
469
878
910
866
322
836
684
210
468
24
87
953
347
786
417
350
145
167
868
798
569
717
736
880
291
75
550
264
488
373
528
957
603
439
175
925
275
859
135
95
236
223
401
935
361
170
285
859
338
154
657
259
223
745
139
514
173
41
131
661
766
659
618
370
98
146
295
726
357
783
173
593
358
574
881
71
745
166
930
83
672
940
342
247
37
833
114
210
226
245
871
992
904
842
362
355
988
10
81
345
145
254
291
503
181
172
926
926
690
857
9
363
149
703
962
186
888
76
397
114
321
268
106
578
462
821
933
450
831
366
148
328
972
439
831
153
611
757
79
301
966
440
16
467
143
979
654
383
407
403
497
729
23
956
307
486
777
592
936
960
958
436
288
930
875
471
84
838
580
515
492
899
956
508
366
451
839
372
835
599
775
684
328
151
992
987
637
121
579
925
81
537
362
721
819
589
544
903
428
477
419
920
728
727
780
446
178
972
819
365
571
946
402
251
97
394
238
86
516
169
12
949
706
726
23
877
315
567
781
743
396
552
15
124
631
796
571
161
120
742
527
691
40
281
942
490
675
532
576
191
701
940
493
759
18
516
636
334
435
769
429
184
673
445
308
304
593
231
466
713
325
345
756
718
626
50
208
301
934
136
845
987
429
690
746
447
206
734
133
993
856
915
177
529
712
838
186
305
69
652
370
747
349
478
465
975
528
25
628
462
513
825
801
294
515
547
94
73
633
579
67
841
494
244
371
206
82
909
863
504
913
585
603
262
63
420
589
943
797
217
757
662
395
558
957
262
457
403
336
91
982
755
932
829
999
655
387
434
564
603
290
477
188
893
91
604
665
680
547
462
250
305
124
645
215
433
259
673
836
595
116
171
350
400
352
702
56
739
488
972
342
130
802
883
375
893
487
40
926
386
502
176
43
978
173
259
412
432
284
600
380
400
771
82
800
475
136
208
215
976
533
909
106
335
144
481
580
983
873
858
370
727
34
765
706
559
376
470
344
660
70
724
412
194
158
565
669
295
773
884
271
658
146
730
345
290
563
278
626
437
136
996
164
523
113
222
82
490
692
426
502
763
502
915
309
661
480
978
308
605
215
579
616
713
661
961
3
225
239
629
14
728
977
530
251
443
753
333
285
445
112
787
560
966
54
869
627
534
200
935
492
415
867
108
128
880
421
483
457
13
465
471
741
794
2
992
237
755
677
874
552
141
662
465
108
716
686
87
603
886
375
95
301
594
555
781
474
976
617
932
989
82
403
730
228
757
74
466
864
752
340
417
893
354
234
353
71
920
441
26
807
816
121
460
410
28
594
236
4
211
168
346
293
924
76
521
681
503
339
546
255
32
315
500
738
901
854
809
821
647
187
980
463
308
441
225
688
387
461
693
598
982
39
243
906
467
116
939
970
808
485
577
192
152
430
930
53
636
92
227
283
279
207
98
940
0
675
628
387
136
321
337
118
712
580
376
532
49
316
854
857
153
784
49
306
214
979
711
850
71
938
485
351
498
935
643
498
610
271
238
98
945
575
217
9
156
945
541
205
261
748
414
415
532
463
73
746
794
136
948
218
427
785
921
925
720
564
423
330
835
661
780
780
589
349
142
745
295
683
302
556
431
68
323
315
883
748
61
677
885
361
895
312
146
816
589
866
380
364
548
568
378
329
700
967
30
842
64
325
878
366
234
661
786
557
977
669
306
390
346
543
752
594
207
898
410
796
117
143
160
17
63
538
698
763
857
729
606
921
54
484
287
288
497
73
198
474
94
504
865
441
399
617
387
606
867
149
754
984
292
914
354
355
805
52
471
662
781
77
584
188
913
223
476
762
649
674
237
743
530
454
536
281
71
923
887
290
73
641
275
717
908
629
425
65
33
896
79
815
325
15
3
590
591
831
352
240
858
589
335
388
43
224
670
466
147
909
757
572
903
384
642
163
365
67
580
398
315
659
565
640
675
920
230
618
752
934
858
610
524
545
350
919
769
372
738
269
634
847
841
537
583
835
52
948
902
632
698
217
291
616
209
318
536
791
288
640
726
146
602
250
44
953
521
813
677
611
434
663
458
628
552
41
463
604
341
718
236
392
935
880
8
497
550
896
288
839
537
14
337
139
616
733
444
490
547
474
101
333
137
560
961
690
601
425
646
295
143
235
687
430
115
695
279
17
943
568
208
480
582
898
972
551
631
416
41
530
242
142
864
380
54
825
422
8
602
68
303
97
303
990
528
770
37
159
140
332
727
348
813
662
246
785
213
878
553
606
760
796
748
624
528
155
802
302
163
404
370
466
502
26
808
382
796
197
541
288
529
621
637
694
283
235
831
848
465
385
454
226
533
554
850
413
709
652
715
224
409
85
42
263
463
202
645
612
399
538
900
281
159
537
327
794
125
159
642
590
896
448
816
781
3
19
194
64
23
909
289
784
346
331
47
810
534
44
422
285
583
674
918
94
564
246
889
689
757
883
631
5
332
800
786
687
171
980
103
194
241
392
331
587
76
378
749
962
423
171
599
358
198
518
804
762
116
45
803
225
929
434
230
613
234
16
652
405
348
755
952
589
500
283
176
576
661
926
890
436
449
489
794
999
359
951
761
827
996
564
52
925
351
634
890
585
2
542
343
350
298
647
291
798
930
820
726
943
98
968
380
899
457
526
899
169
477
660
996
474
577
401
751
280
387
994
217
390
536
560
92
186
207
736
336
489
556
414
433
654
382
165
553
840
43
452
9
873
465
357
699
394
110
802
674
498
796
891
888
333
452
332
871
11
68
208
501
624
622
286
630
5
803
184
197
846
988
558
719
453
915
770
847
26
573
873
524
369
765
764
702
569
448
574
580
869
134
433
493
756
71
476
113
874
660
310
721
648
868
792
454
784
563
653
162
136
527
38
505
292
154
560
213
602
486
793
471
620
579
317
728
650
793
842
525
805
152
598
805
373
390
259
509
953
913
671
441
792
61
947
84
215
859
297
817
345
442
641
317
373
310
45
24
103
239
901
908
744
499
65
117
241
325
626
547
590
649
988
382
710
287
818
925
146
467
94
491
909
87
160
635
397
558
11
852
797
264
112
541
115
178
10
356
503
636
903
93
637
244
827
347
531
645
624
678
112
71
521
373
158
682
8
556
240
371
408
389
635
873
931
750
51
941
107
554
930
362
999
567
606
826
267
138
823
891
168
935
962
689
660
473
723
21
29
315
392
789
705
28
662
636
778
713
929
237
619
211
600
970
779
558
148
46
48
971
289
568
258
604
258
919
77
333
940
458
649
684
599
354
712
614
342
843
679
271
80
299
483
32
621
614
943
770
12
343
741
653
912
0
257
522
271
334
855
211
144
504
247
744
210
960
358
552
155
37
176
587
688
11
620
310
977
915
432
989
258
173
642
170
525
252
692
796
938
900
359
83
404
607
179
967
919
537
871
74
926
47
661
967
410
633
629
387
548
61
728
159
586
371
681
112
623
374
908
913
274
620
996
30
227
175
349
498
64
221
572
343
620
585
310
31
219
291
770
119
704
499
278
290
870
960
402
845
686
663
110
312
283
107
694
862
634
44
360
699
617
284
42
237
869
704
268
440
347
391
560
51
890
190
341
112
502
96
309
188
111
419
852
746
526
899
960
513
943
672
212
560
956
606
149
177
662
770
618
361
161
178
412
51
720
105
163
223
553
472
763
664
243
616
762
770
515
722
283
810
394
847
722
702
805
871
880
