150
272
200
283
690
685
634
998
266
312
664
141
333
367
605
305
415
57
629
339
689
302
299
564
829
268
551
61
85
893
395
587
517
948
870
207
633
504
205
252
168
221
745
502
941
350
159
356
759
788
695
449
91
346
13
272
967
916
333
52
809
729
639
326
29
861
886
662
717
91
266
886
665
11
740
606
361
899
962
473
687
9
922
130
356
287
403
323
204
736
727
365
817
718
44
846
579
282
861
296
373
127
534
390
139
274
996
852
525
958
325
565
320
247
695
676
887
98
351
443
835
78
160
652
148
556
851
727
838
712
375
564
839
910
954
978
184
951
831
62
261
156
627
581
756
322
609
995
773
312
438
608
742
598
612
890
155
815
617
345
527
993
909
367
255
864
697
791
167
880
853
780
389
832
714
497
155
323
492
280
988
930
240
730
880
204
621
387
20
590
733
547
935
994
266
190
858
316
982
377
196
187
158
937
20
872
434
527
547
926
807
535
208
47
266
441
251
239
828
623
829
913
171
117
908
437
307
118
105
641
848
302
829
6
239
849
230
26
376
129
952
535
17
513
582
635
954
185
874
134
809
55
48
332
172
308
121
832
778
227
473
626
881
302
984
472
151
214
498
879
696
803
414
713
316
348
700
622
886
926
756
47
981
156
379
506
816
852
338
595
79
811
221
960
466
206
433
969
772
283
849
820
86
615
885
402
964
585
24
202
511
133
249
845
641
980
703
458
832
41
405
912
204
626
224
670
184
9
992
309
293
841
481
379
808
367
134
124
952
510
326
816
643
575
13
637
555
716
95
388
757
500
652
313
478
876
336
15
886
328
676
531
521
157
910
329
524
44
454
829
907
780
645
902
708
658
539
615
374
634
355
483
486
7
796
317
236
484
332
474
812
8
5
685
517
267
15
42
664
821
871
571
601
868
473
661
878
13
277
604
999
632
87
838
992
235
155
228
72
839
54
884
199
59
922
716
326
937
110
342
758
333
913
711
201
739
373
431
752
2
35
103
986
474
941
978
62
448
206
134
287
612
370
838
671
292
555
350
581
665
692
691
999
958
403
552
697
128
984
801
130
371
904
116
198
846
447
612
646
5
746
934
618
468
772
289
113
679
991
694
697
684
386
48
994
141
600
691
269
936
492
751
660
396
219
210
594
666
822
241
24
568
527
642
388
651
283
501
331
275
548
380
311
934
428
305
75
380
348
696
669
840
799
681
588
370
891
183
389
713
776
413
633
655
55
21
306
338
875
989
965
423
369
276
357
149
933
784
530
281
832
551
473
983
232
62
353
123
597
742
836
373
155
821
28
562
842
686
253
717
676
218
492
397
847
201
547
780
337
77
414
169
628
887
504
860
949
858
335
546
952
523
271
460
344
651
22
186
338
275
256
366
846
100
763
693
302
310
825
639
739
239
161
719
127
665
931
76
875
266
975
828
141
598
288
485
250
310
24
940
938
632
306
784
732
421
477
34
84
302
674
175
894
835
895
21
852
178
449
728
797
776
556
938
375
844
424
625
506
800
917
444
432
575
580
164
996
57
199
432
712
873
608
606
60
855
979
912
385
780
640
182
557
548
121
932
392
897
909
251
697
178
47
129
753
628
293
101
37
844
534
101
69
494
59
129
349
38
394
734
819
34
269
376
583
742
660
327
991
921
930
688
99
978
169
852
606
814
953
643
11
839
745
80
333
804
210
34
195
604
121
366
990
742
94
925
484
754
605
475
27
535
515
126
513
36
330
471
202
635
467
213
475
564
294
160
720
504
547
915
460
20
281
802
762
375
80
598
481
685
73
508
572
940
634
438
976
964
909
178
600
728
392
427
292
38
939
13
542
486
928
354
506
562
508
620
289
588
218
771
625
643
279
550
583
266
988
911
582
249
442
534
978
834
313
270
872
253
635
766
91
564
472
950
478
332
570
767
273
141
538
250
784
170
800
720
788
140
631
370
742
73
257
720
259
570
342
483
823
978
601
915
894
425
865
372
758
787
139
31
928
30
281
65
200
434
785
988
574
416
710
316
842
967
388
453
890
83
937
713
61
890
980
307
316
197
679
74
337
170
457
265
552
90
330
752
524
467
92
451
884
155
767
78
474
156
531
364
239
468
430
652
711
410
959
27
960
990
453
297
512
262
914
65
352
597
169
229
64
614
680
300
769
447
730
243
955
262
960
546
82
390
550
793
152
861
820
112
851
625
761
716
887
28
133
240
977
654
469
393
268
149
694
389
948
776
985
904
38
945
802
473
335
353
266
487
214
439
952
418
64
713
134
952
93
619
544
70
273
13
464
894
514
510
283
814
286
620
718
677
565
873
150
900
226
416
740
440
855
692
858
272
757
344
576
851
315
120
921
941
485
737
835
351
247
470
165
534
91
884
211
8
109
713
261
335
129
1
127
337
693
986
609
450
682
537
653
350
657
927
291
142
664
126
493
912
948
658
798
391
894
361
400
355
74
661
690
555
662
818
892
707
156
853
509
190
390
163
540
399
90
831
541
106
309
386
18
610
397
168
1
643
529
401
999
955
414
41
511
428
211
403
135
367
609
997
910
351
512
450
751
954
634
644
60
943
383
79
553
780
599
555
775
129
308
126
84
75
168
595
503
379
351
991
99
312
988
9
663
852
811
414
806
445
59
866
389
442
297
294
574
897
201
701
378
862
828
814
937
348
762
440
79
113
783
530
425
123
539
88
975
351
855
781
796
266
0
537
708
649
184
634
898
737
687
628
599
515
443
888
215
205
329
647
670
464
177
95
588
717
535
563
420
742
697
568
8
49
458
68
698
642
54
949
379
742
577
331
609
372
219
825
577
900
472
247
365
1
694
953
718
582
516
490
324
565
59
685
614
517
753
665
511
808
614
242
550
543
573
511
916
793
336
493
693
160
93
58
162
139
11
232
721
880
75
398
445
486
435
412
355
188
77
866
348
43
108
250
586
682
762
502
475
450
348
520
963
441
579
477
932
942
61
6
822
136
404
620
622
191
384
977
379
461
843
80
856
304
330
442
338
444
297
165
895
645
685
858
438
264
687
370
559
748
728
733
885
484
705
507
675
89
837
55
902
32
487
758
336
169
201
674
614
850
191
861
495
877
71
285
493
758
7
52
506
736
786
391
220
491
251
248
933
88
303
835
472
142
594
809
311
147
835
925
349
27
786
196
256
857
481
749
967
840
154
474
928
940
865
501
783
468
749
716
908
404
904
381
546
850
190
857
349
377
135
698
756
273
894
12
483
727
762
450
567
916
924
496
208
142
349
343
610
98
412
519
502
316
252
48
518
794
257
867
171
392
565
928
18
459
292
501
538
54
951
105
322
876
953
882
18
302
226
980
400
638
851
254
306
103
654
824
897
912
43
421
656
608
701
674
419
993
527
957
400
479
414
74
355
368
957
725
22
535
57
775
525
909
29
831
12
684
7
262
948
50
683
956
10
384
983
781
729
510
90
129
989
504
204
696
224
513
773
599
48
831
374
573
740
403
756
104
439
763
718
739
165
401
48
527
137
31
308
867
893
750
348
235
254
552
283
831
65
57
430
465
888
804
38
980
559
794
436
351
909
155
442
74
556
490
953
46
873
261
265
767
363
613
354
618
518
637
801
935
46
231
401
934
387
791
266
298
586
703
649
495
858
444
922
766
934
875
812
808
489
429
927
852
43
633
822
561
270
975
848
317
558
249
603
945
41
870
596
979
925
597
826
783
41
100
901
976
328
714
136
817
143
415
21
538
48
196
451
670
171
300
987
730
549
943
27
942
813
623
273
738
221
100
873
262
200
774
590
528
840
78
697
336
493
719
874
893
267
678
564
438
978
903
520
879
846
548
822
11
171
95
101
392
547
974
7
748
101
949
628
293
28
326
629
873
397
856
119
16
534
683
454
512
938
975
743
785
523
565
148
46
13
250
791
912
576
798
12
29
747
641
323
127
319
952
1
68
160
120
84
694
155
890
558
93
217
302
230
92
219
731
139
584
981
930
497
909
80
509
939
179
502
262
307
821
566
660
241
727
132
325
773
287
216
684
732
433
338
315
526
909
46
17
846
379
947
343
288
379
204
227
558
707
841
217
880
408
877
122
487
9
447
612
648
15
648
733
801
338
48
679
248
446
696
94
825
995
789
113
374
993
693
284
52
534
502
933
294
731
407
133
93
206
746
93
222
746
826
375
85
226
54
685
24
102
779
849
449
568
315
175
913
8
459
318
894
313
251
189
397
10
322
490
216
420
583
438
519
762
165
604
340
571
289
365
673
420
214
474
340
881
649
605
889
461
923
784
126
526
325
523
536
999
13
753
772
949
543
291
711
709
247
403
632
888
768
658
308
335
132
0
216
782
605
458
595
529
594
721
407
919
245
944
270
610
49
42
559
592
685
622
653
932
26
286
172
794
944
480
129
76
832
698
210
438
156
157
319
750
879
78
21
124
22
643
86
71
686
646
16
723
268
669
656
294
307
828
441
251
661
922
680
493
620
242
283
128
400
954
230
631
33
251
107
407
895
193
831
933
839
847
656
460
516
664
754
824
845
547
427
506
470
459
351
442
702
987
571
454
293
153
85
326
405
192
86
652
385
917
937
225
764
593
685
632
610
791
808
455
339
588
961
161
47
664
955
749
3
878
203
297
32
288
975
789
832
61
793
218
978
730
443
94
675
480
79
285
623
239
740
962
827
53
475
875
718
783
976
721
661
532
370
693
172
346
834
5
407
627
223
738
357
18
184
33
850
263
670
473
503
411
788
682
464
263
909
534
46
886
608
60
770
978
753
942
324
940
947
84
567
522
174
277
540
358
662
390
974
332
864
829
743
652
511
560
267
421
446
666
659
54
726
429
385
831
371
61
771
671
145
691
193
319
968
86
30
630
476
4
962
692
833
58
696
696
618
964
469
64
982
128
471
708
557
208
539
281
269
663
952
767
354
497
86
322
583
116
304
412
472
266
104
305
324
153
354
294
469
823
359
451
952
182
159
861
390
50
494
659
65
446
426
419
296
865
93
879
333
397
643
806
16
748
463
340
253
169
635
722
993
346
173
297
528
332
158
270
734
653
281
800
451
60
571
99
925
665
979
610
414
974
768
430
74
584
123
327
753
758
49
746
104
222
43
984
906
554
254
993
559
535
793
362
947
364
462
872
381
793
835
148
767
603
578
842
187
701
169
941
811
219
39
267
793
435
251
700
989
857
693
900
745
838
262
692
554
724
917
288
517
752
436
285
707
366
127
895
420
296
188
231
515
579
499
661
14
102
361
355
312
406
255
409
244
518
453
798
242
722
438
760
474
874
45
534
241
524
429
661
820
969
244
688
548
95
349
563
550
62
918
214
468
526
623
64
44
428
214
286
151
653
398
977
879
795
511
120
319
292
133
492
261
730
532
810
825
881
725
375
295
643
589
763
521
564
179
565
993
393
204
496
398
602
473
278
750
337
750
421
629
884
913
891
614
445
53
791
678
778
519
973
773
108
88
295
25
619
860
370
365
416
866
763
371
691
393
121
28
144
542
10
380
808
901
346
605
306
137
284
84
656
609
857
117
50
504
494
669
717
864
34
133
82
150
504
125
543
625
154
687
520
516
419
680
769
765
285
75
255
921
159
263
883
368
732
933
873
226
602
942
442
989
75
524
139
580
650
682
557
156
722
429
672
141
109
441
907
747
868
514
668
27
777
551
747
510
836
972
736
439
914
531
780
990
55
919
922
57
953
479
565
675
261
589
169
370
382
428
117
250
942
138
629
719
41
377
581
878
701
670
669
968
201
449
310
608
720
232
18
673
63
583
701
324
173
222
47
555
650
516
158
944
654
787
15
48
516
597
926
570
267
947
538
820
396
848
780
468
432
798
493
847
382
546
524
907
768
571
814
418
87
972
362
94
112
730
142
628
327
420
198
946
367
88
118
115
936
898
583
720
697
428
568
431
975
92
690
743
15
504
514
454
829
228
900
941
958
42
921
285
814
472
583
533
560
701
648
849
600
583
921
649
12
841
80
339
933
770
82
300
626
596
755
455
177
655
748
135
50
22
773
216
494
356
750
406
410
750
607
10
686
881
659
50
722
91
389
8
861
823
308
839
772
63
295
949
71
395
84
473
417
209
689
263
566
439
22
976
542
981
338
228
862
349
278
937
792
19
945
5
842
253
844
614
669
491
563
92
887
0
565
304
209
254
920
127
46
942
455
588
923
145
168
138
494
446
75
638
817
372
643
659
625
488
626
646
979
541
90
218
541
655
523
103
262
795
582
308
737
38
248
12
535
416
502
382
214
929
20
31
301
664
690
279
504
668
925
835
210
16
54
103
23
929
558
285
724
141
945
813
531
193
177
66
961
680
448
175
609
821
206
263
485
249
542
341
917
819
176
479
187
582
583
211
511
141
848
587
634
146
400
165
339
578
232
301
610
32
828
571
853
35
834
690
636
728
31
905
548
560
385
735
142
320
298
6
461
499
593
96
645
346
613
984
276
845
637
886
230
466
809
435
853
644
126
841
724
509
746
272
69
131
360
564
451
658
922
265
157
515
713
154
861
326
139
137
524
128
375
754
946
185
189
151
181
667
992
905
177
91
530
598
574
890
514
378
900
436
643
410
304
356
564
517
34
55
7
558
536
382
312
834
919
854
986
452
873
330
358
50
421
240
1
996
482
515
374
382
304
17
144
608
725
709
125
759
116
132
318
652
867
982
487
786
188
473
239
62
155
949
464
577
189
817
573
671
685
299
405
989
668
550
597
393
259
74
504
727
207
174
380
74
509
219
212
697
44
451
111
199
400
928
776
941
745
701
964
430
0
370
771
668
920
368
413
531
795
918
258
2
92
990
428
601
209
640
651
253
444
114
453
196
42
581
138
140
283
102
922
635
472
694
304
744
414
69
627
209
987
886
563
432
228
991
385
438
984
388
691
428
503
496
976
897
78
114
37
361
569
312
996
393
6
652
138
772
722
765
982
61
3
545
845
232
889
231
670
225
619
713
653
474
210
629
372
288
96
761
1
665
73
349
58
79
2
548
852
76
666
186
489
21
83
335
253
324
918
275
549
889
989
554
364
551
536
88
191
632
849
192
649
923
541
59
354
895
960
558
323
626
96
165
647
180
500
253
504
770
528
54
659
869
960
375
772
496
463
963
480
313
155
129
588
49
541
942
296
501
853
620
479
949
785
126
129
637
731
986
407
260
392
418
481
352
794
254
849
257
217
329
922
725
811
510
774
352
805
422
853
658
394
684
607
531
810
89
168
542
427
927
154
819
346
987
171
140
241
372
749
811
702
672
536
513
534
662
217
339
84
422
349
479
106
309
10
268
398
531
810
825
458
316
996
156
304
167
648
897
540
398
708
594
422
244
459
308
258
676
648
343
98
349
174
556
658
536
824
408
67
987
585
878
303
581
34
959
749
35
857
641
785
565
235
207
162
694
515
420
722
515
115
172
865
289
728
875
826
552
284
245
539
869
123
195
451
510
154
552
897
11
545
682
577
780
241
91
826
108
511
900
624
979
72
841
268
152
716
446
704
0
44
596
222
519
791
673
381
945
577
278
957
122
960
886
254
201
977
432
662
840
332
286
819
756
479
440
908
195
238
612
548
634
208
770
154
351
795
535
297
372
814
606
846
126
844
100
680
173
884
342
365
216
980
185
972
459
977
232
6
567
844
906
202
405
676
356
756
823
243
405
547
409
363
393
888
207
845
568
732
729
262
98
297
242
283
621
53
612
853
411
179
50
318
381
455
346
89
563
522
685
321
69
94
684
815
982
244
12
902
976
94
164
74
743
758
709
365
163
321
570
575
853
620
245
586
427
943
28
343
817
713
664
887
159
700
54
142
944
418
396
273
864
913
347
608
671
409
973
187
82
895
114
935
516
359
522
943
654
902
286
472
615
302
711
774
355
117
268
651
535
665
924
400
578
624
8
601
33
333
788
115
228
902
403
96
613
277
40
620
179
678
92
794
333
155
920
688
272
541
339
159
206
616
559
136
240
919
89
625
604
230
740
185
132
495
281
98
772
673
70
951
704
514
97
389
669
18
77
293
559
768
452
117
384
364
605
976
635
46
601
592
276
694
777
761
189
410
859
962
436
929
913
140
795
363
881
464
381
958
757
292
78
561
761
815
925
366
791
913
764
745
505
41
439
282
802
628
44
13
942
480
294
208
972
89
571
853
553
952
163
662
596
594
223
357
409
501
75
552
414
839
297
919
232
88
553
34
69
949
47
11
430
341
219
754
430
790
960
335
94
123
349
42
717
925
751
478
426
826
31
192
18
680
463
250
769
368
637
838
317
684
849
99
378
421
854
160
563
814
848
10
289
197
52
359
122
804
837
548
982
868
92
352
549
555
955
670
275
592
508
593
628
709
44
6
130
898
519
694
64
367
704
706
564
108
65
687
912
902
587
247
123
32
599
24
939
554
694
215
146
202
160
127
263
204
485
394
455
4
440
871
371
496
577
288
604
642
327
869
897
266
116
20
298
715
396
238
622
90
805
768
644
965
247
907
521
733
653
976
737
93
200
461
941
777
101
898
772
428
767
669
694
235
41
345
950
437
583
572
527
740
693
523
705
940
430
226
25
436
555
763
529
755
576
823
884
677
721
656
457
488
325
503
723
718
848
25
155
783
950
34
523
995
557
580
287
340
159
313
776
66
76
305
821
4
480
57
33
201
714
490
689
391
993
764
110
194
142
617
977
92
652
853
439
209
433
726
549
592
39
325
10
467
983
183
823
463
241
856
17
955
346
58
698
692
823
160
886
317
778
215
409
782
68
200
991
502
926
893
446
318
570
457
137
905
640
961
721
233
817
738
540
516
796
239
208
971
751
446
288
529
661
49
663
730
249
655
584
528
900
382
846
470
191
335
376
184
296
449
417
466
187
958
334
983
549
894
955
300
340
595
182
1
645
845
83
894
852
667
422
752
402
620
575
593
956
303
777
604
752
195
422
939
153
756
274
702
650
581
354
342
177
536
696
822
734
779
68
586
799
491
339
201
463
266
146
771
569
924
376
321
119
798
612
624
907
886
678
909
468
32
252
997
569
948
819
655
79
887
241
230
730
932
783
546
198
930
317
767
854
45
440
325
196
52
949
455
291
627
364
111
659
616
108
580
916
279
235
348
166
477
930
249
761
714
147
960
996
816
79
202
862
520
527
410
924
476
865
215
455
229
326
114
198
786
47
466
65
634
814
584
463
745
833
225
811
332
185
159
148
264
361
362
136
888
772
61
716
637
628
171
867
955
637
417
741
684
883
807
319
698
743
782
795
576
359
958
260
544
117
408
161
478
771
649
718
895
710
434
533
691
957
752
646
594
169
739
631
52
898
950
102
641
84
249
569
444
207
181
340
676
590
853
506
713
503
224
608
565
10
493
256
967
245
254
562
766
346
193
819
244
495
273
238
931
523
159
727
82
341
68
759
283
921
265
348
776
842
956
342
852
450
598
820
47
205
734
814
551
279
985
147
774
258
385
57
781
897
785
216
238
205
975
521
478
592
869
255
786
177
597
639
979
547
811
379
752
897
193
303
176
530
451
302
788
188
711
922
85
496
138
323
701
113
196
180
57
417
787
844
947
384
835
278
931
998
657
36
895
202
339
423
732
790
77
521
979
788
443
64
637
933
740
690
398
288
870
455
58
9
651
5
393
838
283
677
836
941
713
83
143
52
506
228
195
935
749
526
724
544
942
361
477
682
51
875
323
274
682
381
283
334
386
29
524
669
706
361
962
771
444
458
823
303
686
370
590
787
896
314
683
839
27
160
873
431
387
196
705
69
577
340
755
315
369
280
337
427
993
651
198
789
109
374
92
147
744
683
286
993
349
969
184
377
129
57
808
868
606
865
938
535
557
45
851
927
325
540
706
670
191
905
460
653
631
904
800
727
939
87
720
289
56
904
18
538
314
178
406
272
395
696
807
952
742
10
231
419
550
938
90
742
195
550
395
826
454
547
553
746
634
626
35
43
882
405
581
196
935
339
820
330
36
628
282
778
990
866
549
541
804
639
635
999
541
382
177
348
929
730
94
916
708
481
311
591
238
244
139
173
583
960
855
971
940
137
749
930
3
651
471
159
290
458
158
184
840
687
532
122
770
978
390
478
811
701
69
49
945
561
222
880
521
77
852
461
566
601
743
922
252
567
81
895
25
592
79
218
279
963
340
49
293
730
880
104
431
949
153
728
862
727
608
383
804
460
196
722
414
940
996
18
507
78
265
884
22
696
102
653
11
794
55
304
876
935
408
659
236
913
387
99
640
348
834
796
160
383
519
574
675
515
945
182
945
562
418
319
259
873
973
270
667
380
927
544
315
335
203
903
249
943
354
889
643
189
686
803
924
557
730
599
424
675
133
370
237
551
689
848
424
14
471
444
394
398
340
709
85
895
965
334
190
319
576
833
860
614
637
784
523
367
383
947
394
868
317
631
420
359
832
196
373
303
992
768
701
332
829
138
580
146
473
770
466
401
604
678
367
241
815
890
960
550
189
354
419
859
985
191
218
169
387
943
472
732
711
525
416
893
664
996
39
489
767
857
242
723
536
961
964
351
203
924
901
392
278
672
251
615
863
469
137
603
765
961
335
476
839
751
721
855
748
113
344
867
970
938
590
858
251
906
561
454
182
815
846
812
487
98
779
351
919
916
954
684
878
641
513
717
392
586
572
492
699
268
711
670
558
653
880
809
559
442
263
93
257
109
905
744
559
685
447
831
953
753
867
831
394
380
900
139
967
824
983
666
444
695
688
2
700
569
163
260
11
426
705
620
888
611
364
799
648
812
630
601
917
498
785
312
230
37
803
549
862
786
216
306
833
256
661
534
177
824
146
540
603
851
160
491
814
877
290
462
689
273
416
958
123
553
270
353
590
73
903
804
212
471
463
45
79
476
931
257
300
429
797
903
281
310
746
447
187
389
262
228
662
30
186
137
583
809
490
525
882
745
682
446
568
145
844
0
621
775
257
273
205
406
177
838
68
923
637
255
664
899
483
326
929
670
463
512
479
306
390
713
403
72
512
324
569
356
324
542
131
933
167
688
691
344
878
760
620
516
367
284
415
851
963
697
873
778
561
704
436
951
769
192
375
281
516
296
637
192
838
121
477
6
161
520
702
40
632
674
908
0
311
323
203
274
20
76
404
582
132
841
885
253
385
261
535
253
909
524
445
748
645
274
106
159
794
160
199
779
187
107
779
498
782
982
124
155
410
528
89
894
721
326
147
106
939
34
359
849
559
156
949
556
782
55
715
929
567
266
708
754
725
839
252
508
821
728
15
583
257
104
829
330
430
976
437
370
11
148
219
570
657
520
478
791
927
194
720
494
460
780
601
186
619
205
46
792
934
61
727
191
517
556
873
299
885
310
669
896
811
240
818
820
112
296
611
39
842
684
534
303
816
487
841
436
692
887
580
626
300
308
169
817
864
43
116
749
705
138
997
868
730
167
688
843
464
652
882
306
688
768
961
504
255
802
292
948
689
873
926
989
181
96
158
397
139
275
499
196
765
496
65
495
664
105
690
480
109
925
138
797
693
100
654
301
902
946
601
944
819
527
285
352
623
796
750
114
71
249
311
188
97
728
35
761
833
726
593
943
3
732
740
48
832
746
349
86
693
950
382
864
830
668
217
805
464
319
920
887
568
583
427
17
311
462
131
144
540
724
439
543
456
180
592
640
278
293
727
971
596
109
836
426
129
405
231
945
724
503
184
644
438
611
661
101
74
792
246
614
869
37
510
325
569
102
318
848
395
45
819
991
506
7
769
988
412
1
933
488
856
118
132
647
729
146
748
155
290
346
770
159
384
280
837
953
734
507
801
129
904
621
473
410
980
242
398
745
595
684
233
804
802
718
451
531
216
199
687
506
546
809
18
930
441
207
235
175
714
37
656
970
10
129
380
990
724
131
735
319
815
321
475
617
391
926
500
607
478
539
465
24
700
483
306
493
42
541
668
108
930
677
78
940
806
811
283
882
942
370
554
109
691
29
78
82
956
930
41
786
822
507
810
522
342
468
16
385
361
36
845
292
713
276
232
872
87
867
754
381
238
308
490
281
690
568
364
998
850
405
784
672
264
946
195
607
414
563
992
127
599
189
419
313
465
4
537
904
871
291
285
109
952
127
391
642
47
107
640
898
864
424
570
129
370
765
736
136
680
80
263
280
621
35
945
87
39
482
343
262
125
629
724
77
756
467
71
804
574
711
702
790
487
624
271
209
390
359
345
422
439
961
702
413
996
999
852
387
833
195
649
959
824
373
388
933
840
812
89
766
875
143
557
363
767
828
924
509
540
622
932
331
583
986
744
931
338
596
318
171
144
967
482
968
341
871
253
533
35
694
300
910
837
209
273
957
389
550
466
929
172
750
261
755
89
5
38
427
954
356
598
98
675
81
418
368
304
24
902
339
718
554
601
908
763
227
865
152
777
683
82
949
434
695
56
523
52
94
302
6
802
900
456
477
333
875
198
989
251
100
680
969
654
282
877
769
509
94
921
638
778
355
587
564
402
995
439
455
441
741
813
595
993
270
72
679
497
622
668
748
722
701
69
728
983
299
849
844
393
123
834
523
478
421
87
233
768
878
688
209
619
853
804
613
475
228
292
324
851
312
72
925
13
494
6
348
145
855
544
538
978
378
414
809
151
501
394
271
380
434
480
351
287
636
316
763
217
960
87
420
625
512
697
638
358
55
339
503
911
235
393
241
966
807
402
117
661
796
741
393
582
573
96
870
210
413
985
779
373
424
199
998
288
248
989
646
304
680
501
567
915
895
160
881
54
563
351
67
711
92
460
294
665
557
516
227
322
501
358
47
277
909
46
566
158
387
564
462
67
66
381
334
313
541
568
719
104
271
787
168
715
599
814
732
508
330
960
830
183
318
230
460
580
628
378
738
15
943
552
434
361
933
120
26
474
688
745
931
311
884
451
26
836
265
759
344
947
71
527
130
741
757
942
321
385
321
411
752
616
963
186
977
896
658
355
723
699
100
6
10
337
457
37
173
722
148
517
669
571
396
151
312
153
93
986
890
766
397
642
382
713
180
711
609
839
66
684
538
167
690
900
504
147
289
29
221
437
546
242
360
295
393
673
800
839
11
691
605
408
685
988
121
218
699
83
409
766
119
947
285
810
199
141
309
489
170
531
278
68
125
639
363
519
664
164
358
675
207
315
435
244
303
909
462
3
992
871
121
463
170
406
273
370
547
935
859
69
818
137
137
943
776
501
814
440
17
172
467
224
488
903
468
143
812
283
498
156
154
619
619
325
377
893
695
276
180
906
345
998
43
483
941
172
336
756
964
353
280
432
929
120
335
749
264
147
384
114
655
539
734
274
216
111
519
263
388
699
169
85
697
564
568
991
88
256
747
53
961
379
837
242
500
172
992
116
671
376
230
326
267
964
952
483
428
472
98
168
171
267
605
221
184
174
212
624
782
311
677
744
690
866
986
190
390
330
658
61
59
889
739
326
205
44
162
633
516
260
153
39
880
759
260
416
285
824
40
67
135
70
811
826
936
150
368
327
480
27
740
539
916
832
866
121
876
380
107
744
640
612
783
872
723
396
288
360
220
329
428
356
751
591
534
687
741
902
366
574
929
459
113
197
291
331
671
519
711
778
263
352
742
398
576
466
794
865
826
367
546
606
723
297
550
257
336
643
511
55
217
441
514
331
638
157
662
309
676
726
439
291
78
534
41
6
0
836
871
178
203
417
137
278
66
687
887
403
330
398
458
548
839
324
231
830
481
245
491
509
971
283
800
401
817
193
408
169
29
279
347
584
49
484
214
467
523
101
222
854
500
32
754
691
356
337
521
837
582
365
346
554
0
498
955
817
692
363
986
73
995
685
10
396
522
224
863
45
326
86
251
178
118
357
869
475
694
743
664
277
460
363
831
460
213
138
277
257
502
615
331
849
300
341
245
822
917
108
220
595
546
823
773
665
181
643
492
227
738
508
504
198
871
687
658
437
178
935
694
32
550
25
881
202
718
126
25
988
586
597
583
133
420
709
150
953
704
994
181
442
502
37
640
726
725
298
515
903
585
209
287
487
587
168
689
657
646
66
645
232
15
581
717
436
290
219
389
994
213
570
436
68
608
428
146
685
78
661
940
15
222
227
502
809
747
543
467
393
962
464
625
977
45
695
765
687
914
507
681
128
429
469
548
389
897
694
74
327
707
366
342
929
945
196
739
692
740
558
85
54
374
63
31
772
758
797
459
672
656
493
152
85
962
700
475
212
394
901
891
453
620
234
383
565
430
474
610
522
384
695
576
758
110
608
530
868
757
990
893
413
835
45
850
797
746
325
361
492
579
253
298
199
839
681
764
269
155
374
792
891
422
720
649
532
328
180
753
437
522
646
202
357
43
53
506
141
730
220
986
309
473
284
508
664
965
625
285
472
999
77
363
773
150
364
658
478
544
411
268
418
409
822
127
452
875
634
946
958
854
932
267
679
216
776
343
181
401
628
5
752
58
720
878
208
84
536
38
629
947
658
399
708
481
527
512
708
161
458
666
367
390
934
398
606
62
93
139
815
73
144
919
483
216
797
691
301
333
82
282
632
92
681
340
573
208
853
282
721
663
948
440
54
882
838
12
296
931
152
111
5
648
31
488
217
180
532
518
514
966
800
146
58
481
839
632
42
44
266
115
707
214
556
113
449
746
126
745
678
630
209
35
630
592
875
847
772
759
365
638
725
517
137
136
999
976
120
393
372
386
508
79
952
416
545
401
163
23
499
193
5
60
228
635
4
455
835
776
215
552
767
292
70
904
428
421
232
900
166
604
286
26
35
239
443
580
992
606
955
843
799
960
255
379
948
259
834
783
388
49
687
155
694
757
411
122
530
643
23
696
247
661
723
634
252
518
567
245
124
522
440
275
483
696
6
431
955
840
566
695
242
253
850
936
11
261
410
893
256
785
942
503
447
665
490
699
535
57
296
11
579
89
286
414
785
644
197
92
836
763
788
78
17
990
366
380
604
129
625
860
914
567
716
713
584
206
765
119
615
413
130
546
502
768
961
639
412
510
732
249
274
872
679
643
214
398
375
170
527
0
31
793
568
99
859
504
657
624
624
272
37
754
818
892
523
131
531
287
994
615
536
268
839
568
263
54
966
638
224
845
990
607
638
910
706
497
415
363
473
39
987
863
145
158
755
20
641
638
308
635
254
196
255
445
764
518
851
82
508
76
927
499
35
918
761
94
767
176
809
241
567
797
456
65
307
211
437
948
201
745
584
807
294
839
253
410
710
104
845
218
532
772
69
920
42
183
14
810
359
823
403
279
972
859
696
279
422
133
580
623
231
164
431
525
355
36
287
417
140
132
636
25
257
57
945
299
240
311
109
952
134
512
583
459
371
279
738
793
412
670
769
643
834
200
520
542
236
808
959
728
292
947
105
549
357
50
849
949
361
310
901
848
823
484
659
546
115
749
692
528
420
461
523
254
661
44
148
249
204
108
329
496
407
435
398
764
837
599
714
199
909
967
399
84
452
58
631
567
807
675
447
227
136
971
834
149
367
982
750
571
442
79
419
850
514
169
966
352
768
680
903
30
648
654
114
452
712
97
371
871
772
171
451
908
494
637
409
861
619
159
784
414
239
203
616
105
725
582
457
493
615
712
523
615
366
990
419
430
87
142
654
212
313
105
120
807
742
530
668
713
41
804
479
280
8
95
386
85
30
195
578
997
260
454
964
626
796
383
409
235
525
63
447
191
520
920
350
614
802
371
679
843
175
159
124
535
606
862
620
988
409
551
985
669
357
949
648
153
684
57
388
562
472
188
753
344
108
103
958
910
474
989
105
650
148
581
185
107
443
158
95
853
709
433
874
66
382
522
219
419
931
959
981
755
499
734
99
607
189
409
869
664
399
975
666
899
556
203
6
352
361
454
205
70
887
431
136
621
954
707
40
885
19
21
641
518
107
92
478
297
502
347
961
253
674
979
152
231
182
511
935
544
965
492
966
204
923
103
825
877
162
866
115
181
239
108
52
347
200
530
644
54
877
957
659
904
936
812
487
118
675
422
14
640
914
981
844
837
436
21
67
598
887
182
132
479
290
536
826
842
66
470
249
295
779
908
199
715
720
686
185
747
460
200
387
374
533
583
212
969
605
279
919
844
813
403
323
455
939
501
297
357
323
546
653
102
455
204
817
527
243
355
275
703
907
14
430
440
950
994
761
907
625
32
751
438
436
427
893
727
928
542
85
252
441
90
706
896
646
524
775
241
231
402
297
138
769
727
930
719
73
691
626
698
75
377
488
511
156
381
591
437
275
28
41
716
470
747
964
468
623
92
710
854
494
359
992
263
86
922
334
511
965
960
209
41
690
697
904
846
430
847
283
705
875
676
774
697
424
738
166
47
182
228
902
677
587
894
292
25
169
627
536
486
587
745
527
629
794
432
476
224
631
111
281
507
788
407
204
564
498
722
611
680
950
513
357
537
760
2
562
281
629
98
767
568
195
295
198
989
79
26
213
710
489
847
569
629
254
126
193
752
848
805
785
799
318
494
336
430
496
899
711
477
349
479
46
545
126
244
534
205
622
100
267
111
299
837
741
905
963
934
10
811
739
795
962
410
289
299
840
786
550
552
263
899
383
661
796
509
257
683
714
879
783
333
991
82
522
732
339
485
18
349
649
758
144
611
520
434
262
360
572
812
264
187
64
647
849
860
156
458
543
222
338
678
556
329
112
78
413
452
916
783
801
565
541
946
528
61
732
791
774
656
955
38
843
19
38
44
232
194
503
775
769
193
806
325
874
918
755
287
722
671
70
524
588
964
822
117
377
906
260
503
562
215
894
757
235
932
154
467
478
657
594
247
850
752
924
724
23
680
363
745
351
785
621
292
101
795
761
479
701
21
334
615
236
228
725
823
160
879
642
991
536
589
238
738
693
163
814
716
195
529
814
546
666
435
190
768
583
951
599
636
972
933
252
561
162
977
736
674
208
731
17
744
320
256
834
365
771
0
82
966
881
896
864
547
683
55
315
266
6
266
255
331
200
859
892
714
836
980
740
396
711
758
140
383
366
326
749
489
678
831
455
559
79
671
106
762
726
422
381
85
688
636
416
240
495
660
306
683
640
47
79
352
157
571
735
523
249
836
12
927
19
819
486
98
490
592
213
569
366
594
6
407
582
422
647
429
82
306
112
722
353
543
426
510
114
514
385
363
350
749
290
370
920
776
820
762
720
33
683
87
979
689
846
913
111
493
342
545
151
454
620
504
997
46
366
463
560
103
178
263
204
468
985
124
596
805
887
317
191
570
756
522
612
602
436
723
447
778
269
599
585
241
455
582
287
174
398
200
277
576
815
482
397
800
958
993
957
197
662
148
768
770
671
732
372
107
455
172
237
76
123
822
317
578
757
957
752
155
509
382
731
324
216
480
124
174
474
81
372
488
582
492
259
253
224
983
712
31
507
949
108
630
772
777
561
529
734
665
36
243
47
119
919
615
600
43
790
426
477
514
914
59
6
525
664
582
861
376
613
368
325
73
351
449
851
912
978
937
929
366
533
329
486
452
944
86
848
734
512
325
248
778
736
606
656
400
188
517
776
802
237
453
875
588
903
78
852
233
16
134
600
549
463
438
353
407
524
201
494
388
878
742
518
614
701
174
14
889
43
142
43
281
948
271
221
203
349
426
436
717
560
388
618
23
178
972
430
54
173
924
442
52
19
313
18
72
487
33
313
883
527
357
164
475
980
737
678
329
163
467
399
723
207
17
746
386
989
529
440
515
805
235
919
824
548
937
896
387
322
210
270
850
919
786
677
899
524
356
580
687
175
979
411
382
349
509
768
690
38
561
205
844
796
476
20
696
414
269
435
736
831
706
938
750
844
616
1
368
324
933
408
851
265
819
233
614
680
354
304
719
267
862
915
63
338
935
111
104
556
546
193
387
604
483
489
449
451
490
817
775
424
225
978
41
396
212
655
429
918
311
148
185
525
415
600
216
702
711
320
259
257
865
646
214
349
136
663
800
978
832
928
754
410
906
795
158
470
802
587
388
114
87
925
639
502
525
207
205
236
528
816
846
745
814
60
94
302
75
895
281
907
175
387
317
81
183
476
552
985
63
292
451
151
218
443
5
743
650
562
332
530
378
530
276
193
942
370
495
17
617
128
924
792
516
594
226
51
70
130
36
485
422
840
988
992
283
994
88
933
556
772
464
287
302
740
480
244
462
327
613
432
808
537
576
676
131
802
727
553
284
115
39
59
955
27
51
590
373
491
524
930
263
340
569
917
432
49
513
894
728
126
678
888
664
255
564
147
409
643
701
694
111
92
105
418
471
508
9
845
0
533
127
615
873
696
533
305
97
46
551
825
525
230
66
541
837
630
688
246
626
741
292
737
833
397
155
305
906
164
150
258
49
629
873
922
325
406
579
422
805
131
599
682
713
665
223
550
648
263
148
274
5
793
11
838
190
518
495
448
683
997
706
732
626
932
7
951
338
586
373
495
69
325
529
134
990
752
36
638
16
185
264
373
330
275
563
520
794
59
321
829
56
379
913
683
311
920
986
2
859
712
849
280
37
379
767
379
483
803
370
851
340
634
224
670
910
788
543
56
199
864
237
607
243
150
642
907
423
629
909
634
693
758
914
730
137
681
461
973
837
831
824
177
466
49
200
728
189
743
784
388
959
373
995
554
523
990
461
298
619
370
932
312
481
199
394
970
232
855
943
69
687
768
599
153
169
799
881
358
894
17
98
853
390
445
407
265
435
221
916
406
943
848
70
424
47
464
747
632
672
690
701
711
810
652
864
979
451
97
337
345
466
787
550
208
233
310
825
668
531
741
427
826
590
497
251
989
962
998
621
986
40
675
697
851
327
913
830
779
362
520
476
828
307
379
388
540
689
213
561
572
955
988
398
897
485
649
238
799
999
860
785
392
887
834
243
214
747
73
345
109
945
174
289
253
553
29
145
242
243
706
814
550
46
564
799
532
214
37
683
565
249
469
957
488
655
552
703
403
978
400
864
923
574
506
176
127
535
322
721
130
380
887
32
427
452
183
959
18
573
994
583
174
463
893
663
471
445
366
874
423
766
90
699
341
948
875
820
836
549
542
966
930
429
351
709
233
886
20
251
459
14
187
634
830
80
297
301
877
663
527
653
781
617
352
474
918
579
295
754
129
189
72
411
970
423
472
204
310
492
807
121
506
994
755
688
74
52
989
304
67
516
957
201
486
661
675
404
240
322
158
369
863
230
132
186
6
604
742
668
448
549
789
955
544
897
643
970
301
985
274
721
501
583
922
339
244
949
743
485
624
253
206
487
836
691
25
842
295
767
862
744
317
3
51
213
252
46
183
554
31
810
275
885
393
549
224
638
498
320
123
122
573
681
962
409
372
987
603
20
107
817
764
424
173
167
989
425
213
172
979
597
982
606
482
376
155
706
366
654
378
489
128
952
522
90
713
895
430
669
915
889
838
31
665
11
198
654
437
763
826
416
360
161
23
842
889
530
901
255
184
279
96
665
583
618
107
649
513
889
670
428
778
508
811
443
520
9
97
957
773
276
725
485
437
100
680
326
631
933
581
167
564
29
832
148
647
292
149
161
181
819
941
960
327
753
403
199
114
501
508
239
777
234
725
566
686
405
892
669
338
825
837
254
854
21
402
853
313
903
14
847
74
308
807
754
413
210
953
527
63
462
119
192
48
844
758
734
601
2
404
291
827
593
545
33
966
300
887
632
203
253
479
630
913
286
384
326
848
337
206
264
151
325
456
199
521
567
934
122
569
690
765
397
635
310
782
601
962
669
585
518
275
64
148
188
702
532
515
903
869
73
167
21
398
975
572
919
542
858
393
112
900
158
861
535
820
643
489
783
665
74
301
940
139
801
128
193
333
995
96
554
420
615
927
818
591
500
89
485
710
482
597
611
992
458
146
813
454
987
948
471
62
249
411
553
50
891
746
735
239
195
289
659
810
569
830
753
69
271
239
779
754
836
742
98
647
889
263
453
876
211
924
290
812
687
843
214
930
942
949
521
137
591
181
299
160
363
53
581
634
644
712
740
832
455
839
831
696
102
284
924
314
560
215
478
247
410
693
530
352
994
51
841
585
584
141
97
947
546
678
582
190
743
674
22
198
513
854
246
968
490
170
634
51
737
112
650
148
157
180
500
152
232
694
737
816
835
835
116
733
865
50
923
608
724
297
158
590
503
404
558
994
575
544
397
664
8
47
812
166
580
665
318
164
359
55
332
546
242
448
279
460
498
554
68
575
851
227
165
707
983
75
53
910
619
450
575
627
849
387
793
781
404
463
945
115
871
278
661
113
726
292
573
577
846
994
152
50
573
669
757
556
744
810
467
715
612
42
694
813
781
840
595
538
303
540
653
174
818
667
640
897
959
565
826
158
559
978
208
484
647
317
41
743
479
860
458
91
254
152
904
387
992
499
925
648
40
931
822
210
598
462
459
909
380
285
67
939
263
627
776
262
944
817
357
423
29
815
514
283
320
771
670
664
270
596
312
662
879
487
225
477
301
684
386
681
970
806
973
585
433
749
848
378
566
205
801
947
373
668
230
45
439
900
61
61
848
374
76
727
861
301
556
162
985
295
196
955
101
169
541
534
918
741
264
836
298
418
783
23
438
13
68
877
265
130
290
466
856
366
193
69
19
102
583
5
397
779
312
498
948
205
384
218
946
649
54
597
419
189
620
857
554
689
86
172
171
376
638
27
95
831
448
114
285
31
471
682
811
136
532
111
341
917
330
640
918
736
237
337
278
209
194
832
250
280
4
421
8
642
800
455
826
248
922
111
632
745
146
443
881
678
906
575
595
236
215
865
325
804
202
603
365
748
787
616
380
792
389
741
786
190
548
964
790
470
428
774
216
574
569
449
252
476
376
200
64
943
417
389
747
972
344
113
720
484
81
453
276
470
194
414
12
742
731
155
565
159
929
133
85
499
934
689
975
311
241
391
254
659
133
354
631
477
819
703
961
900
156
589
370
702
356
383
797
87
538
362
598
467
847
683
318
781
724
293
92
966
685
699
625
818
53
608
647
872
311
961
772
468
550
142
522
258
877
319
697
767
33
295
587
880
330
905
14
55
551
458
373
588
157
350
758
210
958
757
82
269
718
854
89
621
349
612
879
578
931
577
346
965
224
285
197
555
190
563
962
93
22
335
681
179
685
791
390
995
549
824
264
267
31
354
240
732
966
120
310
249
49
8
566
625
293
116
532
836
679
494
281
701
181
315
881
218
106
623
213
655
447
830
275
830
184
515
562
502
987
873
103
388
233
22
14
879
138
898
67
817
393
348
871
926
663
104
497
770
727
62
777
526
892
404
357
428
920
919
282
259
144
386
648
378
408
14
609
546
912
676
715
657
24
586
936
688
42
433
810
121
495
939
648
740
344
357
168
616
628
451
875
773
837
875
503
597
241
112
495
506
788
210
163
164
149
451
852
543
884
14
665
732
954
313
472
650
22
640
266
650
443
493
775
280
721
278
229
962
742
724
468
882
287
984
47
788
435
251
331
672
266
996
404
572
661
228
222
683
220
840
334
664
333
109
296
406
740
878
369
482
602
189
717
889
173
764
29
609
15
361
633
633
357
37
205
19
617
779
54
189
971
388
205
657
850
502
63
942
380
784
776
334
974
493
576
499
257
605
460
625
966
93
258
676
482
816
47
99
947
101
289
919
842
494
928
44
348
991
986
80
776
762
415
102
608
343
601
217
948
62
842
267
155
453
943
638
621
990
89
920
443
730
191
285
225
119
681
925
463
667
358
591
782
125
693
742
468
294
959
416
708
154
35
864
607
978
854
580
320
943
500
764
674
692
401
251
163
435
528
626
102
886
217
236
11
262
978
479
557
938
248
617
92
283
481
51
614
335
631
934
631
483
50
657
527
804
908
691
239
436
669
693
675
239
282
686
501
612
518
410
550
118
28
994
401
509
397
367
197
380
654
180
864
704
837
391
860
745
434
451
533
104
497
208
343
779
247
196
391
117
607
294
235
635
640
988
496
38
356
45
418
10
225
634
66
62
378
279
159
812
82
45
268
579
605
963
710
204
512
454
321
119
100
908
106
740
897
602
130
605
648
901
967
225
887
385
640
265
16
151
430
99
196
50
678
154
366
741
358
878
195
32
997
647
940
103
739
189
57
870
146
57
123
113
283
10
851
923
628
867
426
410
966
623
460
997
777
826
90
487
704
285
519
53
284
460
156
23
1
214
893
148
271
368
261
906
731
464
181
359
332
608
121
650
583
581
999
712
760
89
199
464
726
71
518
10
883
26
34
884
592
279
32
216
648
646
474
731
110
656
442
442
616
563
445
199
144
444
263
904
534
462
721
260
885
591
271
768
969
305
653
562
936
685
130
584
683
604
667
794
260
109
588
228
672
33
427
169
478
690
73
364
505
146
624
742
737
247
511
707
904
516
621
841
553
751
777
237
355
445
31
968
554
619
196
579
5
976
748
835
666
173
199
523
320
175
266
409
423
129
116
327
645
737
520
198
840
298
435
196
95
818
516
1
790
712
580
795
40
680
630
59
854
181
582
526
356
200
935
131
329
52
811
326
141
331
525
982
981
312
530
76
131
398
78
921
462
10
68
503
691
698
562
897
231
496
423
587
697
358
719
378
762
530
705
904
213
582
238
195
894
120
271
25
518
701
298
980
712
366
483
755
416
45
652
647
542
427
587
591
785
658
969
548
188
26
804
753
608
394
948
503
514
572
880
384
625
179
364
689
897
200
444
314
597
448
961
139
875
900
82
13
558
404
913
98
430
69
852
391
463
152
894
329
724
126
713
702
305
77
391
555
277
188
869
875
636
182
366
864
83
801
229
641
205
142
740
987
563
592
730
26
744
624
355
821
751
420
523
408
497
266
963
127
454
184
354
443
367
72
307
802
225
888
443
430
382
535
770
945
479
500
971
576
477
678
397
580
98
272
340
947
538
656
426
993
840
132
436
559
205
95
713
430
983
509
213
365
44
335
662
524
187
633
452
16
663
849
596
113
473
289
412
363
945
839
708
137
971
496
49
528
943
762
311
278
271
876
995
668
211
657
192
750
290
644
767
305
845
363
770
670
4
183
385
949
374
94
439
697
942
488
226
886
602
889
164
874
765
160
894
328
817
438
78
460
434
197
117
631
561
888
301
565
71
38
867
445
132
306
142
75
146
720
313
748
609
477
974
726
637
868
54
807
306
485
267
740
682
384
371
595
624
24
513
695
63
732
492
547
38
635
974
536
707
287
284
669
117
259
395
106
479
802
913
138
639
532
878
321
269
602
269
893
978
782
589
393
866
81
941
904
68
267
440
128
907
76
797
24
687
192
130
167
346
396
657
985
928
535
659
549
489
928
443
820
62
384
213
280
465
506
184
886
126
976
14
33
404
163
57
92
355
539
611
54
935
268
39
216
155
50
765
997
330
208
817
744
944
382
24
410
889
560
648
15
536
14
400
293
177
457
385
884
348
348
938
636
616
330
852
123
732
969
120
63
530
289
807
474
672
184
236
913
744
236
280
633
250
680
926
779
489
663
664
837
11
954
473
979
636
677
102
369
999
575
784
529
864
591
355
888
775
944
801
872
180
81
505
431
761
431
562
602
446
226
440
457
533
265
788
169
943
242
890
294
817
674
175
34
618
530
274
745
474
76
617
655
509
122
438
623
905
352
225
351
931
17
160
464
283
300
985
578
543
876
872
712
550
47
98
168
929
373
914
756
801
531
763
662
6
553
285
263
905
863
967
836
232
127
300
515
428
286
445
323
162
669
35
64
68
134
233
998
859
147
106
660
30
869
322
36
422
960
652
327
175
619
164
407
98
816
275
878
102
72
201
616
742
589
681
810
723
914
160
582
413
266
594
795
135
916
184
557
228
836
237
755
455
401
163
553
217
790
432
672
862
985
288
956
574
321
767
649
587
279
231
0
546
177
148
33
94
332
943
674
168
180
430
623
933
945
528
502
87
312
174
949
298
815
906
872
136
25
522
724
304
105
76
202
283
224
588
729
556
531
755
724
63
185
699
996
482
228
850
569
540
25
871
190
192
129
63
328
154
937
404
810
394
481
365
677
57
953
758
966
836
514
690
899
51
742
247
886
970
97
807
862
474
678
53
666
159
468
347
665
405
751
476
799
584
193
829
994
146
587
960
982
453
650
233
505
744
480
743
66
929
550
929
756
229
334
422
388
802
121
406
559
225
882
358
809
427
539
803
573
127
763
907
932
766
140
789
862
972
532
929
253
83
858
9
664
192
784
52
346
905
458
905
130
692
263
292
119
155
447
44
634
563
951
566
329
443
356
543
415
888
472
21
971
330
30
635
874
814
40
220
720
850
477
202
895
741
494
366
248
942
411
882
505
714
448
186
510
804
729
277
45
554
298
16
884
329
4
111
143
396
683
215
246
161
770
493
254
616
860
502
910
623
384
415
689
832
953
199
989
35
477
34
589
775
402
825
104
406
288
600
802
324
167
401
485
937
894
91
554
106
945
464
729
329
232
419
513
537
618
854
924
447
888
865
223
291
691
679
49
331
631
204
655
151
605
492
88
851
583
994
958
528
811
39
209
395
458
75
284
429
929
209
876
818
426
451
461
469
483
862
801
114
66
808
265
23
301
706
227
236
52
537
117
215
576
678
962
387
753
247
168
683
808
44
853
234
848
314
704
331
528
857
797
595
665
415
970
966
473
197
555
877
86
672
93
663
702
407
50
456
654
570
139
814
614
344
49
814
658
105
497
538
962
295
485
627
62
456
946
535
5
853
412
92
877
857
107
579
265
509
35
271
79
526
438
45
870
839
860
880
944
357
419
906
4
904
885
66
712
183
601
70
36
366
162
913
575
621
845
192
130
880
816
209
759
