663
193
524
614
254
650
880
724
682
525
48
898
398
251
40
592
896
214
93
375
135
489
919
245
709
343
828
401
99
262
383
114
807
907
80
61
909
961
138
591
486
186
841
236
789
882
828
685
448
921
412
935
763
331
180
472
675
8
225
126
622
608
241
429
515
321
843
776
634
333
367
473
519
209
709
660
443
890
346
891
163
110
827
926
794
7
751
821
368
976
947
990
937
540
772
804
214
615
581
848
948
948
673
819
157
383
831
952
273
177
844
788
640
23
67
434
382
818
255
102
146
554
445
435
95
217
240
309
184
821
509
484
769
183
655
279
918
486
231
543
16
427
331
656
802
398
442
185
568
697
639
67
251
84
502
698
653
742
359
837
563
869
673
685
52
328
964
322
815
195
865
831
623
196
839
425
947
281
962
867
978
602
934
581
38
789
280
692
531
639
881
447
860
555
132
264
235
448
586
50
643
451
233
618
648
72
396
947
353
358
814
683
312
749
617
351
538
897
395
421
888
628
220
101
535
704
365
771
152
952
173
148
403
407
766
403
831
162
350
537
873
165
220
537
266
837
888
156
86
635
929
327
616
150
428
151
854
793
274
359
97
448
507
853
207
625
608
38
140
959
927
365
476
148
902
94
337
143
250
776
778
179
103
394
329
883
898
536
28
172
247
126
972
106
979
531
83
587
922
223
898
849
940
726
997
843
820
687
986
422
463
116
602
918
863
283
153
761
171
181
285
418
307
258
876
638
141
960
578
63
535
828
913
476
555
262
671
727
949
9
150
764
125
752
34
340
387
187
101
559
369
739
329
28
349
558
667
490
518
245
554
405
425
467
233
980
729
904
60
31
913
210
795
391
314
182
731
53
369
185
964
90
924
294
119
625
852
786
115
722
383
669
127
808
488
713
141
570
969
553
601
883
115
748
626
781
930
357
834
300
894
799
742
170
445
861
795
649
999
911
371
382
932
850
543
773
915
36
343
885
941
944
120
56
44
746
837
975
455
23
627
350
822
369
520
619
231
668
268
582
579
991
965
863
194
860
636
109
248
331
994
189
627
114
245
672
212
434
647
668
457
626
370
632
995
242
603
578
910
872
161
841
215
478
705
409
690
693
871
938
377
865
127
4
332
724
676
544
510
675
212
967
301
934
951
297
177
555
227
87
779
388
929
994
866
986
756
556
31
627
846
408
844
325
413
176
49
441
73
911
117
285
879
418
220
830
67
749
737
295
836
516
35
765
511
254
751
619
810
783
598
9
543
442
334
956
971
736
398
44
647
867
681
878
285
253
61
705
2
798
0
839
315
35
956
178
289
60
797
452
195
395
813
738
189
147
47
160
235
797
556
235
664
238
113
301
843
174
6
846
325
358
37
992
394
345
170
35
405
319
839
952
66
4
691
607
152
90
768
739
887
676
974
551
266
440
204
110
966
211
308
291
569
345
283
315
42
805
703
448
124
894
752
542
899
795
150
403
885
918
142
772
946
469
675
213
909
232
323
227
443
631
519
364
328
802
32
370
608
735
170
84
981
275
627
880
70
777
283
956
47
778
80
993
599
108
558
860
340
881
87
135
864
606
499
544
761
883
267
721
970
789
157
952
64
784
832
135
913
468
443
960
598
523
306
549
631
864
409
323
98
848
458
962
455
310
859
568
545
126
641
516
267
798
468
332
935
652
819
848
472
262
809
422
785
467
971
769
331
380
444
429
229
255
744
36
917
955
956
462
433
949
978
700
747
798
384
682
451
203
531
275
465
692
698
603
511
669
724
194
402
520
624
983
775
720
371
692
27
327
507
460
276
485
160
375
284
545
410
87
100
293
362
918
337
60
521
848
82
597
42
484
117
18
467
893
90
838
937
117
517
444
577
145
282
90
520
918
987
930
5
87
575
719
5
912
780
878
760
862
475
803
698
593
821
165
838
264
355
127
381
872
924
959
369
206
49
889
124
36
172
481
475
747
200
481
660
332
359
772
546
187
575
244
132
749
761
970
13
468
449
746
340
373
705
709
579
106
951
55
494
475
536
322
574
89
803
586
421
514
359
320
53
286
916
185
387
678
155
400
146
957
499
839
330
556
900
910
663
203
317
509
678
854
831
605
295
986
191
68
853
550
388
906
837
305
92
224
983
599
977
481
556
476
672
887
32
573
149
47
128
466
909
159
672
92
764
967
79
955
36
284
858
776
542
47
81
634
271
416
586
600
250
494
428
922
381
813
847
882
212
976
701
121
135
373
214
251
693
645
558
81
281
416
857
823
463
291
810
87
707
396
39
957
890
468
232
624
281
79
506
845
407
559
967
894
285
533
145
978
530
704
411
811
472
268
634
288
911
444
375
619
192
414
928
83
234
160
59
867
240
917
713
647
477
32
542
762
565
39
92
95
743
503
258
568
123
892
856
35
689
583
654
881
349
934
316
584
95
727
803
687
645
516
334
122
900
228
236
465
268
328
912
363
831
170
931
954
415
139
989
104
722
995
337
72
282
6
656
377
733
811
64
378
680
750
852
580
979
88
46
599
416
310
962
599
481
246
554
896
737
895
352
460
243
689
532
525
47
540
254
781
351
670
511
31
420
716
964
751
156
10
702
573
672
17
172
153
615
78
401
352
326
753
812
569
795
696
446
842
236
700
975
940
722
839
323
142
555
287
246
711
649
948
636
322
317
161
827
932
239
229
285
565
334
97
486
129
794
932
324
382
984
299
322
706
490
646
201
45
285
799
109
935
99
97
257
417
258
84
349
850
665
634
767
0
732
254
481
878
538
805
260
875
457
583
933
947
581
134
345
218
285
806
153
385
903
762
802
514
199
151
364
864
786
483
216
870
89
698
748
980
855
360
855
664
943
788
964
876
275
309
95
560
467
600
945
370
363
99
236
562
251
952
778
389
436
347
611
525
397
359
505
252
719
712
269
15
501
233
243
128
894
690
40
361
291
338
83
6
437
320
920
40
272
50
429
60
397
40
938
794
751
443
399
823
156
20
190
9
253
785
489
147
476
529
860
119
867
943
125
657
615
397
697
240
447
127
300
197
519
238
343
623
34
742
446
542
114
988
903
367
773
392
866
601
273
726
72
493
22
549
150
637
946
847
877
746
326
530
943
846
768
286
469
154
381
267
696
495
255
599
863
380
343
81
334
617
808
406
462
830
956
612
819
902
459
697
648
786
579
943
984
347
230
805
502
611
72
550
106
679
502
321
411
845
403
745
814
563
152
276
745
460
240
564
714
700
613
715
838
192
658
174
892
888
979
746
851
403
648
310
434
150
631
845
348
386
943
514
301
447
143
398
907
383
315
621
435
280
336
273
825
347
447
717
587
778
815
439
181
463
749
615
614
732
813
962
471
756
828
124
203
971
523
110
355
838
83
790
470
772
416
295
119
863
12
706
994
827
497
175
291
598
791
257
683
956
571
154
712
399
630
915
371
153
377
78
343
812
220
814
584
636
109
55
852
474
114
846
653
963
21
296
562
164
553
245
120
476
751
184
876
381
451
599
887
180
29
230
993
249
396
929
886
506
337
90
332
803
288
985
766
661
282
328
826
187
925
298
664
28
835
892
410
286
843
297
819
872
879
812
121
276
93
359
134
430
801
466
233
89
803
352
751
437
32
929
625
958
227
641
986
414
885
748
53
728
45
872
600
925
684
73
201
129
433
687
560
234
153
145
324
308
497
75
746
530
356
723
840
583
364
178
350
601
927
403
329
324
275
929
601
311
2
154
440
787
841
352
374
346
850
50
655
699
477
401
581
833
476
421
768
192
952
118
793
231
521
122
555
148
403
157
459
757
311
252
545
505
956
271
851
806
321
506
506
798
259
87
631
735
861
399
927
165
518
720
396
391
194
303
540
597
812
351
355
476
603
252
981
560
523
832
718
844
691
576
642
950
16
273
38
229
672
965
394
542
38
142
934
232
797
826
182
610
177
537
86
133
141
419
693
664
251
763
860
294
340
854
245
356
127
283
585
151
600
331
46
990
473
980
223
270
806
405
232
335
294
318
468
787
89
513
803
341
277
663
635
969
869
232
325
348
867
262
499
820
945
545
810
770
877
385
392
35
142
625
371
788
295
191
575
385
705
378
78
982
393
713
303
262
298
628
610
165
242
462
337
187
359
148
957
589
533
349
624
676
326
347
464
622
539
392
359
244
122
437
578
516
502
881
130
800
861
93
318
455
555
655
994
266
803
303
855
689
652
480
717
331
827
533
953
718
925
312
962
400
101
892
916
603
125
398
404
986
491
722
793
46
729
787
313
885
90
168
574
95
0
643
426
180
528
731
898
454
395
213
206
496
457
122
99
583
520
503
569
364
577
363
410
659
502
75
544
593
596
470
688
596
113
114
128
641
845
379
447
240
592
653
88
49
127
187
984
0
43
554
364
972
269
126
631
771
202
175
364
150
645
404
98
110
518
227
752
715
606
551
307
550
557
395
951
684
935
936
684
978
842
400
950
463
527
582
234
81
109
951
231
755
707
329
865
226
556
969
293
514
521
601
416
430
348
720
114
283
8
151
613
850
551
564
665
78
498
251
511
607
554
742
714
262
72
580
488
980
901
133
847
774
86
615
204
435
335
319
70
343
822
684
545
373
600
562
804
98
814
315
57
368
58
772
630
482
704
470
814
605
604
661
380
690
277
584
477
964
903
548
660
725
584
557
451
184
120
607
634
934
922
691
654
332
463
285
166
167
755
981
125
711
994
505
402
271
89
231
236
345
779
248
422
715
805
873
899
925
832
533
211
107
577
866
439
392
151
958
912
258
291
37
970
285
542
724
557
631
955
145
328
87
393
751
802
550
976
54
476
809
939
687
916
516
553
707
909
56
665
173
315
956
210
637
242
752
713
151
735
20
648
64
107
393
815
262
943
791
668
419
600
607
459
516
476
12
224
737
69
241
910
736
550
120
373
144
872
438
295
959
458
295
23
918
688
190
532
631
982
200
403
934
807
862
803
283
226
379
20
647
620
282
383
170
402
108
314
626
546
961
586
5
256
609
923
296
800
455
928
134
7
683
68
166
545
223
450
771
602
822
419
575
105
154
745
859
263
412
486
161
725
72
518
334
33
793
630
833
600
910
319
607
593
740
774
138
963
576
262
566
750
33
141
207
187
238
67
802
2
553
316
80
977
834
414
10
628
44
196
228
307
515
836
900
607
962
391
571
538
5
489
288
38
982
496
577
572
915
732
927
468
48
7
797
882
421
807
862
817
3
91
124
871
279
377
478
593
768
401
131
773
242
771
163
224
619
740
797
534
472
724
354
520
83
151
755
504
959
617
321
314
60
798
185
691
175
16
284
943
417
767
68
660
539
231
236
158
971
385
45
796
461
399
668
544
551
423
400
862
393
722
176
453
872
714
497
47
82
781
342
499
901
762
511
440
993
100
950
316
485
995
112
299
747
133
843
298
556
244
160
301
318
688
107
542
402
604
941
836
737
283
688
638
45
199
430
390
651
381
706
489
728
171
788
475
304
983
125
212
579
285
514
249
326
621
791
80
225
732
917
314
367
605
953
764
156
383
154
808
116
213
649
845
736
437
320
392
772
446
604
352
83
470
953
761
91
745
842
668
829
111
983
197
716
288
313
224
23
468
384
140
33
33
985
769
822
657
161
595
455
117
299
891
588
252
652
31
349
846
52
179
957
387
728
25
675
41
250
698
861
634
190
894
20
175
15
842
185
528
437
640
998
736
883
938
341
536
969
690
734
21
221
44
760
301
69
435
343
671
486
556
658
676
803
678
204
170
520
389
699
958
381
49
46
265
987
739
153
956
430
887
330
3
931
90
305
353
878
0
24
716
556
34
744
711
712
948
882
585
689
933
895
71
982
941
688
969
681
841
277
463
728
607
818
12
50
123
365
280
123
741
996
32
128
92
743
840
41
625
425
82
910
672
505
892
614
193
861
647
34
491
462
115
450
280
479
500
756
196
132
879
937
480
263
417
573
7
610
966
984
387
48
895
60
906
139
674
99
1
673
486
844
487
953
294
767
432
147
523
628
279
755
917
112
370
335
685
377
945
3
714
332
403
961
392
309
100
418
761
453
443
247
297
930
200
592
50
984
739
925
612
370
32
529
482
403
216
167
132
513
522
846
846
926
159
590
235
260
361
996
713
804
595
363
87
147
955
137
131
46
414
743
416
447
625
251
850
841
770
334
355
293
533
553
219
692
495
806
304
856
155
370
661
750
733
100
898
40
237
29
86
3
125
854
450
750
457
652
943
228
339
650
521
872
203
92
564
699
898
221
555
405
591
568
156
324
20
406
716
609
435
154
613
912
8
415
662
466
68
958
46
759
608
919
631
164
11
547
863
261
768
770
667
711
691
175
387
711
581
103
321
368
257
286
281
618
701
295
436
121
605
482
880
214
401
511
378
764
59
593
377
179
715
396
891
758
571
278
470
504
382
143
873
991
429
506
609
130
153
45
604
759
879
484
973
632
996
703
396
407
648
126
938
363
522
829
122
446
460
944
950
194
439
175
185
868
681
147
350
835
544
954
594
424
439
919
408
787
622
157
546
622
283
484
985
157
666
459
603
478
755
906
672
194
81
209
414
115
708
117
950
253
423
896
29
214
815
437
353
789
594
899
763
229
736
100
387
402
560
342
880
667
248
904
214
330
465
628
445
174
97
747
779
521
995
808
87
810
597
441
951
544
340
714
773
76
814
160
830
726
503
62
746
103
966
960
433
784
940
230
958
38
329
737
911
324
897
998
486
494
439
789
38
132
503
164
208
670
324
39
748
179
453
494
283
420
806
68
204
747
651
514
137
980
603
48
305
852
398
143
698
838
933
737
970
788
253
530
810
929
921
559
109
375
405
744
147
212
164
351
311
167
217
448
148
820
848
805
672
246
948
370
436
233
459
406
22
64
289
832
994
210
391
455
585
149
551
732
713
715
435
376
883
4
824
383
176
672
540
848
270
488
571
707
722
382
465
96
447
754
928
793
965
672
248
902
821
799
987
886
514
774
262
749
779
438
484
307
462
24
508
732
865
79
439
939
813
905
35
612
11
963
405
976
635
653
231
808
452
570
46
319
696
308
420
827
746
905
135
208
929
643
293
794
74
732
733
887
989
120
500
1
84
257
329
71
911
912
232
715
834
278
386
531
939
159
358
37
64
493
598
345
136
891
492
210
975
577
450
965
698
302
318
782
559
999
205
822
264
437
538
98
716
276
629
655
435
988
692
499
481
290
197
970
533
689
180
509
266
982
826
964
284
496
98
844
495
304
666
759
93
556
210
809
185
839
816
620
827
861
472
661
503
669
631
37
710
163
898
976
146
724
293
430
220
743
626
67
47
645
179
141
553
389
302
738
228
471
711
408
684
183
69
187
204
52
576
266
567
474
594
713
550
887
496
122
631
474
190
30
119
721
523
25
110
178
763
690
649
474
98
333
9
519
872
565
923
801
831
491
627
426
204
178
665
52
300
648
879
842
679
998
563
202
375
25
380
139
716
381
965
166
66
327
38
291
244
961
92
76
452
719
854
9
249
871
413
550
520
292
744
199
643
308
753
18
685
486
157
753
867
475
920
286
802
958
577
398
271
21
474
724
740
680
85
990
552
498
892
72
791
636
623
434
296
376
452
334
214
962
87
434
789
359
720
591
669
649
989
941
670
816
665
762
848
102
104
400
600
996
824
391
985
799
177
633
528
630
967
742
944
55
176
733
414
248
676
84
897
17
377
919
833
394
682
34
496
786
786
96
135
963
488
472
762
665
105
290
647
425
33
591
480
209
324
246
810
0
682
707
18
411
627
203
805
309
589
301
447
376
398
934
339
238
406
101
255
864
392
255
289
777
198
769
338
523
367
148
875
402
856
245
813
835
801
619
496
390
272
943
766
22
230
457
612
636
559
868
500
303
475
789
80
673
910
418
548
630
919
776
32
775
373
197
962
174
816
458
917
441
753
35
463
983
493
76
972
52
296
824
707
771
966
787
796
876
557
345
858
476
473
890
603
846
440
917
373
608
375
290
49
481
325
513
816
818
589
788
222
237
613
929
8
579
68
156
807
626
853
666
454
326
908
410
173
348
327
898
957
55
188
6
536
513
871
352
684
460
493
906
49
458
188
57
37
256
214
196
234
419
862
689
746
123
451
271
471
130
169
780
537
357
139
425
222
10
130
258
823
623
165
872
81
705
930
470
961
496
666
196
915
881
237
13
356
688
284
827
170
805
960
708
162
99
133
737
109
263
995
932
238
512
805
671
217
87
141
531
935
160
727
202
393
964
216
749
4
852
928
174
658
888
234
172
987
720
909
449
335
257
381
926
121
538
597
691
625
739
222
912
251
949
115
644
265
683
745
269
535
673
795
193
914
382
366
253
102
627
702
789
236
436
715
358
974
313
401
952
404
623
864
655
924
331
651
189
14
396
810
550
421
605
95
335
339
461
589
441
441
643
583
677
79
298
387
54
963
788
358
367
763
574
374
687
906
377
876
920
125
686
822
547
644
918
882
983
731
823
777
524
467
360
554
898
10
941
952
326
82
662
45
197
237
420
885
495
797
113
767
275
152
590
822
148
860
56
131
591
880
260
116
699
972
22
597
983
315
902
309
749
564
354
947
153
126
184
648
276
649
416
551
801
358
725
949
218
781
433
161
13
693
629
712
666
651
662
1
967
916
662
716
832
368
15
986
847
199
986
475
849
754
26
2
112
751
952
682
884
737
844
898
782
473
962
800
477
976
801
796
892
815
512
725
536
880
63
383
79
49
858
280
156
236
283
268
339
587
951
223
324
147
473
458
972
436
259
449
412
412
245
657
228
110
382
116
990
797
499
421
198
709
702
354
297
337
623
988
924
926
563
600
425
37
58
397
825
317
199
589
82
444
246
310
906
980
426
896
129
277
318
328
338
372
682
987
709
657
975
633
935
538
585
360
927
643
758
752
313
957
694
395
753
292
57
660
625
835
908
754
464
578
82
154
950
765
141
659
774
116
644
710
6
581
70
934
577
180
38
890
489
732
637
243
25
46
255
650
233
163
404
697
742
839
203
44
604
344
56
378
812
52
440
818
634
511
752
211
43
791
453
533
875
90
776
252
488
31
254
721
546
11
770
640
850
973
37
806
669
93
536
481
145
977
299
779
488
404
990
531
547
443
416
422
885
192
675
725
575
281
446
474
292
568
466
142
893
503
948
562
596
485
395
742
814
695
873
654
451
216
537
998
659
954
420
897
146
447
622
74
729
421
900
21
341
366
516
235
870
816
149
466
653
545
560
467
592
434
121
43
650
659
41
661
613
813
910
111
613
533
537
694
306
437
715
647
804
583
234
674
400
736
492
53
633
405
521
225
839
994
620
841
5
13
854
618
178
765
82
791
650
971
485
956
409
553
955
565
136
542
591
888
278
435
942
911
840
815
488
31
161
108
872
167
121
79
137
651
196
571
443
846
543
280
154
304
185
461
221
322
3
812
562
281
599
504
544
440
671
32
471
185
140
696
352
613
775
841
265
971
413
60
169
956
340
675
612
526
136
833
200
140
997
762
773
596
619
318
388
642
350
860
827
843
908
531
456
35
373
73
6
786
133
527
94
826
202
58
704
338
891
256
830
240
370
604
836
989
274
225
984
624
437
163
819
345
695
276
380
68
701
738
206
835
617
652
13
819
710
69
509
953
325
340
193
695
296
381
37
922
606
373
898
395
536
718
92
231
994
472
651
47
562
209
234
179
861
247
350
923
316
860
876
993
552
69
41
200
803
78
122
761
451
20
157
339
738
249
571
84
74
574
132
636
784
366
168
997
966
518
921
282
730
797
628
282
219
669
482
22
747
604
783
550
977
292
889
715
542
812
800
968
387
284
956
523
650
124
520
616
995
441
251
725
591
879
8
162
548
842
536
647
799
671
549
776
316
790
491
210
603
643
178
342
927
134
865
930
611
385
546
606
179
149
331
122
28
691
636
928
534
172
927
333
195
476
109
511
619
952
721
222
596
899
564
875
386
429
157
997
166
704
603
345
205
286
819
586
978
455
866
512
979
794
197
175
622
306
38
241
610
760
815
558
11
379
434
749
160
591
746
327
647
701
24
205
340
844
791
318
651
657
182
631
803
379
806
426
37
844
19
647
956
835
206
968
566
992
717
727
935
816
406
935
869
430
140
209
626
283
527
278
940
61
261
744
440
67
522
477
263
893
477
220
80
35
540
647
379
609
726
314
425
132
601
647
914
93
856
893
376
736
523
669
797
784
413
590
203
287
419
466
532
248
38
613
283
578
260
662
540
986
329
317
470
282
964
384
376
173
277
104
909
152
773
58
936
186
648
139
825
420
606
358
668
996
971
952
575
583
966
467
921
647
784
391
930
749
127
306
922
757
410
183
909
184
241
198
722
242
337
900
662
295
610
682
292
933
986
219
516
953
686
789
600
470
532
530
571
659
188
845
768
951
28
30
487
622
228
561
216
565
813
230
213
423
912
505
356
899
76
224
204
762
13
804
584
897
687
156
909
227
353
677
530
734
59
17
356
287
931
924
205
744
154
770
168
418
275
876
669
351
453
873
465
818
30
49
716
69
557
625
296
911
654
827
645
714
196
353
353
127
629
910
872
135
680
392
553
307
620
575
10
73
448
475
892
830
877
608
899
434
585
196
697
239
375
694
305
571
399
659
699
28
921
923
163
602
667
69
261
287
644
272
713
444
747
605
275
976
565
174
763
150
722
460
741
97
507
47
21
258
58
72
287
979
995
802
933
14
223
195
653
867
819
366
664
918
323
939
895
888
465
658
390
540
470
132
989
329
179
10
588
589
82
227
568
429
381
854
443
605
401
449
824
220
815
488
138
139
427
33
379
245
43
770
785
514
902
774
843
433
137
783
22
219
10
590
649
392
796
444
349
197
893
173
417
61
662
908
552
441
941
931
686
985
701
823
851
955
598
46
388
735
830
410
306
192
353
307
584
149
752
285
699
997
459
468
58
121
376
610
914
670
894
601
7
595
776
858
551
726
904
939
813
86
702
120
279
55
427
215
556
531
501
255
881
312
724
291
785
452
254
699
122
148
652
129
743
429
339
646
155
596
938
969
682
640
89
313
47
868
529
603
752
382
859
633
694
935
924
479
387
178
530
862
326
183
991
422
612
683
420
767
279
358
736
313
350
177
627
397
398
508
1
150
242
212
783
288
499
59
767
238
590
649
100
916
832
444
690
444
479
111
564
758
821
300
71
172
830
50
921
228
558
274
378
800
838
513
88
337
572
207
928
162
857
380
431
689
824
473
486
303
936
50
413
758
702
837
282
532
887
555
112
446
830
490
598
668
355
687
358
280
246
286
442
103
666
225
145
843
51
983
498
987
33
912
97
735
749
731
620
636
287
732
434
117
575
33
137
930
720
495
562
318
781
357
774
800
582
919
643
633
254
141
973
287
405
70
374
506
802
346
143
89
431
929
558
6
962
47
288
34
543
851
353
676
208
127
828
142
398
471
128
652
965
101
291
370
171
665
877
973
364
372
414
795
653
324
153
616
372
793
2
267
644
707
295
204
834
124
699
584
947
827
588
912
280
879
635
451
897
512
777
613
236
543
408
889
868
561
857
592
354
860
859
351
567
154
907
754
630
958
690
578
785
279
490
417
510
125
869
759
989
998
372
577
893
780
467
761
693
676
353
400
536
564
751
456
71
10
562
701
969
252
279
106
883
770
524
746
247
745
505
237
95
878
814
988
10
633
102
704
310
807
104
198
372
207
654
443
569
216
144
538
821
424
997
56
546
873
802
145
618
308
734
65
538
549
53
548
534
155
604
196
963
708
395
687
267
49
130
837
618
626
727
791
402
76
847
300
949
650
446
919
310
180
984
848
81
390
748
616
897
353
812
212
413
559
899
681
961
381
870
579
360
949
722
762
26
921
63
975
571
861
247
233
41
231
433
475
973
182
443
871
535
607
83
948
167
335
981
128
716
203
59
428
153
781
191
179
702
606
506
626
467
105
211
860
689
645
335
662
827
130
533
714
738
969
662
905
656
996
385
724
199
444
153
352
577
344
883
631
950
742
609
769
847
821
981
888
466
669
551
645
799
436
359
889
757
373
146
413
369
531
138
921
327
291
273
904
635
509
888
937
603
497
58
802
318
39
691
136
60
594
133
860
30
844
749
788
218
896
553
939
779
691
212
107
334
838
363
321
347
251
610
302
749
668
104
419
60
147
908
120
741
41
332
772
886
434
912
456
682
817
747
461
509
312
920
843
150
284
517
497
535
127
151
636
796
255
56
208
403
316
328
144
357
13
268
595
799
532
403
481
350
503
294
211
815
215
406
965
851
923
814
738
51
965
375
199
572
783
407
975
451
87
472
808
452
92
756
251
977
159
732
679
14
379
242
829
946
0
146
797
924
960
887
327
277
614
878
850
749
285
177
200
724
1
9
177
94
117
428
71
628
513
102
643
244
344
472
190
344
619
339
620
931
578
299
209
193
177
59
942
814
588
143
539
590
504
68
684
973
848
107
601
713
561
244
957
905
69
499
601
688
838
222
971
417
521
180
962
51
591
904
865
180
399
404
122
255
472
806
228
321
265
830
386
826
426
344
83
495
843
684
535
34
258
507
803
132
39
765
183
983
21
48
515
773
805
637
28
629
795
609
302
60
439
689
238
217
33
673
713
228
709
248
262
968
107
417
452
147
182
635
482
556
35
997
329
840
634
709
470
429
318
772
841
109
461
79
327
846
104
40
75
813
640
689
133
748
107
937
247
641
572
729
197
960
726
526
800
360
236
622
141
906
747
982
16
208
413
343
407
517
735
482
682
375
171
168
475
278
105
722
920
30
803
469
990
881
348
142
593
936
117
734
842
864
716
858
424
129
553
831
998
288
313
33
16
837
201
491
467
306
566
739
688
721
209
678
603
557
173
548
493
290
283
687
154
351
546
578
833
451
762
831
92
427
216
108
264
417
951
84
76
869
823
764
591
384
443
546
941
968
94
786
258
729
474
412
81
372
342
914
823
104
97
915
884
314
375
148
731
327
584
159
548
408
924
491
792
719
37
86
687
484
872
945
213
698
709
646
70
403
560
894
860
10
161
744
324
537
244
407
216
829
567
764
589
491
256
733
562
645
819
249
481
44
546
695
742
255
341
813
658
254
59
870
264
572
614
940
461
859
347
677
40
914
794
629
757
402
362
319
399
534
920
881
578
466
928
320
73
621
485
84
875
896
954
491
469
569
431
930
780
779
960
172
45
106
801
155
508
515
474
907
49
747
788
979
213
716
652
287
338
489
371
565
386
677
57
207
598
840
489
378
971
449
902
17
555
55
172
415
571
998
323
972
97
463
304
311
532
956
950
222
445
673
787
183
350
196
390
949
37
880
679
8
681
582
377
589
637
901
356
560
252
679
885
349
495
189
660
27
145
962
249
942
987
388
126
338
585
868
639
974
100
670
334
782
604
712
723
594
613
79
506
217
111
391
567
606
932
579
985
429
542
586
372
529
974
850
219
911
718
210
885
819
881
220
953
837
284
676
431
249
107
938
467
218
329
34
176
262
613
161
691
507
99
415
389
74
265
608
985
984
819
223
155
52
795
108
889
79
784
321
680
243
611
147
462
292
533
990
554
499
504
598
6
603
365
747
677
631
356
15
967
527
238
122
931
385
230
820
816
366
493
496
609
456
996
423
749
529
414
655
380
918
605
739
873
971
486
551
602
194
918
921
721
508
43
4
893
625
177
709
343
670
557
304
479
553
728
228
435
494
883
815
764
489
554
637
460
393
540
414
587
458
687
661
966
730
665
211
707
842
272
402
865
830
706
344
383
434
572
818
280
807
986
44
296
892
682
108
285
222
874
873
33
561
534
351
643
199
563
702
394
187
104
259
17
811
603
401
597
527
571
878
686
557
922
983
802
956
443
87
531
318
960
564
231
846
915
875
398
830
577
792
18
682
403
387
845
358
788
442
237
712
320
923
621
595
906
423
551
702
863
82
372
175
646
603
22
914
478
772
96
408
564
466
442
319
854
287
677
994
729
914
706
402
837
680
997
96
455
548
798
318
983
522
494
981
125
516
247
956
640
344
716
556
162
158
875
16
445
552
11
526
818
69
928
655
101
277
103
557
826
253
875
161
775
721
142
253
589
742
209
229
86
925
785
248
435
660
617
232
564
980
758
734
401
39
390
503
316
845
412
494
99
639
655
226
361
150
479
950
892
688
532
330
965
317
930
400
330
547
632
894
527
743
629
281
782
371
784
98
568
548
593
19
187
600
246
900
750
725
851
642
766
383
324
83
52
255
836
382
802
468
629
682
211
610
963
345
333
99
444
901
647
389
273
186
989
519
87
740
596
290
734
714
25
59
798
77
666
634
460
468
454
441
502
18
51
465
363
736
916
159
989
915
900
262
102
890
781
541
982
730
831
68
444
856
479
594
933
145
580
745
966
387
186
468
405
589
286
120
677
202
632
667
118
532
929
572
774
63
113
756
793
944
825
589
800
304
184
85
802
116
831
768
503
369
236
260
311
522
733
340
77
365
7
547
249
937
119
24
352
232
780
145
528
957
734
680
614
270
765
416
387
948
184
242
670
420
503
333
295
236
673
372
953
33
919
202
322
390
578
674
974
359
819
502
668
905
534
282
528
299
698
267
600
234
509
622
7
364
307
302
600
980
26
553
365
297
108
687
687
686
361
13
397
532
515
66
790
49
700
670
700
399
937
652
633
798
274
640
163
933
294
763
266
672
669
631
969
129
319
8
815
32
21
565
917
888
631
707
289
331
377
342
82
666
994
68
464
621
60
627
554
707
743
820
379
764
452
701
893
123
709
60
155
83
625
424
323
256
131
613
940
860
955
374
878
949
442
343
922
503
322
477
210
65
297
941
829
101
642
74
576
704
135
732
787
760
508
110
369
640
75
661
852
382
35
731
332
830
426
606
333
748
83
895
166
733
836
347
186
831
422
763
535
909
847
322
21
355
784
390
347
212
403
200
594
439
283
278
621
709
885
306
809
320
201
975
53
389
675
240
220
449
355
755
358
202
429
379
557
566
122
257
778
525
457
372
316
92
651
937
153
536
243
962
856
796
290
262
538
965
854
758
766
209
866
124
763
647
503
320
213
977
577
991
503
386
716
171
830
367
109
983
255
704
946
463
501
588
725
39
905
579
149
671
140
367
147
903
15
650
576
228
980
505
572
483
244
288
654
74
655
115
58
910
820
356
373
673
944
451
64
201
382
213
224
523
581
371
426
596
373
354
176
353
860
748
188
104
36
195
178
43
310
236
305
482
944
31
155
240
482
219
441
864
785
17
739
366
388
518
314
762
872
490
467
732
239
656
188
627
851
367
671
513
955
976
996
252
359
503
492
841
75
286
58
860
303
797
578
44
667
892
806
540
382
625
624
973
281
813
601
484
532
624
998
839
952
994
91
312
849
936
505
924
222
915
784
877
65
362
921
732
254
79
272
989
705
897
314
338
62
267
823
946
891
821
785
196
167
229
860
16
165
717
941
739
633
77
616
698
440
890
430
46
321
703
387
26
952
702
365
366
969
540
312
213
361
449
761
528
678
621
544
195
338
837
934
971
915
903
21
707
793
452
753
114
507
493
493
811
195
210
177
516
750
841
81
111
290
842
991
321
815
887
516
506
725
451
829
640
354
851
347
499
303
452
613
810
945
106
973
492
316
150
361
418
343
442
881
633
637
872
306
452
760
823
958
837
626
788
477
980
639
176
479
294
628
444
456
926
903
429
770
571
931
131
990
274
574
871
259
211
744
566
15
856
741
974
693
367
114
522
699
753
50
178
399
30
974
855
956
877
284
727
449
215
858
439
841
784
662
100
347
758
18
363
614
759
337
659
126
451
533
177
556
583
707
955
614
682
162
922
559
446
1
360
13
212
151
206
996
814
306
344
572
677
707
539
436
396
198
915
847
84
92
755
667
800
710
633
834
872
908
745
670
909
106
35
121
257
241
118
423
899
814
996
576
873
535
13
269
85
280
468
169
724
223
189
524
285
174
358
509
82
456
531
992
562
566
465
171
159
935
595
58
749
943
635
622
830
0
243
915
632
711
437
356
934
978
233
219
152
943
80
587
399
611
931
313
177
396
485
336
684
432
747
785
375
734
408
205
86
3
472
718
715
261
426
649
239
659
221
744
603
301
331
354
913
262
668
442
10
153
131
694
937
230
480
312
964
240
869
50
243
341
120
958
603
898
960
194
558
533
938
513
834
269
219
99
883
887
894
894
392
25
940
329
255
772
993
571
12
214
973
608
908
445
918
511
343
878
57
253
763
996
118
598
617
338
49
501
225
943
747
970
320
687
651
927
460
997
498
824
211
823
432
119
268
703
982
964
933
40
217
697
36
336
295
653
674
696
506
251
640
253
573
312
293
225
240
105
222
90
929
433
266
714
553
534
417
535
850
350
575
68
47
963
756
694
969
430
391
475
33
383
81
607
47
374
832
287
479
406
730
760
839
996
474
744
882
243
632
733
946
559
153
345
523
909
40
844
691
783
319
724
518
400
331
565
126
515
205
605
921
935
718
113
283
192
209
517
788
841
250
734
401
755
79
276
664
471
120
355
606
791
432
476
544
115
394
670
631
599
628
904
886
346
369
521
890
579
38
678
420
641
764
173
396
844
449
61
667
921
768
626
65
200
454
609
316
848
631
947
799
611
203
37
957
573
558
848
152
597
878
924
238
643
98
634
839
899
47
858
173
816
836
238
16
291
199
332
139
182
631
939
794
187
976
751
760
887
951
264
836
182
188
426
825
638
412
16
538
460
874
711
276
711
301
644
354
852
329
493
34
312
784
828
499
113
932
259
0
235
523
188
417
64
614
594
702
26
610
592
486
837
655
114
900
956
111
254
160
440
99
195
752
884
375
604
349
307
863
701
543
739
889
312
155
503
907
857
881
869
802
720
58
457
186
310
414
297
916
574
89
16
121
194
252
497
798
953
804
13
654
699
104
543
364
259
398
271
469
279
492
271
351
903
80
538
213
494
187
482
421
277
850
542
823
102
391
621
407
548
986
61
599
443
956
963
54
354
586
875
985
79
498
337
334
579
875
899
73
62
381
846
691
231
741
514
685
132
487
92
32
826
505
632
269
461
595
323
815
182
199
801
613
697
490
947
276
717
198
702
779
580
900
823
163
641
337
201
126
177
293
158
3
799
790
272
260
738
947
428
920
146
581
885
196
423
184
472
140
382
526
271
314
427
94
478
68
784
679
546
961
324
57
316
475
847
588
88
937
887
868
857
34
449
94
230
872
278
54
364
661
581
635
975
360
730
805
780
866
484
327
179
161
384
495
988
583
435
76
521
322
944
730
356
745
825
938
969
103
345
333
116
278
969
444
638
51
249
418
917
86
97
96
247
481
591
235
65
26
664
938
700
608
668
409
706
845
347
675
301
44
9
417
674
978
861
312
29
463
83
298
549
180
394
148
14
337
735
79
715
399
369
415
360
37
824
66
883
524
93
184
920
102
953
595
432
167
259
813
630
342
111
179
875
857
679
889
546
414
320
613
166
689
29
526
726
205
944
961
81
37
497
2
492
451
597
276
618
856
90
600
551
553
131
426
763
810
667
309
576
987
923
742
676
304
620
754
861
564
68
943
954
565
297
446
368
894
74
338
102
164
938
5
70
69
783
833
231
450
494
808
437
417
902
465
73
523
220
935
87
640
230
393
205
527
191
574
773
266
264
875
782
203
233
852
624
16
685
208
467
180
368
904
949
270
722
375
793
942
310
233
934
892
978
139
419
170
65
192
436
330
419
570
885
652
423
861
669
108
69
136
640
437
392
942
60
114
317
205
408
979
438
342
871
417
834
290
939
251
834
727
581
253
297
818
906
720
32
927
181
101
63
173
891
807
115
303
274
784
508
682
763
299
377
986
68
563
628
7
814
462
734
748
716
31
566
974
104
598
901
285
52
316
810
295
123
926
598
397
710
458
432
826
757
161
812
825
724
793
184
538
255
918
286
323
302
205
297
758
155
550
395
559
866
205
854
342
131
804
739
194
263
523
20
372
684
184
550
760
977
734
651
585
5
937
908
307
494
558
65
650
108
460
209
975
17
416
669
149
220
408
695
835
284
715
560
320
251
110
81
229
844
732
814
849
21
74
508
868
632
925
518
93
737
79
68
755
495
89
256
68
497
951
255
133
666
815
454
269
925
887
850
122
971
16
323
344
91
832
212
723
109
82
816
847
162
236
954
9
325
210
429
175
161
685
660
827
852
466
448
130
353
299
252
676
315
927
373
406
111
585
482
221
20
650
420
534
239
374
895
916
584
325
443
745
362
104
924
214
570
372
696
276
671
300
304
987
228
677
745
339
615
579
912
635
230
332
521
469
706
416
385
290
93
181
35
455
285
311
22
207
684
718
483
707
19
788
46
247
465
792
938
80
371
851
67
953
183
588
774
890
357
512
532
450
693
568
906
978
231
280
185
915
998
21
623
17
809
21
616
626
165
555
59
889
406
478
842
589
67
617
831
776
129
364
226
174
284
484
152
515
764
689
783
763
710
758
132
871
779
749
850
945
304
909
834
710
387
28
651
806
997
835
582
126
199
161
652
835
997
156
350
762
846
485
877
908
243
9
132
23
758
982
320
414
243
506
476
630
534
128
789
532
963
723
10
514
236
663
349
234
819
51
996
17
537
225
278
780
234
410
155
345
744
827
759
987
333
588
969
220
68
758
752
383
834
114
897
70
129
598
304
301
649
652
318
538
877
948
671
464
710
826
809
454
6
920
793
339
860
763
559
928
873
663
311
707
130
560
130
259
158
786
912
160
439
583
50
668
531
721
132
242
900
293
48
906
566
842
245
426
605
157
707
830
172
18
890
302
579
20
914
89
806
826
249
597
409
652
266
941
373
398
535
273
44
583
179
610
425
777
388
382
286
95
565
458
466
455
761
45
827
27
486
633
853
88
231
263
740
849
556
113
247
91
739
643
26
918
253
804
47
994
538
333
89
103
144
555
558
257
952
385
284
439
371
137
527
954
752
267
803
308
732
402
399
471
46
778
742
651
582
789
645
120
475
87
224
619
994
134
876
947
520
512
738
243
649
617
197
402
236
0
62
968
402
814
440
800
592
534
452
174
323
449
294
150
536
518
121
531
5
997
830
877
861
568
120
511
537
317
265
773
669
327
741
423
141
533
224
733
67
676
259
743
125
554
893
14
424
15
545
429
364
727
306
226
647
426
89
184
95
706
957
116
33
50
540
527
936
764
612
3
792
872
98
269
778
344
283
202
359
180
984
75
907
642
653
906
421
94
90
516
800
399
633
186
802
525
65
738
289
677
93
433
901
192
702
679
536
986
234
247
518
218
674
778
860
680
684
281
774
127
150
927
878
135
113
680
660
178
770
301
207
864
734
461
408
788
140
296
126
726
895
645
296
569
775
157
601
459
790
728
938
292
655
817
779
120
849
439
650
620
92
857
484
178
318
244
967
811
540
93
537
787
90
834
708
865
343
310
677
485
38
615
130
693
784
909
813
634
701
463
606
793
672
442
972
343
686
939
506
578
384
395
365
475
581
73
340
924
383
17
762
421
985
892
466
769
153
631
755
854
446
361
0
119
803
972
814
489
263
320
419
999
715
784
474
297
858
815
573
593
184
687
367
169
931
833
939
85
817
694
939
263
408
291
382
211
615
548
53
878
868
472
878
936
257
704
233
467
519
158
60
56
846
427
225
777
613
516
862
430
211
154
693
971
445
428
182
61
976
587
291
197
60
521
133
669
226
366
488
97
876
548
153
722
328
731
500
941
247
714
723
810
220
768
781
666
196
316
79
525
903
722
74
315
244
207
336
822
925
824
271
801
725
777
524
53
508
376
346
755
442
421
566
663
189
347
681
738
15
112
615
919
834
689
586
430
896
923
604
173
99
876
974
824
653
850
229
513
578
927
268
21
348
186
684
890
534
717
980
549
829
595
820
663
284
407
446
532
682
50
705
781
278
679
606
931
882
187
796
460
115
65
833
815
251
869
57
137
586
37
39
415
632
211
431
268
618
877
800
300
927
857
434
206
889
392
489
771
579
286
583
46
703
417
214
306
286
271
444
873
309
835
640
293
46
423
914
17
300
66
317
580
924
103
138
813
495
979
936
427
617
519
825
320
288
39
627
575
663
423
800
324
258
792
617
656
216
883
673
868
950
343
448
874
446
938
39
294
918
975
721
535
846
546
208
135
938
187
62
601
610
214
277
220
358
246
876
574
130
550
443
80
893
243
954
691
182
345
985
452
672
706
987
518
605
547
5
543
734
419
496
696
985
773
916
344
19
145
270
501
47
65
581
292
309
887
983
843
232
969
295
904
27
634
775
632
534
780
527
268
552
375
965
537
500
233
233
872
730
504
373
777
921
955
69
582
842
53
425
427
374
72
331
401
59
106
386
593
239
265
861
143
993
178
32
493
764
266
717
494
122
91
272
43
398
341
626
240
746
403
19
120
476
351
874
535
809
612
128
400
877
341
543
222
520
928
68
284
194
785
130
668
876
402
63
274
96
41
867
842
445
886
315
273
589
189
160
751
153
288
503
382
981
47
605
853
975
673
489
521
458
620
541
687
22
604
961
118
646
180
313
443
419
628
716
360
169
876
111
322
516
615
704
497
14
309
351
341
334
192
214
793
812
755
480
187
711
793
657
357
974
970
800
745
950
516
105
471
744
569
793
260
184
850
758
550
511
461
243
846
653
457
991
818
564
823
5
275
616
14
985
942
985
137
687
287
6
145
759
750
714
904
11
898
106
121
800
618
582
43
816
587
852
159
757
768
982
114
43
598
129
380
893
466
518
580
105
524
725
864
274
791
121
637
689
227
758
841
845
692
236
13
632
88
172
389
856
154
856
252
105
985
984
998
803
502
930
908
26
8
773
653
799
246
290
841
473
49
682
671
93
919
684
725
359
209
467
568
363
323
820
820
308
156
170
463
659
101
371
37
461
496
42
612
742
333
453
568
734
488
239
827
759
275
905
118
484
372
38
200
695
210
20
355
367
191
818
26
644
541
415
105
38
458
717
132
143
523
700
877
363
939
56
122
215
313
592
51
685
631
251
732
193
272
87
560
463
257
938
107
799
354
564
189
164
633
321
307
156
22
536
871
313
944
345
880
258
938
932
943
921
183
676
114
455
115
27
270
373
965
729
524
671
293
713
835
927
386
494
435
760
30
307
74
975
652
954
585
942
886
880
215
422
556
682
877
24
709
500
749
26
229
273
698
523
338
885
802
724
380
589
485
762
248
911
89
901
865
674
195
104
555
411
878
463
445
107
487
506
607
588
532
837
861
582
712
551
468
866
276
200
455
113
962
704
24
404
957
241
78
504
697
985
267
575
449
712
683
288
218
290
877
751
479
90
685
543
642
505
409
270
705
865
383
20
921
759
424
230
0
854
734
50
840
2
625
641
714
660
929
285
951
158
388
782
249
73
326
243
579
735
513
636
952
248
656
225
7
432
455
359
639
190
409
479
544
387
472
258
47
753
895
350
912
283
133
513
357
459
108
288
546
973
924
851
221
933
428
580
717
884
291
356
426
701
187
322
440
659
580
487
413
828
838
677
111
323
542
468
782
650
756
680
623
681
883
196
966
312
776
683
548
419
40
974
472
579
296
912
239
228
400
4
56
590
33
520
913
575
988
47
577
97
727
200
778
963
748
96
275
876
779
823
295
171
149
768
751
797
680
342
377
432
698
786
22
731
306
287
306
294
334
235
391
414
435
521
377
535
969
652
411
749
827
58
272
976
826
375
125
859
717
502
291
415
288
666
498
594
953
156
241
288
391
984
54
178
858
431
713
827
83
476
928
262
535
201
238
361
576
363
572
646
217
216
413
506
882
912
452
187
68
45
827
812
30
881
990
888
312
704
67
747
532
996
9
67
197
247
781
125
962
353
771
180
569
185
38
803
449
490
991
517
536
818
329
918
700
672
158
364
728
225
112
260
221
121
680
770
721
461
896
35
166
667
215
88
204
605
891
653
96
234
523
984
405
204
254
457
876
412
821
604
637
933
217
211
407
897
981
128
358
877
515
876
897
83
964
101
688
208
107
136
794
630
120
199
834
374
656
63
138
478
667
776
763
236
987
170
133
320
650
843
198
166
720
95
249
36
548
937
596
655
74
391
285
546
590
472
273
247
535
411
77
554
539
840
791
878
11
276
199
661
120
749
179
192
844
428
580
392
718
177
48
144
920
685
690
862
157
315
109
692
727
538
599
618
379
390
849
742
666
400
755
138
149
287
682
345
715
263
737
785
792
137
929
712
175
620
574
332
287
36
377
366
926
976
985
657
718
186
399
736
586
507
227
735
794
909
80
861
524
169
647
316
659
576
380
834
548
307
518
836
695
247
554
621
223
539
279
293
77
30
382
663
537
609
398
683
518
830
545
395
352
192
711
363
120
444
549
21
751
67
209
446
315
763
419
890
655
698
184
732
81
918
396
970
527
146
654
397
329
551
792
681
95
856
396
215
300
945
588
403
12
797
201
679
561
620
570
568
671
106
300
104
24
48
74
903
195
728
300
876
631
445
557
726
301
305
294
953
250
882
356
262
680
557
942
593
529
864
161
552
322
813
656
346
862
83
601
57
163
901
933
795
698
842
521
999
147
815
952
397
698
660
11
730
569
305
675
451
169
188
3
491
1
12
189
863
95
790
272
258
44
557
53
742
751
927
94
898
742
398
647
792
59
11
874
980
316
549
431
838
89
787
681
91
799
223
954
894
365
579
504
761
136
558
504
888
485
950
138
579
348
138
724
759
149
598
740
817
500
523
7
589
310
41
680
461
616
987
707
981
566
212
743
54
122
599
294
959
549
785
538
249
923
614
361
424
213
453
593
65
976
953
654
287
994
687
100
610
674
808
591
592
20
686
998
142
637
293
453
538
78
343
788
353
958
501
777
171
954
722
236
930
675
242
569
669
929
670
631
955
478
575
899
850
261
250
344
251
543
797
789
973
140
929
678
98
430
807
621
384
529
209
315
205
452
236
226
733
906
210
41
736
785
940
586
398
190
930
649
85
79
439
410
220
368
88
670
799
895
644
535
777
853
850
334
657
87
912
743
345
122
784
82
907
724
668
658
267
951
307
704
30
98
115
602
819
555
273
970
803
917
505
580
122
708
914
132
147
178
875
492
301
659
926
560
735
947
218
2
898
878
707
280
328
174
883
147
729
508
469
532
777
975
112
251
35
378
383
182
557
258
26
210
917
953
770
653
900
341
7
150
571
66
782
899
240
17
399
970
525
868
854
654
195
319
906
230
697
289
412
606
548
439
816
817
744
939
822
996
280
182
498
851
248
280
102
841
298
501
163
175
370
17
830
565
336
736
796
386
377
560
992
925
351
161
95
95
100
917
91
732
99
941
935
700
222
37
541
872
891
704
47
261
721
229
178
410
317
326
796
695
239
140
972
590
301
67
38
753
337
481
837
436
423
124
136
645
162
29
517
53
733
916
666
807
146
196
217
815
875
13
510
114
153
835
56
807
902
94
912
239
576
102
28
999
226
516
996
740
546
865
145
279
781
811
86
279
360
655
95
587
668
957
53
174
792
109
333
47
556
245
638
132
699
666
483
926
535
479
666
81
344
812
712
477
975
151
109
335
806
204
274
827
513
327
1
658
437
686
705
993
931
695
477
983
362
960
909
897
791
575
330
135
387
42
964
715
545
73
402
352
629
677
179
495
4
532
153
793
218
210
138
501
905
615
484
619
927
393
868
718
321
198
205
60
593
170
775
138
243
178
842
225
855
21
720
211
905
873
5
123
83
143
625
340
111
461
960
38
855
828
757
176
379
962
588
324
484
364
814
728
894
657
305
101
30
25
312
936
898
669
411
333
165
36
25
276
850
985
314
705
166
423
233
897
386
821
221
870
537
35
950
431
44
255
532
75
632
197
363
530
866
774
215
383
163
241
659
13
578
326
70
744
749
303
993
487
476
214
710
14
602
660
797
646
268
682
721
900
879
84
783
97
859
350
481
374
943
140
387
522
466
457
618
568
112
612
55
588
178
765
954
780
778
104
427
398
786
500
650
17
937
433
114
148
136
595
522
79
88
909
953
906
718
572
474
830
536
882
770
66
647
77
847
425
181
626
823
967
478
826
984
415
259
450
563
747
46
437
179
486
698
132
392
416
56
219
598
592
101
369
659
748
446
858
526
627
836
701
946
314
527
282
730
139
732
645
238
130
435
417
616
133
550
361
902
606
932
500
551
33
221
562
133
667
772
11
646
608
65
944
922
592
578
4
83
311
2
322
441
789
739
410
922
641
123
176
600
55
677
151
440
250
65
573
270
837
937
916
797
2
213
71
946
791
76
30
454
430
704
248
219
795
658
493
437
133
670
37
188
699
540
628
949
957
553
219
146
490
488
943
492
53
14
791
844
442
821
299
224
877
547
443
672
557
289
461
690
959
850
230
10
742
858
959
699
763
531
845
254
19
788
98
72
155
889
268
597
62
919
822
291
818
617
316
727
906
129
769
217
980
999
227
74
209
539
774
973
70
971
579
441
112
29
865
619
271
133
216
333
405
390
977
223
360
293
951
618
422
720
836
754
72
415
181
281
954
307
606
24
278
185
465
742
215
330
361
486
816
930
171
221
672
500
796
384
793
99
3
568
172
191
674
244
606
855
877
561
162
484
937
793
21
403
887
588
85
249
74
901
531
598
474
203
98
623
940
244
722
943
164
894
134
190
490
740
46
368
653
560
204
591
705
225
346
593
814
431
194
240
685
725
190
511
280
641
134
220
237
857
515
401
103
649
943
594
742
341
314
395
902
518
338
959
95
684
904
261
468
98
502
153
175
44
16
808
685
151
380
922
8
896
675
463
897
619
409
991
960
723
739
214
593
77
174
689
114
430
950
582
529
804
87
56
849
103
864
886
254
245
809
614
493
836
78
390
807
839
734
768
563
473
334
508
550
860
549
16
291
852
598
820
656
685
876
857
141
93
744
395
338
905
362
183
93
792
925
901
631
659
669
546
132
3
55
35
216
604
51
507
808
2
327
465
687
555
674
828
648
770
576
338
27
938
873
121
82
799
22
713
458
43
260
943
398
667
978
614
623
381
121
432
383
800
249
423
708
923
603
708
694
531
47
721
821
272
194
903
71
216
617
882
611
229
825
10
896
155
624
871
888
98
303
272
898
552
47
606
476
2
315
522
534
714
595
355
986
142
611
410
358
228
292
970
809
117
332
57
624
956
928
512
54
232
136
305
136
535
263
964
538
578
486
424
644
434
779
983
576
390
393
286
970
685
608
131
154
940
188
130
249
469
994
655
53
131
960
189
18
224
154
556
154
992
980
151
426
112
134
354
854
527
993
825
564
601
956
70
894
497
200
143
966
546
798
19
677
111
560
48
335
714
604
841
707
937
992
485
49
478
192
903
357
185
80
273
138
389
343
32
238
895
175
204
442
974
575
471
437
135
519
772
202
476
965
909
413
310
746
814
788
938
69
498
475
502
771
614
891
115
646
129
362
822
685
804
148
612
276
585
747
147
709
301
623
26
210
388
336
309
554
477
599
624
975
75
126
746
689
369
213
687
850
576
861
887
380
361
499
8
946
598
508
7
900
131
34
462
872
722
123
426
551
723
50
526
798
528
625
839
249
838
878
451
766
740
338
147
101
189
507
400
788
15
407
40
499
793
854
723
868
978
149
419
701
552
298
851
432
275
42
682
113
920
485
880
660
824
379
762
365
238
162
505
606
921
545
457
67
400
180
287
730
329
58
431
881
356
634
314
631
676
348
97
596
833
329
257
9
708
371
375
298
885
880
904
806
778
361
225
530
541
512
260
223
571
43
104
279
677
770
263
353
118
360
949
304
689
206
313
749
929
688
47
814
921
952
621
699
665
198
229
207
63
841
430
634
884
886
265
561
657
528
266
127
240
215
783
281
774
97
382
703
137
430
518
410
734
491
109
399
689
690
958
752
531
740
738
767
627
356
680
636
236
946
115
829
162
899
110
936
348
493
991
837
275
509
248
361
352
709
112
394
400
71
146
283
163
237
403
142
593
83
130
181
30
598
10
192
849
473
480
197
966
823
386
593
685
634
954
37
344
418
431
96
841
930
731
5
167
134
147
112
218
278
645
248
228
656
792
77
129
624
274
447
447
12
392
132
647
346
522
343
116
953
439
958
883
522
963
402
657
462
866
875
92
864
475
320
520
267
397
1
891
23
448
338
36
840
823
35
538
345
378
654
298
169
964
534
691
927
288
348
742
507
575
834
371
50
155
243
317
904
244
560
928
44
251
316
236
74
351
126
419
729
132
69
250
97
955
941
24
244
642
118
103
569
953
474
620
460
69
289
364
665
850
644
709
101
960
297
527
311
423
946
40
555
15
290
4
971
584
381
567
578
499
670
147
452
496
119
912
565
409
629
230
611
273
291
64
234
588
591
897
363
889
290
270
256
932
275
579
516
656
146
446
155
168
594
960
16
713
224
581
474
853
163
437
479
806
501
65
394
444
962
109
333
252
380
942
185
655
521
53
311
20
500
818
188
446
778
557
159
3
490
986
856
654
423
687
460
277
752
207
721
715
668
407
319
48
349
856
703
222
910
366
242
410
185
783
208
315
340
367
318
830
705
527
836
129
214
649
406
967
208
479
34
876
238
353
277
939
210
980
162
120
699
756
882
236
891
90
551
231
809
870
414
515
749
602
996
963
251
754
930
811
233
316
40
472
670
317
411
880
649
925
352
348
682
586
936
573
28
488
157
189
710
923
56
459
525
52
774
129
806
705
292
392
373
332
216
43
649
979
275
651
905
979
351
939
917
288
512
945
128
21
487
838
296
543
649
174
948
423
303
106
480
947
498
854
280
714
249
281
694
525
284
951
504
636
890
422
924
754
719
52
776
206
242
424
102
243
598
50
666
901
156
499
201
655
353
833
721
602
466
767
479
751
718
336
387
608
758
663
715
829
67
491
388
309
267
490
552
866
540
570
119
48
69
320
55
774
153
777
729
620
896
560
723
615
896
110
575
6
125
290
836
192
133
224
853
401
714
757
267
606
327
386
654
749
707
710
875
212
839
956
184
735
517
907
702
413
369
278
420
846
920
608
38
54
832
243
455
898
0
74
856
680
812
862
781
871
924
656
84
115
613
620
851
482
528
905
895
249
183
667
96
456
275
486
510
459
730
317
709
82
743
917
762
555
780
895
427
704
552
511
820
517
131
23
999
11
928
246
261
464
914
709
920
541
195
782
353
925
451
62
8
194
980
122
749
112
18
528
816
922
39
988
791
523
363
142
886
292
388
499
108
654
208
380
196
404
514
549
681
965
963
41
159
943
516
260
407
886
789
224
808
180
564
951
55
928
93
942
572
481
793
680
136
2
412
684
758
926
233
791
891
548
185
402
844
701
14
251
587
803
475
747
336
392
698
391
320
791
685
892
624
479
572
760
833
984
444
943
262
29
86
153
578
271
907
422
972
921
673
911
725
501
10
413
893
708
804
565
499
842
457
124
673
381
236
506
365
33
801
979
414
887
132
344
159
39
118
483
960
144
747
37
645
757
450
890
466
607
455
317
449
912
793
122
293
382
980
10
415
781
341
181
668
473
526
179
864
644
663
176
788
410
214
785
519
16
675
985
623
482
655
424
746
800
898
391
182
878
753
949
659
94
131
680
567
657
859
783
301
874
960
442
636
174
227
156
542
903
493
166
737
148
942
484
949
841
875
483
719
629
433
731
723
564
763
643
221
974
426
874
849
386
316
485
912
544
993
455
799
487
973
888
987
267
372
288
108
248
124
180
229
557
263
304
121
378
947
694
352
726
920
201
464
589
39
377
485
384
184
636
223
509
524
211
776
897
851
237
497
975
769
726
884
32
30
357
410
330
51
114
56
324
316
520
913
707
249
398
443
785
386
667
294
910
230
423
807
433
12
656
409
781
382
293
165
765
651
927
447
54
41
503
730
709
375
643
768
977
393
212
762
779
879
409
42
461
184
849
894
196
506
303
329
240
949
846
5
952
773
804
358
166
307
89
228
35
84
996
12
478
560
126
609
439
887
651
252
423
853
147
971
711
802
300
951
103
498
309
55
271
113
766
790
773
855
18
160
939
14
524
769
575
650
731
366
890
734
619
313
587
766
285
298
920
937
602
24
436
263
79
707
728
197
849
501
52
867
661
344
882
185
465
809
188
548
527
78
283
146
743
870
264
28
521
185
966
475
561
754
90
640
813
818
838
663
320
242
530
333
938
764
871
404
573
411
952
453
841
587
599
584
810
216
965
331
753
283
158
314
37
248
306
850
66
496
513
738
91
396
424
29
160
647
785
86
58
90
539
899
677
490
835
487
706
800
170
811
83
328
125
472
928
784
323
347
280
188
437
723
584
213
753
745
860
890
831
270
980
722
521
658
212
357
145
271
509
668
82
945
348
560
417
277
344
740
976
976
929
413
52
865
979
805
610
839
47
793
110
28
515
631
38
80
340
183
351
850
203
785
795
552
345
212
181
41
305
157
370
586
922
422
451
901
579
414
93
626
207
555
6
75
538
44
155
879
580
858
81
783
643
876
335
341
440
516
734
97
25
104
683
948
878
487
201
809
901
294
788
108
201
794
535
740
839
42
619
771
900
700
554
896
928
242
589
720
758
323
818
136
780
501
436
10
988
637
820
889
284
960
350
485
754
237
225
945
280
196
716
532
248
623
780
528
865
369
249
975
45
67
111
177
920
547
187
261
537
359
502
821
671
204
658
426
442
236
723
722
432
792
606
33
415
387
561
280
108
810
255
505
229
719
682
150
266
222
411
155
933
913
976
605
118
987
383
912
223
458
986
7
250
592
40
665
331
954
297
792
116
553
297
346
624
332
496
890
906
259
46
839
524
374
796
994
713
531
906
936
990
892
296
592
485
688
258
168
642
555
960
759
460
610
105
436
942
953
327
200
564
725
39
88
451
188
83
165
71
989
453
61
882
749
654
719
438
264
239
432
171
200
543
984
810
0
420
104
953
99
304
517
176
695
958
628
235
41
145
307
382
950
720
616
52
726
687
842
990
927
274
514
127
818
498
289
170
918
745
124
370
401
993
546
96
303
526
684
696
23
991
79
974
711
47
26
790
735
868
780
662
494
294
141
664
144
782
835
63
527
311
785
280
304
331
376
960
858
412
656
233
403
735
207
467
783
585
257
870
805
389
884
300
36
25
964
180
159
799
595
38
110
380
318
767
712
46
727
922
459
735
155
214
823
715
33
606
300
642
828
106
32
712
406
420
89
722
600
248
874
196
286
984
576
604
103
640
2
182
914
461
918
70
28
93
785
61
699
437
704
879
543
88
591
301
860
680
24
460
280
250
8
566
586
937
522
690
577
876
224
492
338
494
914
366
587
51
779
638
488
835
517
384
275
460
37
135
492
413
596
772
663
956
690
250
893
564
292
471
441
516
315
131
363
581
849
302
984
628
941
472
464
810
208
739
271
598
227
115
11
175
240
675
131
930
277
25
847
569
848
288
437
163
771
152
96
620
455
80
248
396
904
64
558
113
156
181
711
383
297
74
558
537
101
689
819
378
714
666
299
914
306
737
77
77
889
525
697
344
605
298
92
510
714
651
975
870
832
38
605
129
112
163
18
214
205
838
944
271
856
244
186
163
981
615
592
222
141
642
919
746
940
11
608
654
662
583
877
847
973
482
976
86
998
347
652
555
185
596
826
393
840
364
556
173
980
501
396
473
143
315
571
83
678
180
89
341
115
318
188
89
801
516
527
151
215
179
706
752
127
884
146
968
249
54
141
581
555
889
406
698
556
977
133
235
509
575
928
625
893
468
66
46
336
593
197
552
772
255
304
899
140
450
219
389
857
713
322
412
602
728
111
511
57
244
98
567
171
26
192
65
494
258
111
830
851
661
734
975
916
39
226
56
841
446
797
698
511
471
463
465
551
574
976
609
170
74
176
342
100
368
759
946
978
222
129
829
883
863
156
152
254
382
560
448
180
710
146
691
181
609
157
733
535
485
342
58
912
518
752
364
238
511
311
216
85
440
397
969
655
553
473
910
287
33
358
820
743
856
863
925
818
372
10
705
210
352
763
122
222
867
486
460
378
797
676
464
589
425
785
597
330
258
859
969
643
569
789
387
425
5
664
595
377
674
653
587
378
416
61
952
636
548
412
14
345
440
830
287
865
967
884
547
577
743
516
221
312
658
960
89
663
624
37
392
650
690
332
380
458
393
332
94
293
744
461
991
536
291
278
753
259
514
300
836
609
168
409
273
826
369
362
841
993
751
586
995
441
270
375
252
15
59
346
309
155
807
300
691
451
578
796
62
444
96
250
53
617
660
326
443
29
40
637
375
144
223
370
585
493
98
837
508
509
536
817
665
343
469
708
146
47
505
208
843
953
459
896
570
119
574
366
148
967
3
875
111
226
598
696
71
48
886
931
557
774
101
574
469
570
283
616
970
140
824
813
93
635
710
16
754
636
382
255
603
385
130
714
963
80
763
386
128
649
317
686
423
418
260
892
989
895
860
959
35
685
772
481
320
834
497
427
823
879
682
426
616
164
141
931
597
904
317
725
905
634
763
680
53
376
924
394
271
785
353
659
470
477
140
142
664
637
921
487
868
603
265
836
120
406
767
717
662
84
794
919
70
910
599
123
286
524
517
909
309
222
568
131
52
60
625
68
49
547
555
917
502
172
105
974
579
872
43
593
308
838
513
379
748
464
502
386
988
372
295
649
946
216
132
998
276
758
66
326
657
973
595
159
146
701
486
77
925
529
22
234
719
535
613
819
352
467
205
340
191
853
342
138
69
474
488
697
584
555
375
241
880
971
753
378
24
239
455
949
120
478
183
840
365
148
659
717
616
217
410
807
70
104
297
491
578
786
540
515
693
916
108
573
239
213
952
263
452
759
212
925
237
748
765
955
896
776
24
864
993
434
24
415
538
321
906
469
459
447
336
152
715
444
726
954
658
30
217
462
789
781
387
379
881
504
686
130
281
710
994
274
497
18
690
387
692
948
208
151
395
544
304
462
341
382
416
999
412
985
813
553
119
553
932
0
57
970
130
338
681
477
613
530
847
655
917
539
603
478
43
351
22
347
813
363
81
582
714
845
567
880
398
686
433
683
39
490
653
169
181
686
646
146
216
494
801
486
385
756
964
428
107
338
127
273
54
208
855
768
53
774
0
804
461
785
487
500
628
492
21
809
179
20
955
747
866
108
233
251
864
549
32
324
888
159
597
942
720
804
62
773
578
415
577
391
200
416
891
828
261
265
637
440
637
944
539
503
52
125
106
917
674
138
593
914
650
190
856
370
346
271
495
924
686
425
316
886
841
559
715
102
176
704
894
813
649
786
668
701
911
775
970
937
265
563
852
267
105
60
637
803
683
133
728
369
558
396
608
751
955
675
206
484
379
100
297
380
238
966
82
149
93
404
439
710
320
643
978
777
703
615
581
387
100
661
108
658
57
716
762
364
391
968
848
123
420
498
503
659
816
937
160
261
342
599
971
14
242
301
791
298
917
724
37
369
385
497
380
794
214
142
159
957
110
359
432
882
209
936
541
377
873
702
638
567
653
962
933
248
263
77
898
532
801
935
902
539
432
634
333
998
776
844
308
238
556
740
120
117
676
14
495
902
716
133
821
721
95
755
969
711
832
219
243
985
154
497
524
939
131
210
289
259
406
597
497
314
690
970
432
718
984
927
620
52
412
442
773
860
549
95
571
733
314
166
718
821
664
595
112
147
157
401
407
563
351
256
878
41
226
662
111
210
589
732
262
353
526
36
213
427
483
136
160
797
303
878
618
319
825
82
466
982
484
225
546
187
482
776
580
708
790
691
271
731
775
533
84
301
921
298
80
756
434
240
554
89
471
524
408
296
607
227
279
443
452
177
630
286
305
562
347
95
253
618
826
29
503
910
682
777
560
763
533
347
3
439
436
826
964
197
123
923
776
402
718
580
931
700
867
236
262
214
331
515
184
157
896
687
419
579
464
980
342
998
327
697
789
115
524
105
664
999
28
440
401
98
21
684
798
240
920
412
454
603
280
638
760
176
677
531
107
142
511
449
492
190
499
281
658
375
739
322
374
119
115
127
218
488
811
368
728
83
781
534
686
61
524
798
589
201
329
697
695
193
498
539
735
997
173
393
724
912
68
450
31
183
577
601
23
740
970
751
823
103
637
509
164
161
659
105
714
989
802
762
182
301
301
269
650
826
663
727
90
83
177
122
618
755
75
641
847
45
744
671
148
381
532
664
894
192
770
960
181
924
722
715
225
376
336
228
554
999
955
645
434
132
119
52
239
194
693
87
592
789
110
92
170
642
757
416
186
879
377
719
803
451
434
381
179
771
961
734
122
916
379
909
400
850
961
992
44
7
79
636
796
541
729
319
535
838
87
722
69
816
441
224
268
228
605
799
351
918
533
825
834
264
734
587
114
696
579
511
55
10
499
851
903
228
522
438
418
610
160
487
778
602
712
398
830
669
198
181
588
731
6
774
348
741
713
814
789
644
325
844
654
825
47
909
405
922
348
176
884
508
663
662
110
727
61
292
749
259
825
689
342
184
463
690
277
177
505
66
173
182
262
828
7
661
89
765
583
437
941
467
946
956
130
408
684
191
53
785
802
878
474
144
414
937
187
691
466
44
109
640
226
723
820
586
385
261
703
968
699
644
788
645
600
918
405
636
461
458
421
615
689
895
111
455
185
298
147
3
694
608
995
273
332
167
859
69
429
562
37
480
558
177
125
510
447
882
147
908
693
920
875
734
168
987
189
705
637
688
708
332
297
56
605
981
575
816
50
356
730
439
836
288
617
313
798
64
196
945
325
241
218
200
975
386
539
164
91
177
853
151
509
502
559
114
483
487
282
533
843
12
972
32
300
941
345
98
6
893
396
331
134
966
883
461
352
423
626
795
600
831
946
109
333
506
575
168
993
209
701
188
221
25
220
521
967
566
971
325
811
719
656
298
685
891
759
37
314
385
832
914
568
131
375
901
989
302
69
334
511
122
522
732
500
95
605
467
13
929
792
824
648
800
122
334
691
882
723
358
619
908
272
188
391
0
441
380
654
863
714
166
985
588
250
837
683
208
304
48
137
448
873
785
600
347
471
644
229
547
2
201
807
626
741
198
626
182
930
281
397
996
799
735
584
49
572
620
257
229
668
746
677
893
532
630
241
355
274
822
254
628
23
61
254
764
611
881
299
541
514
696
537
313
431
474
714
356
94
324
585
114
70
614
8
954
244
601
310
870
423
916
498
799
978
105
915
589
338
214
483
852
263
20
165
46
846
879
402
292
555
987
407
626
602
767
580
198
368
242
421
143
159
271
942
489
376
858
430
714
424
913
566
687
286
83
86
132
315
488
425
870
828
184
496
782
951
429
980
319
671
753
462
182
25
757
671
401
615
454
468
39
367
34
79
5
470
165
138
785
5
915
7
833
99
856
615
50
285
948
721
308
701
535
843
726
644
866
480
259
320
948
651
688
334
82
693
804
247
183
941
604
98
301
438
197
157
405
599
794
705
672
454
759
560
297
837
204
164
317
464
484
617
467
524
952
549
218
108
148
753
402
752
852
703
542
401
860
300
1
6
357
25
460
116
585
758
954
790
274
623
606
758
241
425
283
545
974
853
653
122
606
55
226
810
758
121
212
970
421
565
976
778
590
789
895
176
899
201
318
173
824
276
283
417
701
918
962
675
771
616
149
730
23
727
540
782
848
104
104
621
669
433
400
260
222
647
788
121
200
458
294
376
734
577
794
435
848
756
462
971
724
611
701
748
690
594
882
539
698
986
160
720
419
912
980
641
911
120
762
463
578
408
840
664
338
634
99
186
390
561
157
115
524
211
215
566
805
97
105
855
83
618
575
855
882
907
496
146
379
611
609
957
371
449
973
709
435
72
247
826
985
405
293
861
968
508
428
773
605
885
980
40
855
908
895
90
815
744
236
195
707
197
504
78
647
830
788
82
902
35
260
240
792
905
453
760
765
233
885
370
471
218
763
326
126
658
416
293
754
4
840
461
202
345
540
201
527
680
635
781
67
896
21
860
153
827
972
919
60
858
641
883
76
404
210
554
415
978
847
521
983
688
983
185
385
875
738
912
555
373
693
622
621
67
834
775
894
159
694
306
17
687
190
445
444
752
351
859
730
198
380
65
886
715
602
271
590
340
535
497
714
229
120
335
296
306
462
542
465
508
200
834
196
742
631
640
494
982
851
577
181
583
994
419
299
597
43
241
289
578
739
3
807
211
691
455
517
505
349
335
14
550
169
562
644
153
554
491
135
405
68
668
340
414
88
639
11
131
881
301
709
620
656
869
831
699
324
700
557
26
35
923
576
557
485
572
710
391
63
197
148
483
866
488
898
954
128
909
437
361
562
146
333
571
367
516
622
692
216
531
70
604
454
646
161
291
570
223
682
634
420
830
117
286
319
15
592
799
277
29
160
191
528
845
114
895
361
737
939
929
620
9
885
75
7
398
366
578
621
49
212
42
231
329
680
550
697
273
349
326
654
861
517
182
58
632
78
771
721
17
53
341
379
938
768
386
337
135
964
310
536
528
704
767
210
385
670
907
658
371
233
312
585
102
847
643
86
925
415
807
294
820
501
673
758
269
60
447
756
376
758
292
905
462
412
115
199
82
374
209
453
959
522
390
61
721
34
500
646
801
659
292
621
160
966
731
782
378
531
890
754
641
535
11
103
947
478
655
381
852
864
186
163
738
577
577
459
963
77
105
764
736
750
737
249
716
820
383
446
351
273
552
992
160
564
448
459
394
103
840
247
967
379
762
706
956
339
165
271
768
623
35
857
373
124
106
441
944
489
239
648
114
791
640
275
707
440
86
102
543
927
701
863
658
463
569
966
155
86
237
923
709
624
780
434
748
238
227
44
79
466
692
546
610
685
173
317
125
259
419
21
538
472
884
196
936
805
162
443
891
751
718
953
375
851
739
475
89
967
520
521
785
564
67
395
249
240
713
727
851
484
100
390
957
984
938
245
789
101
688
32
204
758
985
580
609
725
55
51
44
575
572
829
492
991
225
93
231
290
820
434
774
272
824
83
256
763
328
397
216
368
782
420
127
767
352
88
844
408
139
888
335
63
70
827
54
295
921
637
937
93
72
63
366
896
147
974
11
827
724
579
196
506
352
675
625
704
763
822
112
255
62
800
318
132
627
373
779
900
10
716
346
434
780
64
683
927
390
694
106
114
626
302
972
978
329
950
682
445
772
147
700
186
947
18
319
926
743
98
179
106
167
525
540
947
941
223
226
331
270
332
798
896
987
122
874
668
72
908
113
196
407
165
383
706
536
54
985
279
504
164
385
671
41
278
970
982
501
548
665
771
881
463
667
220
586
893
888
10
154
354
559
913
519
294
620
55
700
957
687
204
121
424
228
514
702
198
848
204
747
513
975
980
329
995
200
267
888
440
277
394
794
188
308
666
482
280
73
182
237
760
739
710
185
967
576
239
517
424
443
616
289
771
596
618
766
148
885
6
941
515
753
87
703
413
753
186
693
827
720
282
939
459
344
476
426
920
716
944
344
511
560
633
282
509
604
400
657
489
759
950
4
512
38
708
277
791
246
970
970
966
252
262
426
596
738
204
868
806
500
564
318
413
197
600
922
153
353
931
643
464
882
999
328
920
59
605
63
305
575
386
624
179
648
402
127
738
606
995
545
459
559
863
872
108
815
794
262
520
725
257
984
959
256
312
231
316
917
647
973
844
33
597
375
33
999
502
771
958
849
668
417
760
531
641
221
699
435
835
219
512
92
556
824
700
868
55
16
138
702
990
334
87
939
710
120
291
564
244
601
766
264
370
526
796
11
99
847
446
934
418
310
378
974
134
79
195
542
95
685
244
437
19
684
729
729
804
20
646
400
621
412
665
343
290
813
354
390
12
152
676
430
462
55
757
949
134
952
491
581
637
87
371
656
771
100
738
928
472
384
680
445
796
345
788
86
510
142
828
874
646
505
305
108
912
62
409
46
366
900
979
3
340
350
11
111
802
749
391
626
485
72
71
281
769
211
720
280
353
548
154
999
405
811
460
317
225
869
715
591
122
695
594
462
397
958
925
200
707
317
178
193
389
250
826
158
461
898
790
167
799
297
518
204
108
330
874
686
200
589
277
674
636
224
488
34
182
765
586
241
82
764
786
823
366
613
334
180
863
124
347
662
773
217
219
234
548
93
920
100
34
197
774
671
421
614
57
955
379
995
197
462
111
983
637
478
948
971
658
812
448
357
826
221
574
45
455
122
490
375
222
877
925
348
900
346
962
309
302
694
304
851
508
415
186
145
245
135
117
255
299
565
612
125
138
187
523
594
661
365
321
884
242
246
232
142
945
547
451
599
241
107
450
749
875
636
246
120
123
715
376
422
280
340
900
771
527
775
365
189
492
38
425
735
285
9
229
230
908
33
829
149
492
631
250
367
619
497
840
743
212
568
517
845
908
769
968
788
544
333
329
389
723
754
124
8
115
705
590
24
90
771
173
935
402
776
302
22
625
494
765
189
62
634
386
323
404
354
111
300
39
792
689
763
898
165
123
13
223
714
37
313
485
563
248
888
339
903
262
316
397
379
857
812
13
244
487
417
950
598
70
990
742
759
105
640
277
228
653
500
294
691
813
132
254
414
372
945
669
634
613
418
13
470
230
378
714
717
148
17
667
218
7
409
329
464
401
606
44
55
106
691
98
272
823
704
38
195
649
707
829
262
125
194
732
708
924
799
425
72
816
445
642
175
206
972
991
608
578
35
15
37
726
113
661
901
817
699
96
466
406
925
80
883
471
164
591
396
315
369
820
483
814
463
658
372
435
1
980
365
37
995
754
115
108
415
17
277
114
465
95
872
743
175
108
214
692
51
962
7
420
783
843
586
246
501
959
33
855
939
398
244
287
505
359
395
920
728
25
387
194
120
611
289
296
719
503
340
771
466
699
543
601
542
130
847
396
89
232
251
380
982
495
667
487
206
415
760
287
440
147
833
560
110
122
208
182
977
548
305
795
600
848
396
142
978
595
890
419
827
141
800
810
988
819
649
547
234
409
834
26
908
667
587
19
141
147
553
118
48
858
914
648
706
310
142
37
258
33
808
85
526
608
247
515
780
249
62
366
658
248
393
919
267
332
290
408
479
843
526
879
701
792
527
759
103
22
796
361
55
605
798
581
565
398
448
345
647
862
64
305
110
457
576
377
141
866
785
972
709
664
852
762
456
731
522
911
753
318
624
160
275
423
94
841
173
542
538
820
757
954
477
867
411
54
597
904
920
734
877
982
750
81
744
207
812
266
470
918
937
95
78
212
870
172
405
43
67
296
215
824
250
692
43
14
98
640
918
371
727
147
353
477
228
97
36
393
716
507
311
653
954
389
217
824
914
623
219
981
271
434
157
873
478
552
887
577
545
158
300
272
305
653
101
534
102
138
927
170
645
238
823
951
979
393
775
245
16
994
578
639
780
735
512
610
288
400
187
185
558
487
457
215
492
558
749
947
48
28
117
45
618
941
996
950
334
123
195
702
469
774
693
249
861
205
860
501
957
399
686
867
239
495
83
83
54
184
30
454
565
148
500
183
89
496
485
775
620
681
829
89
807
522
691
20
79
903
522
37
654
208
904
893
704
339
977
110
524
7
916
441
155
416
976
596
265
462
723
237
495
904
678
654
426
721
674
506
624
196
895
279
757
799
524
813
491
853
275
15
861
191
808
368
960
784
317
577
246
392
814
741
297
844
747
75
918
422
933
542
618
828
173
727
980
50
540
471
903
815
838
764
359
646
485
319
430
802
896
29
546
62
122
843
258
870
919
176
292
852
71
262
33
596
990
13
646
530
836
550
698
674
666
57
672
151
728
454
305
976
483
852
390
606
47
648
476
318
825
120
171
896
382
204
844
372
569
491
255
405
41
305
431
707
714
103
211
442
909
868
770
393
72
160
351
120
808
179
438
985
299
961
233
33
517
78
406
438
569
13
843
962
318
626
21
32
729
584
826
639
453
948
384
877
108
735
349
268
914
140
254
565
453
839
598
971
269
356
409
190
721
605
152
39
231
174
423
313
110
601
304
915
549
688
793
9
775
142
278
41
634
884
606
88
75
556
411
345
265
820
535
986
777
40
378
361
566
153
674
676
755
978
592
656
18
385
666
793
879
296
834
514
180
792
954
255
348
365
952
613
537
488
952
315
528
330
676
94
483
702
122
590
32
714
599
50
451
265
843
683
913
29
197
93
173
503
700
873
868
5
487
405
493
791
72
373
121
100
819
956
154
941
547
186
8
146
236
459
763
431
142
676
812
691
121
985
194
173
859
414
178
698
172
23
489
596
396
610
697
567
918
851
861
465
390
869
963
626
328
78
58
823
754
222
514
227
208
61
401
67
475
579
117
999
603
606
596
351
568
645
271
486
496
132
304
886
1
619
865
681
698
275
856
804
497
723
384
57
784
785
476
611
716
593
611
671
199
207
375
119
852
646
958
700
130
262
939
131
233
156
164
931
431
21
88
280
744
472
338
880
609
814
491
325
408
454
349
959
13
724
79
217
722
37
270
852
651
209
335
884
717
851
816
148
872
256
428
968
728
766
848
689
581
692
366
989
498
715
300
512
791
379
729
865
416
351
69
419
560
404
304
277
608
472
777
832
728
206
801
808
324
1
497
257
693
863
598
544
931
899
56
74
278
137
292
47
489
361
466
401
118
770
31
726
242
808
558
322
366
359
130
43
713
979
300
758
195
899
302
126
150
710
552
780
848
844
827
689
206
646
90
676
768
473
402
363
634
312
685
0
24
168
395
737
147
48
495
342
299
150
820
449
860
725
229
708
921
409
397
127
55
840
155
175
313
557
538
947
222
576
300
246
744
47
983
243
95
830
938
394
980
758
195
841
835
425
901
757
186
651
236
241
491
392
768
156
301
307
456
523
235
108
769
331
155
104
574
603
935
512
997
267
623
545
108
458
970
362
215
156
13
452
749
856
844
517
364
497
176
820
21
763
280
790
94
436
247
669
39
182
181
388
801
804
933
910
615
255
624
830
763
637
282
512
845
478
382
209
976
910
382
349
674
662
491
120
98
738
789
489
272
323
230
74
479
515
336
94
771
960
925
534
949
559
399
794
390
133
355
718
395
737
67
421
400
910
542
850
649
331
340
273
6
922
347
486
437
35
580
208
995
505
95
296
417
846
90
807
331
446
877
726
535
944
148
935
854
690
786
855
373
478
481
380
400
828
218
837
216
798
398
211
656
493
508
73
691
950
232
22
748
109
748
284
405
248
571
611
290
357
819
664
187
300
396
587
480
614
777
696
764
175
908
420
20
768
845
63
70
77
85
171
538
185
455
943
434
26
907
724
736
726
740
275
26
488
215
506
102
992
203
219
519
463
639
891
583
837
954
5
266
39
176
805
224
983
100
10
362
7
735
98
85
475
725
463
964
940
322
418
284
877
637
803
340
629
694
275
466
0
280
84
39
809
889
616
792
342
626
154
701
361
604
787
189
330
250
505
622
924
275
907
801
265
710
141
246
757
768
64
757
401
148
149
210
38
765
354
732
743
861
433
457
465
572
646
147
175
503
122
99
130
29
901
395
91
394
993
200
163
57
958
916
206
459
478
596
576
832
328
319
693
113
776
511
686
774
10
861
629
132
960
760
513
861
507
605
256
501
805
771
910
115
687
116
574
165
64
150
349
744
470
395
858
598
258
896
373
268
757
2
753
69
762
266
283
622
871
891
123
29
662
33
144
701
502
719
218
918
221
567
663
691
314
521
290
572
769
15
841
526
17
946
595
132
212
230
754
436
121
229
465
783
262
609
836
116
680
54
35
902
974
698
593
288
571
235
213
340
250
54
218
620
0
165
752
564
396
858
0
517
87
465
653
701
75
489
818
107
896
205
9
870
903
955
510
826
190
723
518
793
129
88
413
481
253
517
46
1
375
398
519
462
864
524
163
291
13
333
398
261
538
408
483
793
363
994
619
905
69
489
698
551
577
463
32
183
980
430
184
355
829
703
169
693
579
685
336
945
18
734
206
557
494
690
702
209
36
322
115
457
163
165
8
741
629
41
924
609
823
460
317
652
164
838
345
743
523
33
688
894
768
247
803
614
289
505
824
325
179
939
782
343
104
143
436
85
536
712
47
359
172
716
12
688
554
709
784
430
743
824
324
863
71
479
477
360
984
301
37
164
592
172
507
49
315
295
134
851
7
181
210
531
897
222
220
804
284
4
234
27
180
910
890
252
389
719
964
725
373
354
889
317
526
748
366
841
43
853
44
402
34
606
934
284
829
506
88
113
862
674
492
42
936
734
646
677
453
611
402
826
965
644
144
843
392
862
36
788
715
80
190
102
686
476
386
867
982
826
332
196
852
176
239
140
910
237
817
364
200
571
542
165
215
38
360
960
253
396
748
968
828
290
70
515
119
808
734
453
634
419
650
838
595
241
978
506
478
795
222
679
719
764
196
286
155
557
246
408
305
346
728
134
989
151
1
460
959
735
913
946
506
915
784
102
156
115
608
987
262
830
666
981
946
214
268
453
771
866
213
429
565
294
563
906
445
916
366
756
3
631
54
510
547
839
612
55
306
572
42
568
754
708
550
700
275
170
506
398
388
71
827
305
365
390
211
810
658
929
919
662
561
973
172
108
164
784
163
470
356
558
39
110
618
941
162
893
463
20
292
203
92
119
509
457
862
720
620
520
2
539
182
563
864
354
23
29
490
538
851
198
96
242
308
715
183
823
608
998
843
900
202
935
372
711
745
234
783
365
106
785
256
289
348
120
995
371
501
838
910
353
36
358
947
697
73
131
520
682
129
715
934
683
651
306
394
748
892
178
113
999
315
721
640
16
193
987
387
695
825
649
400
862
360
347
911
433
830
431
467
312
146
754
995
149
60
390
897
305
920
362
656
235
83
648
603
277
635
991
324
813
992
724
27
352
423
938
138
254
721
605
918
219
359
913
369
772
655
618
429
927
981
85
515
416
733
118
45
720
461
369
533
454
445
912
158
869
850
648
475
923
254
745
143
965
658
864
89
666
482
518
593
815
603
108
584
688
227
629
761
688
999
646
494
796
559
5
17
761
653
844
685
907
589
180
225
600
44
314
266
878
185
859
694
140
968
278
829
547
259
942
235
610
588
730
407
499
735
424
261
388
621
298
648
210
830
225
810
874
891
428
752
76
288
798
217
608
76
398
155
688
340
390
298
280
472
705
780
207
482
393
948
103
43
948
665
873
525
828
747
416
256
851
493
896
650
710
504
726
460
659
414
152
402
65
432
874
770
212
434
604
957
734
59
0
682
77
873
207
905
972
623
513
824
468
410
474
530
914
552
990
574
319
142
976
384
927
202
506
491
636
463
449
370
522
801
404
951
27
963
856
999
587
722
175
407
132
649
938
398
202
280
972
873
775
300
257
702
855
115
545
491
578
994
214
453
796
618
404
823
582
613
174
521
335
350
280
819
351
570
217
905
851
542
778
978
842
387
32
49
503
577
541
81
924
107
534
72
77
291
247
659
904
421
532
591
123
813
410
475
383
627
380
586
169
159
564
364
546
948
413
401
526
306
483
802
765
369
874
843
12
121
854
916
894
387
859
18
552
269
845
287
249
225
874
770
736
790
134
635
91
900
36
969
558
871
771
676
593
645
519
605
118
373
874
12
112
733
382
664
355
227
304
604
805
178
374
541
320
861
528
763
113
565
732
23
788
503
699
381
500
570
339
618
944
213
983
408
946
717
425
653
945
729
257
102
259
984
995
931
197
524
695
662
441
427
685
581
931
737
963
783
307
654
754
603
867
737
12
165
454
437
819
751
518
428
205
777
412
201
708
609
77
403
271
518
831
309
99
114
398
414
249
705
420
3
661
287
92
25
453
547
814
624
650
332
52
208
109
465
409
817
426
486
573
50
356
404
711
807
870
109
574
119
166
994
475
827
282
567
852
87
466
18
63
117
350
115
677
459
932
86
629
711
924
202
113
280
958
824
439
180
285
13
651
451
8
126
279
642
46
483
81
512
854
144
981
204
611
658
16
544
744
997
607
668
199
720
300
509
544
740
41
829
105
692
632
113
171
263
107
217
99
188
81
953
684
63
157
296
721
525
840
818
522
447
838
721
519
491
582
415
231
975
244
336
668
228
802
191
492
909
760
591
450
841
544
134
256
701
430
978
227
622
148
101
421
986
175
940
477
757
355
60
733
951
749
753
180
551
296
672
812
408
263
262
249
159
397
858
212
179
188
791
802
336
893
575
674
68
868
504
825
223
564
910
527
313
15
707
216
311
731
29
719
346
643
321
505
392
179
717
572
367
509
726
55
402
653
729
470
521
233
647
745
150
910
624
815
925
331
32
237
414
413
308
760
408
981
265
801
512
334
725
231
843
803
286
597
456
16
67
978
601
67
75
751
977
699
567
902
382
951
491
796
716
152
908
124
485
173
925
998
507
650
229
703
453
868
300
262
236
720
240
837
139
667
941
116
718
508
370
452
811
214
248
527
718
156
651
203
681
577
201
540
579
783
595
385
651
896
647
887
968
239
724
107
906
17
575
976
525
297
428
688
511
676
215
229
184
867
785
217
796
986
109
727
121
705
112
772
953
759
11
273
998
736
732
256
105
307
232
631
604
660
671
468
688
887
49
224
106
834
793
254
821
903
981
942
960
94
67
265
205
78
538
204
166
270
812
272
577
397
255
533
57
926
353
98
165
403
674
623
237
468
877
410
723
859
705
35
305
772
300
510
202
838
66
369
460
231
993
37
628
600
922
37
878
276
487
44
679
162
667
268
982
897
679
705
108
384
740
765
508
392
275
710
230
694
431
690
925
776
79
905
376
353
942
255
981
782
651
12
944
670
281
926
567
960
983
27
696
75
792
204
467
420
266
49
114
50
91
391
178
522
648
555
875
942
162
857
724
813
869
668
835
502
946
755
814
281
782
510
356
575
66
175
995
685
576
461
735
19
204
913
541
852
820
769
146
334
978
871
499
199
891
335
702
838
90
516
119
872
379
828
799
445
355
146
130
284
959
217
303
163
483
845
367
303
966
514
638
944
737
489
495
628
824
197
466
914
66
938
139
445
118
938
890
825
437
373
109
396
590
413
912
425
610
631
729
928
497
719
872
234
208
367
863
385
917
681
299
983
971
790
780
441
81
670
267
518
395
376
266
986
141
178
411
103
162
492
31
659
563
255
246
124
975
461
509
244
494
160
227
466
303
7
259
384
29
526
254
425
255
520
763
748
51
526
852
565
371
235
576
286
843
822
410
818
635
271
414
130
784
641
948
87
0
207
471
381
86
77
806
341
597
921
441
0
800
645
565
523
881
142
809
76
316
572
246
952
843
660
434
979
301
382
66
653
941
889
34
379
966
193
72
916
466
514
916
266
159
482
789
392
976
951
468
292
523
714
244
718
374
678
698
27
412
764
32
706
6
67
85
972
612
510
888
430
24
157
49
183
991
838
576
967
141
396
259
664
111
856
383
837
886
81
217
651
197
249
709
203
668
794
528
280
304
768
63
680
277
112
864
268
302
792
235
444
188
847
108
651
55
843
489
293
276
706
944
474
307
653
29
976
800
909
608
456
678
671
137
955
783
353
576
86
497
163
530
37
362
990
689
417
834
530
711
110
588
7
936
895
661
966
871
813
875
832
269
905
503
758
213
287
463
789
725
960
952
607
998
315
597
39
84
783
921
795
246
509
803
182
756
816
500
628
629
728
812
250
633
315
9
198
954
472
987
679
785
292
638
135
607
588
174
691
371
95
839
969
956
994
152
712
810
4
692
791
732
504
41
718
820
402
268
126
227
256
158
12
548
796
147
507
384
673
550
108
120
741
77
76
735
581
788
897
586
833
40
670
337
434
740
509
836
9
636
415
617
794
427
517
942
926
24
327
951
926
435
71
668
512
147
755
94
288
5
32
121
45
54
810
479
795
672
668
804
660
83
421
454
511
290
396
789
314
75
741
592
510
812
612
375
312
368
821
600
373
205
73
418
259
235
250
54
907
918
210
567
1
983
373
864
273
122
654
939
197
747
532
60
911
144
787
223
864
608
175
237
165
600
8
424
836
258
831
95
176
41
663
177
377
36
394
650
158
48
590
708
147
474
768
410
618
907
634
483
867
161
72
32
114
80
456
950
690
639
45
218
681
60
396
58
449
790
60
959
190
650
667
689
476
787
99
95
694
85
930
913
599
354
945
713
787
754
15
477
393
412
696
426
473
444
836
922
586
897
881
128
899
901
169
376
688
268
823
735
706
105
648
305
459
946
18
246
700
33
76
445
445
124
872
270
568
708
192
506
957
426
986
857
679
155
233
367
423
408
454
481
513
455
786
972
401
156
571
453
541
647
898
987
123
122
609
43
831
154
549
788
580
535
997
259
42
582
978
465
990
785
299
503
592
85
476
993
242
399
798
783
398
696
122
521
171
732
564
2
238
113
142
170
0
492
781
42
74
759
859
65
896
158
568
488
596
396
833
838
795
631
973
193
680
448
714
203
532
630
205
770
743
699
940
95
543
721
137
618
832
349
35
729
507
603
569
103
352
755
293
499
386
619
45
418
67
111
621
599
742
178
369
485
230
309
933
773
382
70
743
214
419
778
295
279
734
865
734
86
620
380
937
358
999
982
129
66
94
102
17
836
281
386
673
863
47
606
988
429
29
732
995
448
862
291
79
596
156
166
34
128
546
972
486
545
954
967
963
48
70
980
236
703
718
910
918
765
516
906
546
545
990
541
346
853
832
777
801
340
943
836
820
489
808
659
386
114
626
349
163
696
681
399
751
399
661
669
164
178
576
62
75
918
604
773
771
788
551
573
481
846
761
301
688
569
960
74
683
939
776
198
987
457
950
739
857
611
408
21
141
336
436
569
255
40
342
26
180
245
951
13
92
712
667
780
633
979
206
669
918
982
867
906
440
817
645
297
781
405
670
922
742
106
843
997
498
186
375
31
783
327
44
227
391
711
359
25
691
566
694
961
900
913
867
340
83
864
989
864
270
12
138
12
118
982
9
969
520
384
0
303
63
396
531
455
460
890
832
503
808
878
464
709
791
684
401
874
548
391
90
170
755
229
534
873
211
543
194
731
280
546
386
695
943
917
502
755
160
334
258
320
564
74
381
708
758
783
582
659
526
673
181
281
254
716
506
465
611
701
548
891
247
934
939
542
852
441
297
364
128
907
684
692
982
418
400
740
201
335
751
79
360
933
360
614
649
218
431
260
919
979
504
519
913
443
413
117
236
63
833
364
970
870
57
304
288
809
397
841
496
148
920
856
81
280
822
82
498
253
695
770
232
199
641
498
994
54
967
230
469
801
947
792
671
356
96
959
165
493
800
662
642
72
870
75
352
693
510
202
946
205
324
531
756
965
29
102
372
996
684
841
149
631
633
820
987
82
131
505
575
283
519
569
355
389
997
59
434
859
262
381
416
938
264
172
904
645
626
628
993
662
821
143
294
807
963
633
889
447
490
816
730
361
386
86
751
735
145
185
594
759
918
10
50
182
534
306
179
512
934
173
174
755
316
820
914
279
806
803
78
296
972
809
658
710
247
761
445
744
298
391
856
569
753
906
103
287
212
283
799
146
456
325
253
772
146
520
403
304
675
482
600
647
643
610
357
890
723
154
634
374
545
490
943
298
748
398
937
960
681
88
458
137
414
64
261
912
584
665
216
259
499
168
907
142
131
616
32
206
771
18
580
668
861
875
967
609
274
904
922
955
345
380
445
759
796
706
23
380
723
239
992
222
407
251
364
890
867
748
97
990
767
677
659
980
905
626
589
179
882
863
486
579
244
283
338
40
990
361
773
65
952
765
288
712
16
652
602
235
401
51
226
520
81
885
500
986
863
441
517
97
305
355
677
901
639
367
293
981
81
66
46
33
183
334
97
551
339
52
139
92
103
365
612
184
602
464
522
817
905
39
266
562
395
295
463
34
663
109
367
96
527
413
481
711
100
579
614
439
631
753
883
86
470
495
271
424
311
145
241
216
185
860
131
932
155
946
318
818
55
685
914
583
450
396
646
550
327
612
341
310
366
224
396
188
71
19
613
382
165
206
951
702
66
82
634
222
28
952
392
436
989
307
19
439
55
17
990
382
629
683
44
347
908
440
536
979
460
501
362
977
707
313
679
774
747
313
996
127
617
740
563
606
47
934
45
454
951
387
188
933
71
232
280
331
673
168
310
485
669
24
462
729
689
493
503
436
806
851
916
423
591
479
381
991
414
426
797
717
166
986
2
237
570
635
568
595
803
230
80
825
255
894
554
296
387
409
85
545
612
1
320
555
832
701
898
598
480
696
316
646
34
318
235
604
953
155
200
109
385
632
286
992
879
192
289
618
601
726
164
565
727
836
120
559
538
19
158
370
67
826
16
101
496
603
705
802
758
257
911
495
242
197
840
121
389
481
739
342
207
255
907
934
444
379
845
982
750
3
704
817
829
72
270
678
675
328
480
785
585
391
632
827
940
472
300
681
953
40
375
512
647
634
446
91
365
644
425
116
647
481
285
829
553
908
507
228
236
987
365
173
730
998
353
22
822
653
55
776
45
782
640
45
768
439
488
133
83
914
601
82
395
239
911
949
147
770
529
735
109
247
260
191
245
613
565
419
619
620
547
664
754
188
61
522
627
550
656
710
816
609
792
211
848
56
512
347
826
394
82
288
993
695
479
590
308
45
9
927
17
557
944
772
745
357
646
372
907
302
434
723
912
226
287
112
634
151
460
461
545
894
749
538
589
580
128
250
625
490
529
995
47
825
767
792
183
413
516
90
68
302
166
332
528
453
796
163
604
256
976
502
503
77
392
92
657
873
694
635
363
224
630
762
49
749
906
232
514
422
675
934
724
841
266
604
646
63
119
602
671
447
456
174
524
849
619
534
74
665
521
437
889
151
199
939
252
457
523
766
879
550
701
955
743
319
911
741
734
383
344
406
830
800
932
707
1
903
593
75
569
114
864
458
617
415
749
869
872
625
635
103
175
688
58
271
8
322
12
742
705
356
500
887
509
433
594
510
688
187
586
257
653
802
68
270
218
169
491
90
794
127
194
322
167
604
593
175
278
957
270
983
666
770
871
175
555
817
37
244
357
975
853
10
778
273
633
996
443
124
438
589
603
984
911
771
589
856
298
219
814
568
203
480
691
426
7
598
595
44
194
952
20
48
315
798
321
300
146
116
776
584
706
380
569
969
503
510
178
153
81
992
74
636
824
765
62
183
715
10
227
910
314
599
310
629
397
631
281
895
100
58
832
806
790
753
127
645
263
305
798
696
649
872
333
825
989
747
8
705
757
588
615
72
187
925
53
937
908
335
832
360
745
16
518
535
769
646
532
32
951
330
81
953
555
414
778
896
161
787
601
919
727
568
991
914
845
396
203
106
731
388
466
828
404
337
715
174
983
247
558
286
578
639
239
485
53
18
381
215
157
335
134
884
255
477
798
101
873
354
559
957
742
377
785
146
714
501
320
697
748
879
984
678
518
575
515
572
593
897
139
750
584
625
986
839
102
137
940
327
491
851
636
233
229
422
379
943
275
700
993
23
931
977
54
449
552
569
373
498
818
512
600
402
137
587
242
591
724
534
271
215
386
907
448
967
329
179
910
604
231
903
980
162
232
386
964
137
307
337
987
126
202
587
880
691
174
474
635
250
361
906
465
747
813
265
66
495
797
976
451
28
232
783
543
816
169
859
305
477
548
292
955
750
880
835
794
406
662
429
657
23
335
474
122
500
740
188
347
889
164
799
917
748
582
812
565
104
671
222
933
220
515
888
322
747
75
116
505
737
897
162
112
232
989
234
85
81
422
432
970
939
583
239
687
518
52
604
622
75
179
907
647
694
147
970
793
222
438
298
312
336
813
424
920
802
11
5
883
433
790
853
372
373
92
412
891
496
368
865
572
547
772
219
593
919
541
386
494
980
685
158
316
498
934
236
652
945
594
535
379
384
388
103
757
832
515
1
329
236
218
253
135
991
472
729
262
14
115
756
346
152
266
662
2
201
250
654
146
844
189
525
580
929
629
690
762
496
691
443
84
909
696
220
252
520
949
867
886
416
623
232
921
242
246
275
443
497
282
589
693
823
467
274
753
448
964
867
296
7
310
381
268
358
601
873
878
902
740
765
670
715
349
943
957
596
219
752
445
501
342
138
324
161
764
429
609
80
296
257
439
958
638
60
316
591
933
547
845
25
664
516
740
13
459
50
961
30
802
758
531
496
249
208
657
13
637
618
446
286
876
237
596
866
297
265
458
582
812
303
607
828
171
700
193
983
102
155
13
256
913
897
753
514
457
762
880
446
733
326
732
609
915
329
475
213
594
285
147
758
941
107
586
112
159
779
447
261
286
461
869
552
710
974
66
167
737
946
613
822
624
698
431
540
379
258
105
325
896
252
83
837
711
21
301
870
152
749
483
439
562
353
343
272
327
409
791
416
708
756
238
332
806
21
224
185
632
681
510
528
286
945
365
997
318
666
220
471
415
703
262
329
408
605
953
88
366
744
856
74
853
95
759
659
468
335
845
100
17
707
628
303
5
993
652
675
12
872
146
427
928
760
109
336
717
62
776
84
807
633
510
12
728
269
671
548
957
868
649
974
576
277
629
933
623
281
608
635
506
107
414
434
867
523
122
585
586
899
21
745
532
531
757
612
801
780
160
758
649
809
84
577
439
65
510
414
698
470
49
204
577
815
638
797
691
761
734
629
660
755
374
544
286
483
156
439
615
316
549
264
478
633
841
269
50
703
683
749
526
84
953
103
899
944
252
942
57
986
571
69
93
945
613
380
780
121
819
396
789
721
12
619
706
206
888
757
261
923
506
787
7
811
243
259
755
495
201
164
834
125
233
927
422
198
307
203
319
479
951
109
200
315
728
906
521
969
663
783
892
521
922
252
685
165
863
440
661
416
957
847
541
190
774
964
389
434
519
60
913
470
169
465
785
250
371
659
219
387
442
111
260
364
715
945
882
578
738
543
995
695
742
536
237
516
852
626
950
371
39
215
841
208
680
979
458
404
638
677
143
432
141
403
148
856
701
30
787
439
925
782
486
667
670
723
184
523
702
486
246
741
702
88
301
734
419
112
138
57
141
281
489
282
37
989
491
90
20
278
529
945
412
367
965
434
90
501
309
144
987
556
885
41
996
539
776
415
651
914
472
792
548
313
75
937
654
918
27
674
548
908
972
960
275
937
746
717
438
56
862
425
964
99
467
960
638
595
375
289
509
199
434
409
864
861
346
518
779
373
193
327
281
517
639
908
454
737
626
892
145
488
669
109
939
488
69
578
83
796
219
945
995
5
354
211
866
53
730
645
426
275
324
60
792
315
968
246
405
946
490
550
786
511
12
726
352
81
656
787
230
227
732
577
233
439
789
99
492
871
97
270
146
773
330
938
89
651
536
846
597
378
396
384
241
408
110
593
842
118
381
72
345
465
1
578
256
790
678
748
661
127
371
159
900
701
449
341
704
985
187
302
715
584
38
309
344
500
902
538
618
635
962
315
453
964
894
709
106
924
810
120
403
181
279
303
234
729
645
939
66
832
593
134
768
983
443
465
483
345
3
453
333
966
120
138
930
14
847
36
290
9
156
693
190
788
349
425
517
994
716
583
178
309
717
947
644
512
764
127
858
767
932
543
733
52
681
15
419
880
404
61
890
912
107
80
700
456
857
217
802
573
153
332
234
222
631
230
735
395
709
945
163
641
840
896
46
521
264
817
753
668
230
643
580
337
76
281
145
285
850
299
211
355
632
797
930
263
28
17
659
737
962
822
731
154
70
777
27
686
946
780
354
176
776
935
514
852
568
11
489
770
311
700
126
295
498
56
558
878
73
569
615
387
743
346
541
166
475
920
852
421
700
207
598
476
494
464
680
62
475
522
184
138
222
310
433
72
718
344
950
143
913
918
882
657
264
775
823
92
695
675
513
396
234
463
224
728
279
257
142
107
779
327
245
353
989
31
778
60
727
728
203
640
998
86
649
615
213
824
707
909
852
572
657
86
36
233
167
667
842
661
774
621
988
372
327
330
403
105
390
130
185
945
122
184
383
124
799
597
948
858
506
800
430
515
239
818
748
406
486
591
67
260
564
408
632
243
738
387
700
480
869
886
777
992
422
161
116
573
758
416
783
616
569
213
483
808
384
231
214
870
174
633
482
91
41
467
334
131
854
387
963
76
625
741
420
47
902
888
972
12
304
755
980
873
320
463
681
704
46
247
926
573
233
409
664
626
228
350
758
82
737
73
510
362
166
930
761
68
818
85
432
123
840
764
348
513
579
382
217
626
981
144
199
214
905
215
841
133
917
951
567
7
24
78
721
543
360
483
963
179
568
396
654
761
512
354
274
92
736
843
718
718
339
269
284
596
836
125
81
105
428
1
112
805
79
834
348
791
669
311
970
589
59
976
702
572
331
328
664
419
172
734
137
863
355
774
460
191
251
893
296
680
894
761
485
325
595
185
117
616
496
439
205
556
416
908
480
99
236
144
518
760
230
8
976
585
782
436
128
33
329
776
713
576
537
550
901
484
735
18
100
584
458
658
492
226
918
972
325
506
116
843
267
698
851
243
283
633
31
411
667
712
539
732
288
77
635
190
913
370
560
366
306
18
24
798
244
294
770
569
800
238
765
67
936
616
662
219
602
45
982
621
758
522
353
398
951
988
588
216
711
149
582
369
519
958
168
764
252
938
685
53
529
450
472
465
419
135
37
21
180
371
642
290
893
347
689
196
688
629
413
399
778
347
120
298
306
288
414
558
579
451
611
108
254
436
573
673
923
962
694
103
334
688
746
579
35
435
776
723
64
541
474
195
888
595
845
194
883
611
105
462
62
68
922
316
504
848
341
427
810
387
883
144
75
629
76
111
416
852
834
832
745
309
379
633
904
224
180
139
187
285
954
250
705
876
918
210
76
612
989
887
999
872
383
75
853
459
538
621
663
372
454
408
33
185
394
289
410
926
429
597
563
735
199
268
963
470
478
40
82
468
279
433
692
662
508
898
474
46
519
489
771
325
250
804
511
644
94
273
570
875
870
133
962
422
753
925
244
232
965
326
52
596
759
96
259
620
994
85
18
866
574
789
191
824
946
702
820
40
975
742
267
198
227
229
972
981
154
216
565
472
894
969
68
5
65
679
625
412
116
996
278
691
785
469
867
731
524
40
123
499
134
390
49
362
971
21
343
478
589
260
950
483
229
370
489
646
50
466
58
518
814
688
561
600
510
781
683
34
821
807
885
955
549
935
317
521
308
12
351
898
624
301
381
853
23
222
852
425
41
910
944
855
951
505
807
461
286
491
495
459
650
380
415
199
667
84
72
976
449
423
874
73
76
607
279
452
182
131
877
223
393
821
430
344
679
238
805
965
81
300
425
731
33
192
282
700
276
355
676
77
130
902
151
559
510
782
11
692
913
888
267
306
62
49
651
741
639
456
58
720
109
835
451
142
27
734
194
656
441
871
85
571
125
588
482
635
370
493
679
283
734
298
590
796
348
593
889
987
49
947
60
510
135
511
4
514
597
199
522
390
422
608
962
547
196
796
535
567
290
566
202
24
865
144
172
565
737
61
904
139
360
964
649
495
828
6
362
425
205
884
168
979
492
482
526
41
278
413
960
568
980
162
944
845
307
116
762
44
529
666
535
890
631
537
737
459
543
99
236
748
336
404
727
180
886
605
221
517
19
533
85
351
696
382
548
355
498
310
751
28
976
287
270
959
824
359
770
367
811
7
467
147
763
546
327
2
151
901
519
522
434
956
225
482
338
773
837
189
83
589
217
412
876
839
371
52
198
494
771
9
501
238
508
616
784
836
970
287
89
489
162
523
798
387
358
136
161
195
325
596
784
894
360
12
85
84
416
284
578
187
645
431
425
154
47
561
342
18
201
431
859
715
