7
856
628
289
828
677
41
429
444
844
96
958
165
859
269
441
700
353
192
542
18
811
309
581
231
625
570
233
786
759
257
793
967
237
434
147
915
828
929
711
672
377
669
189
236
290
630
288
643
174
830
14
986
492
595
569
117
517
803
255
628
412
48
947
649
835
447
564
15
376
275
39
105
297
228
693
587
859
981
583
385
812
597
371
304
544
941
773
61
96
28
41
508
428
988
509
263
435
74
630
163
701
669
268
350
250
961
938
461
943
873
846
107
822
218
763
366
511
536
779
959
564
820
819
344
808
328
608
596
754
590
759
808
260
380
158
862
693
448
323
988
673
169
95
495
387
858
213
250
746
344
209
662
164
380
7
325
709
967
273
815
557
32
623
169
764
134
31
458
582
354
446
256
524
542
103
263
752
317
866
851
661
75
513
178
808
520
503
517
487
128
332
45
160
308
214
925
442
598
735
376
952
181
632
828
75
736
92
180
405
958
31
66
385
544
244
193
65
99
62
552
227
747
949
740
55
516
17
849
114
752
225
66
285
858
895
361
946
339
541
351
649
924
417
386
468
14
932
885
465
994
438
693
741
739
785
148
255
802
997
369
906
223
436
191
433
683
904
731
374
445
82
23
721
851
761
190
865
693
75
683
688
865
376
781
605
513
282
212
315
279
582
573
854
370
764
639
405
669
370
779
466
804
154
188
656
915
730
873
609
157
556
649
23
284
430
980
797
64
192
464
696
126
37
550
496
154
542
253
823
264
32
641
69
186
829
725
454
911
950
63
69
859
64
444
143
846
424
293
911
968
757
607
447
147
509
295
301
51
549
476
316
581
117
385
120
299
462
574
210
764
989
279
623
53
75
119
899
851
412
162
172
169
769
619
316
279
914
969
330
815
445
998
749
563
735
869
214
549
795
424
314
136
56
289
541
131
408
792
335
820
955
507
342
724
126
10
355
392
980
38
560
425
36
309
340
124
530
554
673
677
331
339
813
739
629
706
222
37
498
557
210
805
64
552
882
542
562
237
287
542
627
847
320
664
156
660
788
686
567
813
363
898
153
528
989
134
234
211
171
84
769
733
890
185
285
124
728
200
361
367
94
989
214
414
5
370
427
145
408
346
958
123
244
463
651
585
597
237
796
121
673
917
854
563
103
492
39
183
692
753
550
786
94
116
553
99
486
980
596
246
326
906
721
922
722
724
507
319
961
655
792
634
573
647
550
28
491
941
211
183
694
113
321
788
229
874
239
67
206
835
313
884
94
34
806
816
758
665
487
71
321
280
57
246
279
959
274
770
901
485
953
595
598
626
736
827
501
975
894
59
163
559
944
257
945
750
425
55
768
912
126
89
192
535
687
823
495
961
593
748
446
898
695
396
525
431
223
378
759
469
437
922
28
381
531
325
484
308
380
252
220
858
693
765
393
380
588
240
341
182
340
139
432
36
887
957
819
462
687
578
931
125
852
311
858
735
636
342
43
368
946
264
226
639
381
619
371
969
212
64
503
552
555
288
588
442
245
760
904
933
338
187
410
191
850
268
278
838
611
322
206
557
586
432
549
319
404
272
640
616
337
144
168
244
432
109
687
29
869
943
314
207
131
724
750
333
345
29
172
956
703
378
865
289
811
766
608
215
39
600
183
728
744
351
972
528
812
11
910
681
955
576
241
438
653
343
771
998
724
295
306
427
674
171
68
837
290
28
404
329
629
587
409
725
290
381
254
103
393
516
784
700
92
377
490
97
721
261
95
445
557
401
873
583
925
293
772
215
322
176
896
951
115
305
676
757
38
282
860
783
798
997
483
243
374
973
692
447
587
788
893
496
541
118
431
466
411
203
33
733
731
281
36
846
586
713
603
977
995
816
760
146
165
596
741
539
921
433
987
508
573
232
356
115
702
787
933
113
342
319
199
73
600
587
271
539
300
227
516
648
43
628
146
208
224
239
99
146
672
438
6
598
22
363
65
724
502
998
190
845
669
741
918
270
328
542
809
981
769
677
629
164
657
775
372
882
14
823
380
38
614
386
988
636
101
53
361
604
404
551
801
73
644
719
343
972
613
504
953
382
533
934
546
191
709
270
425
75
446
805
466
60
191
454
696
645
860
409
249
264
960
50
337
956
121
33
929
87
889
234
469
423
169
16
966
230
638
391
306
84
548
124
144
739
930
841
736
790
250
337
54
563
739
744
871
861
129
800
300
18
387
769
793
556
137
759
786
776
502
444
860
50
568
357
142
499
550
878
641
152
216
48
715
955
792
587
168
921
739
468
939
126
590
85
34
727
196
821
855
699
617
716
101
186
425
243
37
975
474
30
127
690
78
195
997
870
134
518
143
225
986
83
352
928
520
738
656
716
559
511
415
177
579
517
715
4
112
104
331
586
134
459
628
213
6
626
83
140
496
579
365
834
662
69
763
534
808
419
250
719
282
18
248
214
887
963
218
999
419
550
938
554
361
566
119
367
544
554
859
40
133
576
227
147
998
990
681
806
761
932
877
43
302
126
257
189
441
828
540
861
730
478
767
443
397
886
810
941
440
21
334
574
597
561
721
595
903
755
753
664
687
631
707
341
109
317
530
550
145
70
763
227
549
530
670
298
768
832
591
209
853
925
135
802
838
208
750
741
963
855
757
2
486
817
343
947
134
225
850
631
296
613
858
197
144
528
495
264
360
86
473
565
364
960
719
554
169
469
648
132
325
405
487
163
222
830
111
708
408
961
339
704
926
197
253
70
77
100
687
789
186
160
354
902
121
74
809
642
895
457
126
220
214
613
384
789
796
847
497
204
160
189
260
86
738
513
509
816
613
196
605
151
356
312
406
829
738
567
823
633
24
950
854
590
915
590
731
63
789
229
619
949
770
231
35
508
96
544
324
61
740
282
565
449
594
971
630
332
538
806
965
914
108
171
856
23
113
588
439
902
169
410
851
939
994
239
447
90
783
124
152
876
406
69
677
352
392
307
36
282
113
353
548
573
525
404
597
990
344
388
893
865
150
96
804
144
335
604
235
471
80
739
699
486
808
376
190
200
35
226
834
501
579
382
74
456
786
23
447
483
763
692
348
914
788
153
58
476
109
645
947
541
736
646
379
896
374
569
448
409
795
282
262
726
664
337
183
803
360
630
286
124
674
634
390
462
139
448
938
248
446
237
789
534
235
168
431
609
89
879
371
884
514
633
963
178
322
146
981
683
128
267
159
802
902
549
616
41
349
907
642
147
144
783
682
732
304
113
693
393
344
416
630
858
50
593
389
372
91
370
407
219
990
918
373
244
467
341
637
169
248
631
316
745
767
350
477
71
815
522
464
160
939
446
370
341
391
759
713
482
482
473
53
824
391
426
420
211
768
57
732
368
41
400
113
808
751
942
879
566
465
695
78
404
494
801
745
885
560
810
368
394
635
421
570
27
200
990
590
968
400
674
336
441
74
802
249
825
744
480
744
561
175
174
317
669
975
414
555
888
577
275
634
212
696
205
591
896
195
181
216
595
855
905
388
282
707
637
459
803
117
203
717
645
730
34
666
705
449
221
945
26
848
580
238
545
785
182
793
332
363
10
280
571
267
668
853
326
658
312
129
775
868
846
772
950
233
439
7
34
12
953
60
861
885
650
406
22
832
551
354
548
561
634
471
180
655
676
506
313
340
988
440
208
186
213
510
419
4
518
453
16
823
865
877
708
868
635
730
700
187
84
600
100
71
71
281
78
747
787
391
88
775
183
648
962
748
159
733
752
29
539
769
852
404
646
560
272
634
290
325
821
726
925
921
149
349
202
227
96
342
970
536
469
154
537
783
902
696
517
655
77
56
424
929
812
422
489
85
56
131
410
229
857
687
151
7
36
705
234
485
399
557
21
869
711
558
652
965
606
521
972
683
577
748
964
390
171
453
827
579
936
237
809
794
276
312
153
313
369
739
798
121
296
171
990
359
82
994
325
40
516
297
76
445
46
40
835
569
846
14
500
782
603
661
576
880
325
81
193
695
821
343
168
469
866
158
829
948
152
506
341
20
155
417
466
553
457
653
122
303
668
975
438
271
636
366
503
962
448
696
9
269
391
177
90
610
687
919
910
191
425
251
212
933
668
30
486
478
683
961
133
703
936
571
327
924
938
830
238
386
879
247
7
270
776
97
232
463
369
143
7
146
394
219
79
415
601
566
893
636
879
26
340
815
598
667
91
888
497
330
274
728
929
633
999
706
730
583
521
451
726
528
598
473
99
29
888
700
947
133
337
826
159
29
993
109
48
85
349
897
415
623
626
696
608
625
402
691
208
276
142
287
156
740
760
256
122
648
308
69
781
997
896
292
378
889
754
426
326
103
324
93
79
950
790
687
927
544
378
487
820
873
774
977
965
886
585
87
534
893
157
667
243
405
312
621
294
418
400
973
873
724
66
304
674
208
344
953
753
722
440
573
595
567
902
913
453
487
0
340
733
157
7
328
562
671
949
209
441
701
182
315
425
600
971
451
809
315
756
914
390
197
487
337
764
742
250
569
229
251
909
962
408
269
290
323
292
592
884
734
645
418
401
71
18
372
874
179
688
631
93
78
180
933
415
296
675
666
865
256
269
775
571
29
44
861
352
336
805
236
422
451
6
823
874
25
196
100
556
236
731
2
666
263
287
433
559
314
451
425
570
720
552
141
750
596
355
454
284
512
691
707
315
49
882
189
74
430
290
983
18
373
337
684
989
624
118
548
938
921
973
508
642
877
2
392
473
357
846
110
221
889
169
537
939
403
726
365
834
368
700
852
94
37
889
83
13
359
631
951
280
957
812
922
834
814
666
660
523
865
122
744
106
643
281
397
46
360
115
880
80
815
85
526
205
974
609
218
333
593
170
613
902
334
888
88
500
554
100
23
419
222
119
878
865
753
275
912
465
390
144
545
206
229
72
411
203
33
629
536
626
151
502
880
837
390
969
337
296
69
712
68
644
832
946
861
937
221
773
402
964
270
299
170
499
371
933
703
405
914
591
383
418
445
616
255
835
585
593
132
6
657
200
2
489
498
864
778
719
989
180
683
259
832
205
759
203
490
814
960
757
757
696
527
203
312
782
390
249
727
522
607
385
74
610
226
572
826
5
644
815
537
679
75
721
237
186
925
727
352
237
836
109
933
363
312
597
498
703
846
225
577
806
962
4
416
541
576
242
898
220
409
787
252
836
509
489
22
434
568
374
23
757
484
957
120
148
554
970
203
753
548
133
559
510
137
327
51
713
921
949
286
330
737
538
167
598
379
541
32
947
268
407
704
104
364
177
252
271
147
808
376
47
941
287
558
430
966
961
143
887
263
781
569
352
671
88
950
50
982
334
350
250
741
406
354
458
935
606
729
83
766
457
130
59
744
40
489
710
354
985
949
617
766
870
969
790
959
271
192
941
605
542
543
346
301
897
804
236
855
885
319
622
694
802
681
438
194
523
500
548
508
801
165
274
672
486
64
983
757
609
276
714
151
819
61
452
716
217
689
571
455
360
193
149
514
227
940
61
750
440
609
258
242
127
884
266
965
301
249
75
910
525
789
413
344
202
218
60
420
259
983
227
971
529
376
486
756
316
547
858
109
508
468
351
987
704
969
953
357
218
28
267
95
169
33
791
372
251
851
144
510
186
371
481
715
99
319
823
416
218
681
525
727
501
228
714
558
197
19
915
767
399
535
862
569
568
653
941
171
856
437
33
42
160
866
110
259
186
933
675
756
967
552
483
820
780
550
378
329
921
294
96
321
829
310
890
749
315
183
920
171
972
953
566
132
171
676
391
357
961
419
114
928
971
949
749
752
851
127
81
773
773
530
446
954
840
688
703
156
223
975
679
195
280
597
327
452
625
70
809
587
489
275
867
461
577
616
565
428
96
646
553
221
528
999
176
721
687
879
877
262
207
908
457
487
506
136
939
131
207
101
718
48
728
586
509
305
554
74
734
2
73
639
224
953
639
752
674
678
631
551
941
190
812
750
678
318
887
969
801
446
70
872
494
151
810
356
456
716
782
542
71
207
182
295
161
173
399
835
203
382
739
496
573
551
247
251
221
486
220
374
932
643
246
778
146
408
486
602
125
269
497
196
476
31
843
637
204
242
825
407
624
564
904
549
467
503
800
688
989
373
414
273
368
13
51
514
421
538
468
898
159
965
94
635
996
289
625
552
883
450
312
860
366
216
409
833
71
210
873
60
935
287
333
655
300
736
521
722
274
989
972
433
307
67
421
655
708
46
208
592
848
520
452
214
88
213
47
159
775
920
571
710
559
904
717
860
992
238
934
619
228
906
52
887
325
825
542
34
223
102
978
71
974
782
637
414
995
684
925
771
956
496
833
516
752
551
728
745
141
14
364
721
920
768
608
598
946
503
984
169
605
962
241
932
96
878
346
443
915
272
566
223
120
400
91
225
303
819
322
796
185
686
518
106
806
126
56
752
629
40
274
587
354
515
519
802
745
217
245
12
841
812
588
314
564
679
539
219
851
861
15
36
899
533
494
57
12
550
162
641
942
436
580
648
303
451
450
400
21
48
413
862
860
1
176
776
32
67
347
883
928
362
920
179
248
414
237
260
317
399
253
259
835
834
908
138
637
710
538
658
758
303
873
618
656
401
746
689
469
93
572
749
808
492
929
56
907
166
316
576
917
921
835
752
107
95
242
745
806
780
755
564
436
628
535
92
382
281
781
851
727
354
600
535
198
881
591
105
399
259
33
316
180
869
68
288
964
662
385
770
795
140
687
231
121
222
323
503
855
105
706
582
811
658
469
9
540
60
467
939
671
500
256
204
721
676
844
686
339
229
808
134
721
495
365
842
69
40
697
925
497
403
859
308
62
329
670
954
741
137
893
413
637
149
969
711
178
813
397
517
42
557
3
115
405
720
310
474
760
7
399
258
763
611
918
177
940
588
131
681
77
24
94
67
526
63
778
704
228
175
573
622
84
928
738
489
648
48
316
408
407
67
18
522
678
289
699
618
229
182
300
307
559
746
374
437
162
152
493
390
679
418
13
763
346
103
605
994
503
921
754
262
988
125
785
667
414
836
285
643
371
585
950
930
332
676
719
846
828
212
236
507
630
601
623
976
704
228
970
559
501
76
822
489
201
607
156
615
795
442
611
166
379
913
448
63
590
167
909
770
731
498
630
361
99
253
337
804
833
659
363
334
88
537
823
289
496
332
257
292
774
868
810
505
133
611
569
723
778
830
494
510
328
124
223
428
729
913
584
562
924
299
248
12
837
423
302
333
755
911
977
881
131
788
387
264
751
308
340
529
490
834
391
819
310
615
599
391
880
535
953
804
834
553
817
23
976
471
709
732
382
38
965
513
178
704
129
929
12
469
459
855
655
202
674
317
169
625
708
49
160
13
854
346
566
23
722
895
494
431
979
228
469
944
93
648
649
574
577
13
44
388
868
51
943
894
369
112
519
429
162
31
443
368
730
361
391
452
256
237
883
235
817
704
180
910
704
181
484
282
194
880
22
63
932
965
309
653
78
181
82
592
212
877
960
942
239
703
394
495
292
629
83
109
686
615
19
390
796
855
24
342
736
47
757
20
364
67
25
442
248
459
386
812
337
698
107
576
401
853
423
45
483
858
154
169
473
525
911
621
381
936
964
469
983
721
841
347
140
866
142
388
325
880
201
14
579
660
942
332
513
366
378
996
576
532
517
50
410
429
23
791
365
987
612
700
61
453
399
201
319
893
942
996
774
495
11
353
155
305
37
668
671
415
17
600
300
886
2
710
667
25
853
384
365
465
84
426
918
836
979
589
729
921
937
855
768
300
560
923
606
598
944
629
365
961
229
17
199
231
79
867
609
932
251
974
749
688
752
19
876
731
960
605
5
898
813
773
550
373
49
156
971
993
138
689
306
719
706
505
951
786
724
560
718
328
886
820
16
638
839
244
721
800
849
726
50
14
852
600
388
901
109
711
246
599
400
904
318
107
409
269
893
486
181
963
814
67
783
830
57
623
74
779
775
275
857
825
290
709
777
30
962
886
741
560
485
142
464
804
249
226
425
494
712
959
457
526
378
593
708
436
216
134
567
343
409
424
168
51
134
945
433
448
184
175
9
21
669
473
177
918
699
955
412
763
914
221
289
644
814
997
432
382
131
999
725
893
424
245
296
910
543
730
710
727
257
719
100
926
545
278
844
596
233
608
360
499
181
1
143
996
999
576
730
482
927
456
375
351
53
672
613
596
754
324
675
11
395
776
937
292
406
133
241
639
93
953
490
274
954
633
622
305
561
705
788
489
513
163
192
566
187
158
163
293
834
190
304
581
966
593
874
724
726
467
363
171
420
205
798
726
839
420
32
752
125
172
593
638
687
138
557
227
296
720
520
130
262
825
63
581
770
289
305
497
756
669
20
528
874
818
607
65
239
991
170
716
163
763
707
850
901
264
77
549
336
598
679
598
775
95
179
545
384
485
394
493
506
415
21
732
233
628
150
824
619
320
893
134
83
952
985
337
568
414
886
904
364
918
854
139
13
386
37
397
223
431
242
81
198
264
813
784
244
963
960
216
635
205
350
71
157
687
408
725
102
646
981
466
564
188
958
929
574
995
679
797
778
921
230
329
537
43
113
782
359
425
350
346
631
52
417
140
740
177
866
194
824
199
12
740
387
322
670
961
317
349
110
448
622
340
777
160
736
242
294
447
667
644
793
650
696
211
791
788
740
9
982
564
208
347
657
948
669
327
909
339
28
372
139
650
64
268
162
152
510
456
599
529
100
393
532
149
956
323
937
696
684
272
613
892
619
270
840
640
597
102
979
977
826
118
979
242
386
142
395
248
598
994
130
699
387
662
848
695
337
137
392
21
409
5
265
28
275
458
21
224
560
0
553
738
471
532
980
209
674
727
458
625
722
940
324
461
602
524
157
939
661
901
960
423
906
225
451
533
683
824
109
595
825
662
685
648
194
666
857
221
745
667
846
467
607
522
281
209
46
790
500
59
691
460
482
949
38
286
482
73
110
943
669
287
605
354
935
151
372
793
372
118
812
218
937
420
92
218
981
138
360
834
550
51
294
32
352
684
670
834
758
781
777
779
420
734
485
356
886
210
501
258
680
313
829
617
85
921
188
419
412
548
253
962
952
899
346
304
584
17
491
694
150
620
825
570
355
310
926
593
520
779
851
200
93
32
170
530
306
358
301
718
258
554
32
562
806
378
867
390
395
710
436
897
330
261
468
37
571
746
630
444
526
834
996
971
218
166
501
524
876
803
594
487
709
626
49
515
5
268
257
752
978
45
2
661
306
470
698
230
216
681
26
742
515
22
713
85
189
567
610
65
722
204
552
431
183
954
299
540
222
556
644
201
602
646
862
260
116
912
842
685
593
868
427
460
891
493
546
432
412
156
849
134
712
402
917
895
708
216
435
930
125
80
131
79
726
345
339
195
258
182
880
851
402
659
312
293
504
858
725
916
366
575
50
78
329
320
974
37
536
761
319
13
841
803
92
920
148
432
115
406
966
995
610
720
6
274
14
511
484
91
427
850
18
830
928
699
150
254
88
38
16
408
52
209
211
496
129
711
280
244
470
246
591
80
967
598
354
333
109
190
776
888
40
147
718
320
846
220
927
287
611
943
695
15
504
258
511
634
969
792
230
439
390
822
871
709
420
577
394
881
767
171
769
807
670
840
480
516
412
407
803
375
702
850
390
206
460
254
840
782
398
423
221
788
245
445
850
17
22
244
250
790
767
371
949
437
211
429
306
976
836
461
351
538
664
94
97
124
700
289
906
98
712
480
238
309
277
440
326
299
37
928
441
804
300
391
594
863
172
900
839
361
713
543
251
377
637
348
854
689
638
112
787
702
944
377
12
221
818
690
521
855
619
314
11
919
705
605
782
230
857
974
591
923
517
194
300
506
543
506
195
533
619
334
235
915
711
247
137
881
938
10
88
909
324
100
828
382
57
962
612
267
936
555
190
805
101
842
311
644
349
858
529
320
192
765
235
256
364
724
489
654
734
578
563
411
30
743
793
439
706
757
706
994
664
248
800
765
91
463
762
792
322
291
112
866
408
699
474
773
776
964
427
510
894
991
273
924
86
418
363
792
175
422
139
839
670
291
957
761
754
719
905
76
10
17
295
419
69
769
192
845
733
971
707
979
314
981
903
401
399
619
545
927
393
684
118
63
975
75
177
82
794
82
510
157
452
805
576
873
575
120
718
660
443
777
640
758
758
895
511
510
866
56
789
259
93
907
675
420
983
204
854
129
638
365
286
442
170
862
315
97
334
33
110
778
811
750
888
921
997
399
783
864
807
572
123
900
832
150
673
167
354
527
296
345
244
935
787
415
149
103
864
484
488
974
262
651
76
150
925
74
901
708
938
708
633
413
961
465
916
634
632
622
513
280
967
758
215
107
525
365
210
741
849
50
716
463
702
144
965
627
218
866
687
508
926
320
274
887
137
190
873
769
164
387
50
132
497
617
591
374
982
801
115
183
203
183
998
905
328
315
884
898
533
924
407
460
244
33
347
382
575
573
503
739
960
905
223
809
523
814
183
857
967
650
41
523
834
39
780
514
355
665
412
240
589
171
700
185
556
400
567
131
973
423
223
285
328
446
94
851
613
629
709
932
279
102
455
465
141
236
331
848
253
744
89
194
267
141
379
824
541
299
307
514
722
530
799
50
329
245
254
294
874
963
226
506
65
34
323
558
270
655
759
875
751
200
69
370
693
448
194
235
747
854
101
821
736
901
872
65
498
126
711
725
441
938
231
506
324
906
416
594
913
527
469
664
79
538
35
773
338
581
8
438
435
109
259
172
362
131
589
861
609
301
586
50
591
169
908
915
75
677
509
989
204
330
5
284
220
40
409
910
974
417
348
409
878
608
933
593
739
523
454
701
176
392
751
767
561
660
682
988
337
543
329
893
225
335
529
797
727
938
707
53
707
56
815
586
664
748
179
755
623
985
456
799
377
560
918
290
572
952
630
261
847
960
154
72
647
36
221
726
974
929
780
34
985
595
620
1
695
151
108
671
488
917
822
865
477
741
507
49
45
137
310
893
449
816
317
448
852
539
527
179
468
659
213
805
254
185
806
301
336
266
972
824
183
795
41
12
888
900
413
933
389
75
826
839
892
144
639
96
35
166
627
503
825
192
308
431
377
466
733
65
84
57
241
268
204
634
632
92
534
46
378
924
121
204
115
365
700
754
814
735
273
441
590
98
986
250
882
363
716
615
781
153
24
22
773
229
9
405
321
895
451
699
819
925
256
286
642
308
393
456
396
666
250
986
116
236
237
998
599
305
965
732
458
990
107
231
219
116
989
892
11
792
944
183
717
552
821
360
860
214
816
256
880
418
595
349
654
184
347
606
489
665
338
300
655
445
883
226
913
872
470
277
665
414
460
734
318
633
94
179
848
263
787
80
681
734
429
688
918
777
294
760
442
984
412
449
782
295
27
695
520
849
972
537
616
784
271
934
418
718
113
618
981
253
698
14
987
128
54
258
257
348
18
51
333
782
500
467
77
879
162
949
728
487
486
344
623
758
631
41
476
96
659
809
349
710
175
689
838
230
299
95
930
669
146
615
451
998
82
880
229
597
830
309
84
668
654
707
426
637
101
254
733
112
415
83
822
591
124
660
173
423
107
455
92
605
71
895
603
505
775
184
102
957
494
186
626
500
246
404
137
347
659
870
459
426
305
634
369
781
294
542
204
754
350
648
359
421
543
315
926
671
499
381
628
345
567
254
845
813
659
334
512
670
557
324
96
862
958
466
644
604
360
200
358
710
201
70
483
96
385
762
767
236
143
396
582
62
650
779
228
661
114
740
331
23
64
428
885
374
246
881
979
606
434
689
669
635
759
152
83
144
914
851
733
57
247
315
120
249
446
348
911
912
440
242
935
505
22
173
231
268
54
210
875
840
900
544
827
659
48
911
156
963
762
889
372
361
556
492
610
2
192
521
915
985
116
202
842
138
375
73
759
430
284
634
622
536
530
450
547
578
361
703
893
475
944
266
836
500
110
798
855
655
672
122
640
140
324
482
278
700
555
389
482
191
23
456
727
905
906
275
836
619
330
729
446
627
347
634
479
458
433
334
113
457
808
753
597
133
587
227
185
142
617
19
334
992
475
61
250
734
688
86
353
371
167
152
998
515
786
477
325
571
164
438
28
972
543
625
457
130
205
994
624
822
13
958
166
841
372
416
575
412
502
280
783
22
432
781
537
219
611
862
790
127
652
171
99
547
148
909
677
353
903
653
527
269
612
694
462
984
110
37
396
965
669
532
339
102
665
876
673
276
90
815
403
94
986
855
641
135
116
670
488
19
323
368
640
935
62
102
271
524
491
20
841
161
904
180
615
569
408
288
198
850
103
953
944
90
160
937
577
276
607
65
648
931
433
288
218
847
743
842
724
234
214
565
747
118
98
362
687
858
2
237
709
458
191
5
900
703
943
477
980
902
894
628
833
680
268
404
527
11
598
251
598
812
169
697
930
619
412
969
477
414
559
538
224
750
544
124
453
839
601
785
741
496
413
927
176
34
331
55
45
929
307
995
93
828
45
23
447
457
344
276
223
903
815
448
5
711
572
811
550
174
596
643
22
362
570
198
396
253
253
793
534
912
141
627
92
186
2
539
995
347
816
218
602
631
18
608
694
591
771
244
117
719
887
491
433
810
689
829
63
294
975
598
559
468
225
651
654
228
191
1
927
359
219
529
342
590
489
36
181
260
632
650
332
871
141
765
681
182
947
745
828
922
343
387
742
920
391
748
500
934
749
427
293
320
309
987
910
798
375
443
411
7
93
95
878
586
860
560
120
807
657
949
81
352
688
823
272
431
923
125
365
672
904
10
345
213
349
255
364
724
699
127
731
144
222
962
83
82
874
203
242
531
504
675
883
545
851
507
976
774
632
694
799
537
56
144
102
406
399
466
130
450
593
214
595
167
176
678
602
50
233
196
581
90
871
816
635
722
323
963
497
308
657
296
845
714
792
947
120
191
766
602
642
711
816
589
879
992
619
833
42
204
29
975
294
900
791
929
623
467
893
472
775
902
120
972
968
912
919
88
455
37
691
449
749
859
38
980
852
9
813
246
214
842
222
508
742
365
790
717
832
35
189
959
937
661
931
906
573
851
346
29
240
389
478
989
249
869
969
453
230
782
699
444
976
273
305
719
991
447
788
175
482
330
135
419
991
66
677
917
269
24
946
510
765
776
499
14
997
821
819
580
955
519
24
932
144
681
3
135
128
791
311
962
121
798
734
465
864
411
382
134
787
680
996
905
808
847
919
806
668
91
386
976
962
762
908
106
796
263
594
276
406
257
239
880
55
973
345
919
736
727
405
524
407
401
429
215
249
700
373
269
791
759
245
105
874
505
212
22
120
806
298
527
415
537
407
470
862
752
741
599
831
147
475
238
900
256
805
149
308
179
771
452
290
368
557
516
874
769
538
994
927
837
873
342
726
280
164
941
384
906
540
215
405
367
453
305
975
611
807
283
790
930
735
432
298
293
949
172
414
487
519
694
676
744
388
403
25
553
696
409
811
236
625
216
955
430
873
930
41
680
213
183
610
301
616
261
946
565
785
712
404
304
406
81
49
795
836
426
700
532
187
511
120
812
79
427
595
952
357
636
985
922
172
947
575
788
560
521
705
346
234
461
2
992
894
403
139
82
829
839
614
17
702
86
181
133
865
776
438
574
765
423
497
937
722
424
77
283
946
134
629
532
595
983
524
490
387
664
572
216
855
539
585
910
977
767
43
843
895
481
417
12
256
266
949
979
691
378
614
989
512
595
521
108
578
397
950
965
413
874
534
269
413
119
179
391
238
222
586
486
56
3
498
312
622
800
643
313
178
609
302
691
204
175
151
135
572
453
452
986
327
338
255
741
810
786
484
48
360
422
534
416
777
33
729
399
833
724
712
363
334
366
406
890
541
557
25
114
10
830
452
690
168
707
431
978
845
267
379
205
689
913
974
466
298
55
866
483
779
930
847
113
649
253
4
190
163
381
656
525
563
108
215
732
167
998
62
12
265
441
570
306
707
544
125
5
951
343
841
730
273
688
196
274
293
552
465
456
933
121
982
497
582
549
581
749
548
995
114
165
437
36
472
144
932
949
501
883
292
342
613
917
382
809
192
676
361
9
484
647
482
818
496
64
368
429
166
916
424
632
433
861
668
257
357
600
206
211
483
498
905
448
768
640
610
312
316
323
321
152
970
803
971
818
220
339
247
386
607
24
18
392
237
38
650
595
638
856
158
473
707
63
273
827
703
883
139
371
207
460
876
529
615
847
700
835
538
947
573
497
323
943
889
561
981
891
156
971
100
666
444
807
81
70
986
137
953
125
508
512
937
736
394
904
583
94
740
473
393
665
322
717
609
564
278
942
455
786
914
555
452
710
714
533
780
700
22
734
177
883
598
466
619
992
371
555
438
463
28
832
128
703
901
89
267
179
32
722
317
946
630
121
656
344
6
437
397
29
523
574
912
121
41
531
466
764
86
904
227
467
736
355
522
637
445
789
168
829
863
485
775
493
606
783
190
613
220
939
994
95
513
906
217
906
437
35
670
876
939
249
695
28
605
217
17
402
6
186
231
221
23
358
67
982
141
257
947
714
548
941
809
61
847
378
320
636
413
342
512
353
592
207
733
549
424
750
303
782
288
534
4
312
244
423
646
737
32
593
451
580
534
261
993
733
639
313
369
405
656
882
110
600
441
843
149
218
593
452
352
882
338
356
546
934
131
192
671
163
785
123
743
671
736
737
404
727
402
773
132
410
7
242
10
801
85
511
19
31
963
371
913
653
80
459
587
211
651
259
727
788
734
470
459
470
559
863
197
962
988
682
372
996
924
383
797
362
894
168
393
210
539
658
215
971
117
803
183
120
414
910
908
148
732
719
970
292
582
519
254
570
553
978
918
478
361
715
192
608
235
585
170
775
595
385
98
712
188
281
184
954
543
444
454
628
163
776
920
745
296
526
667
849
856
586
679
218
653
223
178
889
160
700
16
755
85
114
819
626
748
3
580
643
447
387
271
962
163
543
707
811
421
727
13
278
313
692
848
318
916
26
207
428
726
223
184
163
690
3
789
438
7
722
81
806
109
705
769
624
248
828
436
670
907
449
300
572
493
148
891
761
526
98
190
604
674
374
767
364
729
909
154
88
631
235
247
92
940
16
716
541
196
504
563
456
305
863
28
799
363
919
912
889
370
102
845
44
828
612
760
910
873
914
998
856
501
245
948
794
613
17
335
162
873
250
618
179
113
646
330
476
566
242
717
936
697
562
332
877
526
444
787
400
358
138
256
211
383
557
5
997
926
692
159
151
942
129
330
407
775
12
883
341
607
952
629
304
514
961
533
41
757
673
793
467
811
401
679
194
310
36
543
236
81
54
388
23
183
70
431
959
83
666
652
690
971
634
346
485
947
231
878
705
904
23
172
67
425
851
614
735
240
509
324
321
564
64
696
99
134
479
410
569
146
415
611
117
49
309
954
996
541
185
701
797
208
874
865
633
77
479
721
317
340
45
990
904
461
687
356
947
166
766
517
664
181
480
133
582
790
88
579
331
273
632
480
481
858
345
467
288
176
188
605
517
585
948
773
46
635
129
993
801
248
862
466
781
343
599
364
133
39
295
816
664
279
296
146
138
994
613
426
170
153
383
39
738
331
165
784
318
294
129
120
894
992
938
676
687
889
392
172
281
39
988
945
318
636
443
456
630
408
234
153
561
970
544
299
301
709
435
972
4
917
444
250
261
382
278
948
623
670
472
256
61
460
202
380
448
645
188
431
54
423
584
615
393
128
267
46
838
54
18
194
323
462
796
584
196
75
884
172
745
356
428
807
168
982
539
617
628
727
48
34
502
984
1
247
464
620
646
654
27
16
848
350
831
997
935
379
72
819
551
169
528
332
328
696
666
867
665
646
947
65
680
449
401
34
49
866
654
695
520
681
711
721
32
894
718
319
274
790
490
177
311
18
861
640
67
528
507
84
174
806
150
855
608
551
241
657
417
895
704
290
929
767
11
313
662
81
632
936
223
474
465
534
845
327
174
912
855
34
996
29
192
498
236
800
50
477
809
819
725
513
109
654
633
472
967
295
905
951
583
128
777
48
15
622
727
189
886
582
575
883
612
768
733
200
920
783
30
730
955
755
243
416
761
228
889
80
523
146
31
458
275
160
859
290
783
586
831
669
169
759
904
133
527
638
685
447
773
715
529
728
470
125
145
231
353
386
663
229
532
46
687
159
207
898
801
990
485
985
11
6
744
916
491
623
906
528
422
31
244
952
112
66
77
257
650
782
995
313
11
879
360
51
391
567
949
192
909
786
177
920
144
273
188
987
896
446
516
319
478
112
271
590
178
700
199
828
482
546
494
494
425
206
897
168
773
846
713
34
985
242
954
481
516
495
469
412
941
337
83
419
449
354
361
627
406
560
808
889
106
654
735
884
860
632
52
985
830
765
19
815
8
325
649
524
820
118
288
762
455
372
533
256
78
895
235
485
455
43
726
914
49
461
798
909
93
850
894
923
968
913
91
976
239
740
852
411
210
492
525
17
864
59
273
295
306
508
780
113
904
506
27
305
319
825
215
764
28
461
39
996
375
130
324
966
222
528
377
784
20
903
801
237
314
426
884
620
287
16
733
543
874
113
848
193
290
63
957
318
525
996
666
252
479
342
570
53
222
299
838
243
554
991
832
220
418
716
840
57
732
926
600
606
391
448
151
681
864
108
352
741
456
370
345
935
713
915
341
935
566
179
530
121
522
714
341
940
430
534
349
514
812
949
472
203
750
623
884
614
83
236
707
540
959
52
827
672
967
520
959
885
699
842
6
222
556
700
514
339
586
864
853
398
165
678
601
915
301
837
881
737
426
588
629
385
992
808
409
959
329
368
197
380
210
203
954
767
255
469
458
841
685
311
239
202
989
192
470
643
30
703
732
456
644
361
193
636
521
602
948
850
970
145
231
533
700
185
652
956
6
110
149
43
773
741
598
115
933
68
110
315
123
842
123
767
555
316
404
76
918
352
927
889
497
510
774
549
47
426
505
406
888
655
801
661
396
399
776
681
819
886
997
943
80
120
62
635
789
466
712
707
170
991
948
19
853
722
569
900
500
74
658
740
81
460
402
829
211
530
863
383
769
212
678
201
684
740
837
473
207
901
181
729
892
129
749
745
204
318
997
56
744
656
797
826
468
551
7
679
433
870
414
202
434
92
404
119
833
593
592
392
494
773
121
738
255
870
835
811
188
832
219
933
840
16
111
308
919
470
340
353
341
754
907
775
847
311
246
32
256
839
424
102
964
545
840
571
416
675
382
956
860
602
889
52
970
352
361
890
823
53
243
516
159
150
643
358
814
890
390
422
729
814
525
693
360
365
617
128
393
999
84
605
953
326
657
924
678
370
166
501
423
761
17
935
911
661
293
77
551
684
500
632
850
377
677
562
742
294
690
487
294
775
92
599
101
750
875
779
120
41
633
896
802
650
183
66
663
476
495
214
512
347
846
363
724
876
925
467
170
616
306
816
743
399
416
196
501
291
975
973
685
960
221
839
611
404
257
274
881
753
841
745
100
39
108
825
915
386
644
86
354
950
902
97
701
670
645
554
314
972
528
999
933
101
190
544
506
448
170
739
201
11
484
653
51
945
478
318
683
474
404
37
777
659
486
830
329
131
385
643
103
265
994
388
366
185
932
872
633
455
963
186
466
800
839
869
745
670
188
780
144
944
817
921
603
655
752
285
138
489
280
593
754
627
982
120
812
914
345
797
369
660
983
188
460
174
409
557
844
597
337
989
894
506
262
849
161
366
486
651
855
767
245
961
746
227
434
558
493
779
707
215
791
42
403
252
216
164
161
413
762
499
754
8
357
16
857
871
735
344
522
942
463
767
904
209
994
338
119
488
469
826
55
260
220
458
864
436
622
26
849
736
877
955
96
234
972
954
105
59
650
628
1
113
747
257
674
94
595
793
934
416
971
989
29
191
799
893
979
773
271
181
862
148
136
958
735
460
912
840
519
914
820
873
27
920
130
701
14
78
846
948
494
817
937
523
360
736
417
340
861
40
521
723
189
657
682
924
470
946
116
989
861
289
214
888
209
345
942
575
423
140
523
269
958
812
793
318
900
562
10
761
602
531
485
143
541
167
419
11
113
536
352
974
177
567
215
738
264
509
313
39
649
836
308
959
0
101
278
900
15
640
13
618
172
498
761
65
17
181
428
483
69
132
809
246
51
376
984
315
885
649
354
535
485
15
846
837
116
124
737
132
765
750
102
289
601
215
706
970
396
134
805
817
266
615
415
318
991
399
985
229
48
340
116
885
355
962
74
823
439
811
307
556
914
409
197
867
625
903
189
373
37
995
191
655
610
606
973
953
358
311
534
758
3
650
996
710
965
70
533
756
234
193
312
500
602
509
367
579
764
908
305
801
903
848
808
865
454
134
819
164
445
705
275
448
708
271
158
673
693
43
429
927
236
93
779
839
954
498
770
718
407
75
871
310
923
679
176
730
813
347
246
610
52
521
58
112
144
216
137
838
612
566
117
848
11
897
39
965
395
810
683
154
237
554
465
513
586
993
243
399
340
841
10
744
363
420
857
859
989
994
697
601
913
167
449
276
64
489
242
811
651
277
966
240
832
783
753
770
776
348
169
468
190
531
212
905
952
421
764
293
768
462
894
681
981
343
957
397
184
551
560
187
829
526
780
13
661
533
783
437
234
304
905
424
188
470
329
492
891
93
785
11
907
679
692
240
374
2
637
911
905
198
450
734
76
230
99
738
116
234
175
350
539
433
774
79
903
455
571
146
900
356
158
808
387
202
48
761
556
38
24
814
236
475
900
312
705
0
50
821
234
578
523
125
11
297
204
266
104
127
764
5
483
274
813
870
829
213
984
737
251
8
551
487
483
452
152
541
804
202
714
38
780
238
516
143
887
72
761
992
200
526
997
683
152
162
906
333
375
890
71
979
898
622
818
734
426
970
627
230
525
693
621
305
931
137
801
171
209
562
163
761
440
512
797
945
674
703
278
401
945
349
732
843
324
551
929
750
521
908
981
46
602
602
704
533
91
857
56
652
771
219
414
564
83
211
509
757
266
787
511
211
489
243
406
813
794
688
915
668
596
248
66
198
202
122
732
293
979
788
298
103
360
712
667
443
275
176
553
893
315
416
104
804
659
862
969
806
550
885
826
147
133
892
345
336
367
77
981
698
218
279
801
930
343
468
725
970
644
630
863
960
46
319
116
706
182
86
864
732
323
690
879
808
934
225
496
301
654
478
0
224
109
153
154
453
622
232
423
618
862
639
578
261
958
47
319
140
485
183
873
808
873
752
968
159
329
465
461
984
295
813
208
404
966
715
209
588
299
985
207
161
624
137
422
582
536
741
75
21
276
300
829
149
404
798
309
734
615
122
70
910
287
278
666
253
345
876
194
644
861
753
158
485
242
932
419
779
26
846
800
302
146
982
804
551
132
465
637
747
587
707
9
874
337
675
479
683
551
25
679
764
778
837
249
373
770
21
152
796
867
304
98
366
638
254
269
770
719
906
869
658
965
230
884
302
906
364
337
809
741
17
574
872
206
175
245
976
548
749
124
416
53
575
134
692
829
403
814
901
661
36
559
626
266
444
928
524
160
266
686
901
635
612
773
841
139
370
170
688
119
294
456
525
869
590
569
51
345
383
952
6
771
511
632
390
307
560
266
467
178
952
721
165
916
846
7
56
217
177
744
688
823
200
213
693
142
782
96
487
518
48
493
289
911
125
679
219
37
298
38
568
602
111
733
519
958
92
927
527
621
671
215
445
223
781
490
365
563
586
852
81
986
697
723
897
174
754
468
211
52
507
131
655
970
217
526
280
309
453
807
283
124
375
728
699
156
218
416
71
156
620
153
142
317
876
391
491
630
860
54
35
367
186
690
337
403
568
618
64
21
777
347
497
504
427
196
12
997
964
84
153
584
589
647
901
817
39
744
799
251
798
834
970
336
876
307
91
444
277
508
817
407
855
314
263
635
862
276
632
826
712
138
410
653
137
663
822
528
407
621
779
558
808
749
894
36
409
338
833
38
846
650
797
53
317
61
688
531
689
673
358
401
163
120
406
300
784
228
181
543
201
960
453
361
62
348
398
471
38
583
861
884
585
659
937
902
720
978
434
409
651
144
162
166
616
920
466
752
148
647
296
701
960
749
63
22
449
813
845
487
396
706
723
981
365
13
236
437
991
22
846
994
166
360
160
782
280
978
887
780
978
183
482
938
284
545
312
86
358
157
925
106
863
1
87
581
14
675
18
357
697
217
703
863
929
863
998
210
193
885
342
523
420
824
461
56
721
125
494
79
282
772
537
498
773
977
431
787
652
449
496
350
18
199
565
948
414
915
510
607
152
852
131
924
29
944
333
750
70
827
830
704
599
719
202
724
696
985
511
349
435
7
51
805
206
616
105
972
532
615
580
36
820
63
961
849
359
294
599
429
473
781
134
425
501
688
149
197
674
661
898
461
20
949
618
579
566
724
551
450
691
483
486
511
898
799
360
258
93
312
687
567
93
173
992
946
214
493
144
240
506
394
53
527
344
671
458
910
395
361
712
87
845
550
950
743
350
311
1
443
975
41
362
68
566
706
367
132
200
863
372
706
257
425
585
601
97
43
863
844
757
575
283
602
126
234
697
476
897
51
271
872
444
986
292
10
44
659
143
244
522
867
303
780
293
240
381
742
636
597
938
393
524
222
347
650
456
44
478
353
95
102
225
891
440
869
902
484
529
397
81
403
264
384
183
557
624
917
651
260
866
590
5
390
812
352
393
268
397
223
973
844
325
550
736
765
419
990
602
948
387
683
704
651
67
239
561
43
156
564
656
374
154
661
765
318
366
158
938
763
381
911
959
59
461
47
176
233
37
778
533
776
461
237
780
880
477
693
924
985
257
932
360
764
945
125
434
311
635
373
426
368
636
386
427
450
785
604
683
175
734
216
951
196
454
731
76
283
776
352
268
34
636
628
798
582
105
232
245
92
957
672
461
946
410
888
396
195
844
431
722
579
647
674
127
453
757
203
88
534
908
357
920
544
337
70
478
795
654
724
887
612
748
348
558
510
589
306
57
433
737
780
364
736
806
491
542
563
47
982
449
955
339
721
851
29
791
682
176
446
758
63
410
506
764
320
16
705
978
425
490
67
205
855
803
11
698
697
927
745
680
728
52
371
450
256
752
241
938
928
39
48
344
801
554
460
121
922
165
451
347
655
518
905
862
674
916
561
723
843
306
403
572
711
127
22
967
231
615
257
512
7
305
208
808
211
668
282
485
833
733
184
840
252
89
703
926
6
264
649
201
922
405
125
633
884
147
952
467
115
209
979
122
514
187
282
77
855
564
562
40
298
747
881
550
188
936
828
194
200
829
748
474
234
873
108
470
373
412
938
488
622
917
962
488
457
244
918
664
161
480
705
459
579
938
361
768
874
541
314
426
370
62
900
957
936
360
427
661
773
717
501
747
987
463
587
444
59
505
108
220
338
165
31
917
455
392
685
681
933
0
459
656
414
360
613
702
72
392
363
197
110
216
296
97
679
884
893
91
741
1
663
79
519
695
997
326
439
34
8
725
386
467
381
801
179
994
855
604
386
571
801
848
787
98
945
819
334
838
910
427
192
925
507
63
620
856
389
412
890
749
137
629
217
518
782
748
864
637
352
602
208
154
451
996
604
748
815
290
939
77
717
483
354
576
546
327
432
287
739
675
37
876
304
254
746
86
2
962
75
355
564
284
861
367
632
817
468
799
107
759
228
176
242
582
753
788
909
185
75
0
860
112
228
516
718
974
602
73
288
30
428
853
666
641
572
298
458
392
449
565
151
677
741
393
611
494
533
873
32
961
873
244
425
102
761
144
428
715
217
717
745
997
922
411
638
846
61
96
239
510
13
390
539
106
784
503
953
669
728
985
630
601
229
56
55
342
200
484
410
769
553
155
766
475
919
756
321
332
204
560
195
217
303
86
675
439
589
628
108
317
613
739
271
195
147
678
889
699
162
299
468
715
807
586
542
726
694
864
410
898
776
605
467
79
692
142
518
633
771
979
303
736
718
926
931
217
604
173
916
119
472
736
186
279
322
729
357
368
945
120
266
721
725
85
153
769
227
671
403
350
650
58
87
720
984
370
937
940
543
205
59
368
941
246
999
615
327
709
983
272
829
601
345
554
686
498
676
266
522
431
616
524
489
55
597
825
426
886
765
321
92
177
689
385
775
689
1
102
398
336
726
227
290
71
133
328
922
809
594
796
240
563
672
81
618
269
258
44
156
376
366
600
553
407
337
680
96
338
782
494
27
860
73
317
931
559
997
205
368
592
1
961
507
26
394
125
295
653
522
803
29
240
755
934
647
93
614
744
783
748
590
810
608
16
479
891
575
477
97
295
421
450
256
928
476
3
53
124
656
927
279
37
167
35
323
815
128
289
911
263
37
853
74
997
869
905
888
444
382
337
740
155
140
348
83
968
351
489
92
359
416
372
748
584
759
71
399
887
712
662
150
101
515
576
98
385
482
339
181
216
676
273
372
816
974
807
137
325
296
229
37
713
953
785
649
712
209
400
951
273
62
454
375
577
382
473
314
216
812
496
433
489
769
157
657
95
964
794
773
261
376
810
326
681
947
975
394
508
375
697
782
437
151
157
366
534
630
681
750
795
177
535
636
298
44
645
746
9
792
519
622
168
329
948
849
628
923
595
137
298
293
271
87
796
428
453
682
410
134
785
557
663
672
193
314
717
839
60
726
631
931
348
151
260
296
352
240
571
948
377
221
593
0
308
741
428
761
424
191
248
561
748
263
233
294
929
302
133
341
28
116
272
728
267
884
376
619
125
299
919
854
520
864
207
828
606
635
942
382
178
542
295
279
157
880
573
439
183
706
780
563
822
405
644
441
641
20
412
118
672
332
325
192
548
532
21
506
519
315
240
698
857
535
977
366
416
550
805
951
608
938
514
782
343
510
223
336
531
987
455
555
671
132
747
220
664
120
726
183
435
967
233
644
854
562
11
622
464
816
573
72
754
440
854
449
950
429
786
833
417
593
388
88
725
136
660
741
256
387
276
44
706
510
688
912
72
699
535
537
516
460
961
622
900
168
424
203
597
562
36
366
155
777
807
232
913
467
325
521
206
601
565
912
463
254
177
536
305
712
425
173
524
386
796
777
554
220
980
504
134
368
222
641
145
29
873
410
497
550
932
703
151
849
968
967
455
145
503
113
209
280
286
733
18
434
510
573
6
842
429
140
211
651
781
356
681
6
767
530
556
51
233
60
252
201
27
60
698
882
173
259
162
459
345
180
894
207
105
900
50
886
393
261
538
174
617
571
181
736
101
89
139
686
149
392
240
528
452
938
410
625
550
924
436
895
105
330
102
562
583
152
449
976
413
339
150
383
262
683
471
715
773
611
401
274
3
641
803
807
932
213
432
482
490
220
377
595
551
831
509
486
984
310
814
749
1
316
484
263
0
956
330
125
567
732
399
922
373
202
729
657
768
513
139
258
733
868
205
636
700
66
474
684
377
288
785
730
605
270
346
605
578
676
730
497
408
481
419
134
36
500
791
156
365
283
766
450
151
323
439
851
389
913
887
118
202
673
849
807
295
195
764
873
223
846
370
632
327
141
118
715
993
909
871
710
544
637
160
696
960
599
547
702
865
435
820
67
460
669
874
755
216
990
980
440
836
702
424
163
195
894
231
188
803
102
250
348
92
410
396
52
362
943
754
227
730
575
646
190
596
520
297
165
510
629
957
698
331
733
213
526
627
444
66
782
547
316
482
639
79
878
43
793
174
798
372
904
725
18
447
673
538
96
190
400
726
499
98
409
232
311
936
859
108
354
994
655
23
476
646
454
355
689
247
881
487
619
137
564
637
584
590
527
33
780
279
759
280
729
520
864
40
456
76
148
163
70
155
186
546
801
640
253
491
239
134
330
858
272
247
847
208
837
374
593
969
653
704
601
382
225
818
774
33
894
275
196
964
782
734
862
584
726
468
427
965
954
109
175
578
356
22
787
545
396
732
867
401
437
820
135
662
638
910
695
532
537
892
848
319
978
63
255
705
531
682
22
485
144
198
64
500
220
203
398
969
935
265
722
372
437
858
386
76
120
82
960
657
326
809
328
304
872
584
361
403
618
384
240
762
582
304
615
154
859
365
475
147
630
198
519
67
56
258
495
176
340
456
185
18
265
513
674
489
97
36
244
68
772
484
830
706
141
797
860
352
162
336
499
144
886
371
564
942
629
59
470
321
515
655
339
132
168
13
973
618
401
217
686
173
54
868
879
547
18
92
899
180
780
751
325
666
122
889
960
751
300
430
424
816
437
763
300
957
128
274
927
882
491
613
55
897
834
287
796
