403
24
12
650
141
308
961
176
413
479
307
565
545
312
360
272
304
477
653
481
160
892
837
389
286
787
758
443
22
756
770
777
780
134
427
274
794
388
802
207
220
461
125
765
773
485
389
77
315
42
910
475
935
747
216
573
886
974
368
908
730
491
685
863
625
464
489
420
853
291
627
425
752
752
190
525
590
931
954
905
974
864
732
261
611
948
186
849
275
555
109
5
46
794
220
23
610
709
443
463
352
423
888
104
527
430
629
117
362
935
374
688
799
106
301
762
407
487
611
682
394
720
687
792
866
260
168
477
969
963
292
322
386
533
778
266
315
760
735
29
695
110
69
495
568
370
609
975
210
221
657
956
293
345
749
512
957
917
341
926
880
633
600
619
518
379
885
186
139
972
215
834
82
285
681
651
7
291
626
217
864
636
174
509
981
275
21
938
544
362
216
776
348
169
747
218
548
984
404
39
957
972
225
39
257
907
42
264
550
21
834
414
657
360
275
990
635
297
280
531
659
496
307
7
665
55
226
565
39
982
604
996
954
830
388
563
89
782
180
991
803
14
757
460
374
32
802
361
329
82
892
989
931
551
348
948
958
926
514
350
261
470
698
215
652
438
779
741
221
959
732
24
325
489
837
51
522
639
764
203
722
656
544
653
559
245
601
870
171
467
220
432
938
918
0
590
709
779
684
930
90
768
306
767
610
143
818
484
783
582
687
857
590
584
862
501
829
815
371
0
283
591
785
573
862
785
515
571
916
199
853
358
320
159
125
930
303
295
766
438
877
805
647
819
389
509
320
218
324
44
571
959
635
356
884
849
493
400
772
761
951
625
119
271
785
596
553
440
891
319
230
120
477
877
291
866
738
611
85
414
655
656
374
643
364
258
844
857
10
969
618
962
946
89
233
83
685
139
523
928
810
753
400
287
982
691
154
720
302
239
135
310
247
861
305
611
471
501
468
482
470
438
444
417
879
29
500
916
168
376
844
979
481
244
266
464
935
420
184
589
11
671
251
258
532
556
869
4
58
689
486
880
479
930
649
358
959
150
274
480
878
470
459
359
66
725
823
1
498
360
943
509
31
194
120
916
103
989
920
513
31
758
393
510
40
395
869
351
545
495
831
775
966
642
134
32
368
310
386
218
670
681
79
53
875
199
321
978
541
241
843
572
351
589
434
391
984
303
95
881
151
926
656
117
569
790
501
289
100
239
859
122
920
938
528
796
490
849
126
383
443
322
307
794
911
741
538
895
397
633
776
548
559
784
17
480
574
870
121
27
110
980
501
30
271
29
178
761
879
657
144
674
979
451
468
242
544
358
137
941
991
265
841
903
49
858
383
975
729
857
2
191
837
504
221
108
885
752
221
116
409
717
790
740
520
611
982
65
969
471
358
961
736
200
216
137
410
599
112
139
808
467
682
646
971
256
106
208
8
680
325
769
397
467
861
918
78
843
335
48
314
693
361
402
893
577
539
304
528
651
795
337
118
478
335
441
734
441
2
94
473
679
215
871
146
76
789
225
919
476
625
585
169
986
987
63
563
878
719
443
881
514
780
352
344
115
145
430
909
147
524
382
826
739
605
325
815
746
902
86
222
527
671
392
865
10
807
780
240
526
223
122
392
356
826
737
823
971
167
732
471
44
467
649
135
72
974
303
171
228
389
393
755
413
785
620
775
944
752
16
470
976
490
863
332
316
952
155
639
471
240
110
515
59
112
3
483
86
306
654
315
695
400
422
460
537
395
236
482
147
604
952
475
94
167
159
762
471
667
401
943
907
512
810
318
624
813
153
62
119
808
729
167
208
504
979
97
899
215
579
398
171
884
874
265
403
385
27
875
52
781
170
311
293
980
629
269
794
783
683
265
943
765
784
503
269
764
600
520
331
532
918
855
416
144
120
171
530
500
46
934
281
216
246
926
549
227
547
695
362
582
960
657
347
97
160
968
213
113
840
896
645
759
751
413
255
224
936
137
76
983
72
357
551
670
635
100
249
534
795
612
116
108
269
816
557
782
136
770
247
977
18
244
88
122
657
343
346
593
833
422
928
905
131
480
927
766
932
176
652
728
140
768
188
410
936
745
544
73
867
791
50
885
35
138
7
44
833
705
989
666
127
918
923
258
750
850
376
682
379
28
762
519
149
302
929
85
47
825
510
266
616
560
152
651
50
511
695
884
217
685
550
696
955
474
307
705
676
35
739
55
416
854
575
565
508
856
2
556
682
513
174
650
73
678
302
124
190
349
360
759
386
910
455
341
736
114
398
765
150
490
820
566
696
747
483
204
956
485
112
