320
9
823
873
880
882
524
604
553
426
373
254
981
760
963
11
841
680
632
981
479
529
872
22
741
295
133
230
338
38
666
658
399
489
883
279
723
759
236
276
186
961
883
519
73
846
530
915
527
515
248
6
44
473
380
785
120
514
368
458
904
386
116
655
875
351
934
598
110
522
226
648
483
109
168
557
956
50
824
483
565
72
841
962
897
573
99
17
87
467
475
343
205
943
998
432
294
285
30
757
807
609
757
643
718
925
552
26
976
376
509
541
800
702
855
698
276
955
67
715
774
543
59
980
486
409
412
133
694
795
242
854
404
999
497
474
277
401
501
605
777
362
498
929
65
354
979
693
309
47
760
83
590
171
63
428
581
476
913
627
271
155
481
27
507
330
501
784
731
2
741
860
365
239
142
782
593
121
827
902
168
587
986
110
759
401
891
692
229
156
319
852
312
153
879
171
483
381
307
567
735
48
427
452
287
569
586
881
43
413
135
211
1
473
674
112
875
917
804
104
73
123
957
737
276
836
908
112
569
567
679
657
615
458
461
255
380
48
136
423
461
623
986
814
97
660
926
972
929
82
428
3
206
385
740
834
574
1
298
495
568
977
152
536
788
614
791
168
14
279
591
475
902
577
642
999
590
920
323
519
3
752
874
561
489
967
395
63
968
46
911
888
375
63
776
163
29
567
683
395
198
274
223
101
204
865
452
146
785
776
17
140
880
892
701
369
859
449
785
179
495
696
419
870
111
196
386
493
115
69
888
314
344
111
767
900
976
219
46
114
347
63
606
227
307
308
949
518
109
734
49
604
782
469
826
893
17
212
386
484
282
275
798
978
386
917
878
715
137
276
181
836
691
787
416
351
95
365
869
204
451
919
160
233
740
987
126
109
199
513
593
833
140
744
163
526
661
41
593
150
669
774
987
713
562
403
64
9
768
285
566
571
556
726
804
648
65
282
757
617
795
703
450
935
447
614
814
108
7
407
259
29
182
598
94
96
1
510
105
121
795
23
692
704
750
496
352
167
130
462
784
926
165
587
213
964
553
379
424
560
139
35
941
673
633
35
769
634
545
226
107
693
250
799
397
352
647
101
519
778
563
656
56
80
243
621
44
796
1
821
708
140
856
650
813
490
37
934
476
935
160
584
628
762
383
377
114
383
478
986
161
394
642
569
474
885
190
871
33
543
692
741
35
548
743
200
390
781
134
867
716
647
451
696
409
186
73
876
569
551
862
82
297
856
651
124
741
194
995
126
737
39
867
773
939
963
973
330
744
108
549
812
107
352
860
516
890
933
744
460
836
958
894
486
814
546
610
907
740
605
33
829
996
253
602
935
216
576
617
312
36
518
476
143
870
336
11
761
621
108
573
809
66
467
295
881
365
905
140
457
862
526
287
858
779
241
146
995
169
115
659
205
634
135
700
856
823
64
969
796
172
542
605
590
362
253
823
79
510
964
889
373
490
528
583
621
769
81
968
939
549
627
496
183
114
549
391
937
965
361
733
489
255
690
79
969
295
255
49
806
571
290
531
413
818
114
34
939
548
2
878
97
981
727
632
95
628
23
384
593
384
469
82
992
159
513
961
455
768
362
613
339
652
144
752
822
258
138
762
158
140
992
255
473
71
887
568
699
263
952
292
647
421
726
639
933
240
953
740
360
315
353
700
320
497
804
142
107
943
256
618
435
249
873
909
320
113
829
372
376
134
664
375
555
743
367
840
983
320
580
343
987
285
395
307
134
200
802
594
495
58
212
930
307
437
191
980
550
21
352
278
155
368
654
62
111
21
903
446
693
835
790
680
473
185
988
607
737
790
201
232
200
765
515
860
203
706
840
753
79
544
384
234
264
38
649
376
411
904
174
104
739
964
784
212
502
124
172
591
266
725
824
467
491
691
327
694
397
519
799
829
415
183
63
679
573
64
407
984
968
582
440
708
898
577
272
752
53
796
344
320
522
520
139
365
211
818
411
960
337
562
789
752
98
205
783
671
269
191
8
238
125
800
298
23
377
922
776
431
719
120
103
593
640
242
310
203
60
721
163
749
283
953
853
381
158
636
405
779
179
765
17
304
565
315
680
295
590
808
726
661
928
181
254
920
775
916
475
835
637
638
936
272
943
789
6
101
777
411
881
957
528
250
613
93
918
645
740
508
453
818
169
733
999
775
653
774
691
128
961
680
119
897
952
62
38
310
516
816
721
749
125
601
999
90
695
269
736
435
777
189
254
298
923
605
73
928
380
116
409
693
796
880
591
101
942
981
411
810
149
485
559
274
86
911
717
133
180
453
921
310
994
527
608
269
132
34
198
864
150
959
558
299
839
501
400
133
482
163
944
632
648
855
258
87
766
975
220
299
780
141
609
775
20
217
44
153
603
594
369
754
905
927
405
744
780
157
878
615
320
174
599
321
29
857
760
796
185
980
95
317
474
56
92
846
273
489
999
229
435
721
335
341
648
740
437
781
897
315
396
569
841
995
242
871
204
2
19
741
335
114
59
161
522
503
7
147
992
359
376
780
80
711
121
80
451
558
861
700
226
609
622
67
956
216
290
513
571
309
254
906
775
665
419
297
169
426
445
513
137
821
293
217
885
766
650
336
677
863
389
903
473
11
322
429
579
965
294
150
274
549
56
402
214
827
699
383
606
496
249
743
670
542
313
555
309
963
243
338
826
632
593
651
995
915
433
575
880
727
725
507
276
134
909
843
961
960
578
567
809
827
663
479
722
976
34
383
291
277
721
469
262
314
121
257
581
554
184
814
281
910
321
910
396
582
753
709
894
683
629
703
511
292
534
585
620
568
968
911
198
689
380
460
355
853
69
936
407
254
750
689
516
423
951
912
357
704
621
604
739
250
659
250
894
194
835
514
114
155
777
312
844
510
124
551
363
194
488
771
800
590
812
316
366
115
228
75
819
201
679
558
804
339
161
698
533
348
213
647
504
342
312
700
852
436
604
568
982
92
691
782
34
503
98
400
970
678
476
789
880
507
699
684
846
212
382
731
913
947
731
769
642
43
821
494
831
425
62
814
517
753
596
904
608
47
304
578
725
132
719
957
992
771
641
190
335
376
922
248
675
653
17
317
48
191
164
879
616
226
45
486
332
994
390
292
41
46
223
118
531
294
76
523
65
69
713
753
445
987
1
473
640
371
790
40
562
954
272
530
533
317
16
217
311
406
509
352
805
84
471
336
379
547
859
796
616
572
549
414
560
903
887
552
626
29
945
540
336
217
70
869
534
87
438
846
845
299
550
650
384
21
986
115
920
845
263
889
770
813
655
682
68
894
586
46
923
531
586
611
748
656
832
283
95
270
481
941
570
31
943
306
405
930
421
325
127
684
566
249
849
221
931
269
467
870
315
743
401
901
354
502
910
187
137
5
457
618
298
379
1
242
685
406
172
106
84
651
143
650
901
992
224
184
262
43
54
929
786
808
183
141
310
93
328
799
450
137
417
749
517
418
343
202
825
867
661
261
518
804
263
771
148
487
956
762
531
362
692
317
522
875
810
832
968
490
631
770
628
400
519
497
171
214
51
348
81
712
609
600
516
872
723
17
712
31
779
243
394
471
912
916
346
75
101
666
565
84
437
545
837
308
42
8
523
94
356
604
158
965
556
675
837
632
44
549
663
823
144
57
295
409
326
993
484
427
660
401
863
449
947
700
109
341
708
632
435
416
589
594
733
497
621
571
129
665
472
793
488
969
202
135
730
528
129
566
307
141
967
171
942
266
223
51
608
284
36
395
52
977
989
786
474
962
709
956
979
533
749
820
502
303
307
584
832
436
150
491
929
470
662
223
736
238
627
696
874
663
92
926
992
433
712
818
748
421
774
727
955
875
899
809
179
207
394
363
995
896
854
277
718
869
500
807
107
479
503
981
494
947
259
486
381
972
305
481
745
79
560
700
307
460
510
486
19
256
849
14
504
703
643
223
572
496
30
31
975
885
364
470
833
624
308
566
948
613
399
693
45
959
394
352
771
256
190
790
864
391
157
368
446
152
943
371
648
325
402
976
211
119
446
396
95
106
314
43
720
713
736
117
24
482
821
796
90
363
938
954
754
447
675
200
600
618
923
248
296
326
576
507
797
374
255
892
481
921
935
553
986
23
670
10
858
843
158
948
206
97
255
960
544
930
512
496
900
436
97
196
114
673
55
911
48
310
803
529
583
90
82
569
113
104
580
971
947
738
272
153
187
527
465
84
809
329
580
709
765
677
258
231
351
313
494
399
976
649
280
559
739
362
481
205
818
61
528
765
151
800
270
339
679
735
423
488
64
355
550
182
33
808
765
384
473
260
135
801
909
415
713
1
129
194
558
947
255
86
64
758
239
334
449
918
69
872
407
485
580
957
19
613
117
137
349
942
749
836
744
658
603
457
11
732
651
569
31
258
8
95
16
247
429
818
517
850
42
924
687
622
233
707
235
702
196
936
645
945
772
389
955
727
198
967
459
201
888
490
459
248
585
827
847
14
645
365
216
688
641
904
310
227
963
898
929
159
186
926
104
311
667
411
38
865
730
850
66
619
340
877
219
278
705
67
644
702
432
861
742
73
765
405
300
728
655
582
239
841
508
695
504
176
106
543
393
837
393
460
808
85
689
27
363
394
94
8
449
526
869
191
600
986
596
252
66
603
834
305
445
695
352
301
223
458
844
616
295
589
428
103
27
118
483
390
864
577
750
313
104
971
857
56
957
805
660
375
409
847
32
206
542
384
507
765
195
704
733
490
645
514
946
672
632
781
63
848
358
165
514
814
137
371
222
446
528
883
822
937
730
206
495
624
591
355
741
138
59
474
980
704
988
926
729
972
59
144
821
418
309
335
232
446
58
807
245
586
690
419
876
772
625
723
396
568
78
137
706
137
963
687
194
304
965
923
628
25
67
449
795
728
136
379
527
194
186
772
133
876
543
361
0
168
84
396
89
163
885
147
652
201
186
198
857
152
121
485
529
540
287
324
621
423
703
148
970
242
920
103
470
463
464
471
983
900
219
424
63
457
572
716
658
758
914
867
262
388
352
143
280
639
819
901
415
875
49
385
117
321
840
587
136
656
58
472
556
278
896
620
735
820
688
745
931
954
612
545
342
316
689
975
956
860
876
723
735
278
460
204
951
300
792
440
308
202
912
216
832
160
188
919
333
876
664
616
831
628
161
525
945
202
500
253
63
729
328
150
7
788
355
958
440
147
750
748
349
662
964
182
175
153
453
508
381
118
124
212
98
637
90
395
840
590
0
255
319
328
405
678
468
760
989
908
907
739
656
609
754
973
143
929
478
596
789
859
66
265
424
165
902
514
912
94
456
265
349
128
593
755
158
62
867
147
322
775
887
331
736
993
304
879
922
782
827
63
993
894
680
417
411
934
283
675
29
92
940
730
220
886
837
730
300
705
878
622
832
117
953
920
110
609
799
384
743
978
799
737
872
479
506
635
413
142
663
442
234
603
525
806
489
362
536
789
419
766
764
603
235
717
523
697
679
674
81
422
653
232
511
877
711
18
513
125
512
176
919
98
131
796
904
621
159
792
762
930
911
526
534
146
596
57
844
275
732
277
697
737
510
209
614
221
579
479
698
91
7
970
189
139
766
445
112
277
589
226
208
500
753
94
999
701
503
843
976
587
472
25
324
334
586
291
556
517
770
606
608
778
576
149
269
343
946
733
972
888
959
180
388
64
626
739
765
130
934
93
717
407
119
394
741
705
685
649
223
455
608
183
585
184
685
206
879
983
939
852
871
899
384
260
315
11
351
81
141
286
174
210
693
293
604
786
351
289
788
926
97
396
461
34
580
146
241
812
130
180
664
1
431
400
613
747
411
965
180
904
603
354
115
648
0
71
434
703
713
574
629
810
970
90
844
903
589
85
715
719
618
731
72
401
131
38
500
895
355
680
799
958
387
266
606
387
338
392
90
403
967
71
213
289
161
409
192
750
847
259
821
817
990
246
218
474
284
719
721
639
751
872
949
138
139
907
525
829
299
967
232
618
38
797
908
552
206
100
654
405
360
476
222
702
722
441
528
358
512
249
349
263
122
298
402
613
205
927
794
856
247
378
475
285
175
383
837
733
835
492
139
547
320
361
250
394
154
130
752
666
380
101
930
854
399
684
819
956
963
965
812
210
343
287
496
870
22
685
603
858
529
742
757
849
456
7
243
610
490
347
277
870
800
559
76
199
243
247
507
206
212
320
769
907
959
265
777
982
302
732
192
832
475
949
33
283
309
629
893
799
328
522
21
129
433
449
680
28
48
188
587
612
860
356
519
819
973
648
153
275
380
697
459
855
999
845
490
308
474
736
459
154
610
832
283
44
281
964
424
681
504
11
293
364
367
812
183
692
460
689
968
840
386
779
48
385
624
890
45
450
626
504
605
237
336
888
633
969
852
57
650
356
421
295
72
140
459
608
833
271
297
801
112
35
932
512
421
557
754
818
7
381
323
964
970
11
853
603
333
57
12
335
766
433
631
838
926
442
446
759
714
95
912
826
131
844
690
904
753
444
722
761
177
397
725
147
409
930
102
94
988
467
781
106
252
764
296
178
207
743
289
921
190
201
99
321
398
141
225
151
937
948
912
115
345
990
614
106
272
69
552
260
888
334
718
140
98
15
671
657
110
960
578
300
162
677
974
560
818
199
711
756
499
976
223
197
318
189
655
590
258
208
203
146
894
273
639
344
288
310
2
398
270
580
699
784
610
25
696
780
224
760
888
76
88
111
273
406
653
280
348
911
840
903
410
734
177
401
431
465
711
433
216
333
365
267
118
975
292
814
108
868
574
996
944
14
460
569
420
113
202
121
376
42
376
786
129
553
187
560
371
250
993
939
584
710
206
54
686
850
868
146
718
795
142
15
809
602
936
582
715
138
55
92
181
431
230
310
337
770
870
60
20
215
999
956
925
557
10
963
407
231
109
477
26
252
492
187
206
429
121
922
919
528
366
100
960
596
410
649
718
632
709
91
847
60
47
773
617
410
88
376
641
198
205
19
802
698
558
8
479
680
930
398
560
648
851
520
597
613
521
315
246
582
406
445
642
806
570
611
216
659
987
209
857
193
228
659
243
786
667
74
818
950
824
379
598
675
251
547
641
773
863
887
355
621
332
350
779
903
961
347
562
301
556
771
846
784
782
441
571
449
515
389
751
691
120
702
719
372
249
360
145
464
599
852
438
283
554
217
186
516
917
100
169
473
223
15
258
5
456
181
807
323
922
558
14
43
612
733
767
214
445
912
678
44
116
468
328
671
38
866
539
955
319
60
428
542
75
38
900
883
571
707
206
846
617
572
889
230
658
656
796
103
920
826
500
388
295
828
411
333
46
302
640
365
362
420
260
789
811
160
672
382
219
878
228
836
451
469
418
461
477
214
564
749
41
64
138
688
244
901
373
643
204
365
360
918
785
620
708
948
132
380
331
351
611
911
540
414
733
310
875
210
877
439
960
918
856
450
958
452
703
331
95
907
696
808
826
833
428
886
782
913
266
465
616
877
728
508
291
461
819
166
24
696
958
336
966
166
138
924
618
841
607
66
749
655
874
927
840
654
813
622
919
431
439
536
309
168
44
952
629
863
471
5
911
429
341
877
595
479
153
565
321
112
631
422
767
857
701
608
512
866
582
431
297
22
319
958
190
716
263
171
931
734
529
843
163
870
72
110
702
226
27
375
690
659
797
458
868
850
418
732
716
0
516
13
374
835
324
564
551
587
88
835
321
617
678
836
839
750
298
541
328
325
916
19
336
65
829
205
267
247
937
983
599
805
349
974
641
673
890
544
612
330
379
933
299
409
121
139
512
419
32
840
96
301
211
433
366
392
990
634
991
279
969
591
85
318
917
78
343
159
622
955
842
354
240
141
763
361
280
275
132
313
468
229
966
31
14
332
424
356
318
767
635
640
358
720
958
627
798
654
139
773
609
333
127
850
474
242
563
107
870
48
772
690
629
738
721
995
422
497
351
741
265
986
381
975
707
691
955
857
345
446
982
307
779
109
509
253
704
424
360
926
472
132
616
101
222
337
448
645
187
799
738
804
786
471
779
845
162
86
54
860
532
37
167
311
498
28
565
202
452
277
128
277
762
744
730
984
434
179
981
973
978
719
777
764
190
908
961
705
995
16
565
527
53
84
839
551
112
756
106
916
385
586
193
499
683
924
836
469
103
817
442
81
537
571
198
727
479
159
432
474
175
349
354
580
433
193
484
897
301
590
166
38
176
359
538
859
283
374
328
738
191
122
172
80
693
370
808
173
881
592
999
409
942
353
341
727
898
825
977
199
415
143
590
592
854
128
803
490
502
484
228
45
606
752
126
300
474
286
825
356
230
824
117
524
178
458
604
76
284
581
628
51
76
218
995
930
698
799
420
552
283
1
597
889
753
75
541
228
361
366
936
944
191
53
468
721
511
72
797
147
5
777
199
81
347
194
12
45
345
784
597
628
785
547
870
891
622
411
119
336
130
55
280
321
108
100
42
971
173
191
471
178
321
670
260
668
216
624
66
562
760
15
542
546
562
412
437
537
176
908
225
306
963
857
979
423
957
373
746
130
916
217
661
589
239
273
610
808
897
676
370
657
691
912
555
606
677
344
495
205
252
720
511
567
577
842
342
534
567
441
17
483
10
678
73
250
303
683
58
200
711
780
209
754
692
117
360
721
813
207
926
418
927
789
985
504
631
680
391
198
121
408
34
131
438
459
733
741
142
791
293
205
571
854
959
616
323
672
689
137
879
616
555
807
405
892
663
389
572
406
939
693
166
325
177
604
784
910
697
278
702
342
483
625
197
795
593
520
467
283
9
698
251
916
857
8
809
521
397
381
279
689
427
446
366
956
50
151
866
100
429
920
442
265
898
639
60
491
512
879
126
873
577
377
790
435
738
599
308
487
332
587
176
111
33
543
67
436
46
286
536
827
206
330
92
104
970
504
948
834
735
426
59
665
804
849
100
542
800
760
381
485
699
558
948
733
453
16
521
499
654
409
326
860
739
771
965
61
627
265
895
715
691
955
380
847
156
480
741
957
592
123
794
291
681
742
376
486
110
897
337
764
306
15
625
46
786
942
459
766
559
355
481
250
662
861
98
170
693
839
479
285
962
273
928
995
368
305
833
478
202
170
243
861
186
220
259
324
514
718
442
73
425
923
323
439
136
773
610
181
965
89
818
927
715
747
275
83
52
460
561
606
631
156
467
169
728
726
493
242
797
936
667
222
211
991
662
700
116
624
881
81
65
700
361
780
447
988
863
499
448
777
105
431
933
925
600
14
3
94
256
800
382
924
375
945
267
37
645
383
13
527
465
78
227
826
859
674
814
74
525
614
851
982
46
137
907
646
151
911
92
759
711
474
35
86
772
302
475
417
38
840
944
855
919
171
33
130
197
847
204
722
813
408
57
859
897
964
506
48
875
950
159
939
777
195
25
549
849
853
966
887
693
911
742
964
434
775
94
984
974
651
58
788
59
115
999
308
80
505
708
307
808
867
246
585
414
624
134
264
477
100
151
522
363
246
487
798
373
581
134
348
584
192
488
995
308
487
303
740
345
11
47
153
231
294
738
645
918
224
909
747
324
413
269
40
659
756
190
384
690
324
732
274
516
572
270
176
412
573
916
757
937
964
262
168
258
352
813
528
576
75
275
252
488
544
292
499
653
482
883
343
158
968
617
27
892
239
203
304
813
120
413
102
84
27
270
694
379
435
222
307
510
497
560
350
393
204
201
46
39
437
389
549
405
359
576
649
598
780
954
763
252
719
865
688
747
487
382
478
923
956
786
785
805
698
136
198
254
689
245
293
126
986
843
531
345
419
533
944
551
839
707
803
558
925
491
657
412
225
136
335
533
274
473
338
972
609
537
226
298
134
872
425
120
67
308
466
838
193
762
390
32
821
545
591
746
389
600
159
614
736
846
500
10
319
838
334
280
727
913
931
861
137
708
982
204
368
800
42
562
562
784
594
383
330
537
482
719
138
993
685
226
839
185
589
511
376
275
791
103
188
722
965
325
782
299
529
151
99
924
713
13
708
659
748
390
197
230
461
687
575
147
913
415
684
854
278
412
130
69
516
318
144
833
996
278
132
877
429
583
801
142
948
862
802
696
252
351
279
66
38
854
213
303
621
249
158
251
662
288
673
530
958
169
363
954
447
847
184
877
782
337
371
82
199
525
130
804
876
409
870
266
616
435
570
589
36
80
841
50
720
514
580
678
683
295
985
130
494
169
359
628
858
731
710
410
256
841
214
485
602
436
103
570
223
673
160
259
105
353
662
825
867
594
504
902
890
841
384
736
362
744
717
220
827
779
630
435
620
196
920
575
632
24
145
207
49
657
467
507
10
129
332
229
75
188
483
965
29
868
54
743
612
771
964
791
902
946
226
875
143
147
450
127
523
947
335
924
605
154
431
967
635
764
197
710
304
680
28
334
900
434
77
864
557
393
655
459
340
882
334
835
29
784
314
904
84
1
828
689
155
612
8
142
728
205
205
32
238
233
718
138
667
796
355
576
541
10
35
233
892
370
420
273
506
735
177
942
736
358
631
244
322
992
738
50
549
943
82
787
528
801
278
547
949
633
123
490
995
159
76
888
881
496
161
739
583
691
682
672
401
665
916
723
657
6
773
207
950
207
346
478
8
624
26
309
609
149
152
605
660
228
845
541
76
358
281
12
401
315
684
802
980
952
877
638
958
2
197
908
210
543
739
570
520
765
880
481
266
384
438
927
964
283
820
40
642
453
404
43
768
88
198
101
40
75
91
351
78
288
259
288
831
350
210
703
115
442
185
734
826
623
661
790
259
833
183
253
287
587
296
55
28
846
508
68
922
599
419
352
887
31
992
71
381
202
774
849
645
311
583
823
935
596
614
546
429
149
799
68
88
447
476
116
294
984
537
568
584
956
920
823
339
912
894
73
466
21
922
463
332
857
287
619
453
253
165
234
402
964
303
490
412
779
959
706
115
496
626
699
804
546
523
144
810
417
217
276
438
491
92
123
348
379
742
153
632
908
739
386
872
394
228
636
173
187
694
641
683
320
340
488
218
215
984
28
633
201
657
423
44
101
898
392
480
641
897
464
549
988
850
773
383
430
410
908
618
104
549
653
777
890
493
995
105
477
376
90
30
385
866
74
486
764
818
966
757
67
782
306
56
632
432
439
414
842
347
32
298
249
38
75
491
531
423
948
9
799
391
391
536
257
466
22
373
636
340
483
704
122
141
760
106
573
551
520
767
250
905
66
499
943
493
990
474
268
939
835
67
330
227
603
939
45
977
664
681
317
147
385
791
289
497
249
214
400
770
982
651
27
400
502
970
245
845
796
514
136
632
581
818
211
537
757
256
866
773
937
536
273
675
327
562
524
929
128
925
51
110
928
78
510
782
400
108
627
196
622
763
180
203
581
391
92
690
647
959
816
937
495
89
964
174
3
840
103
131
765
154
594
45
232
456
828
632
564
807
181
186
571
361
742
504
105
834
547
104
145
363
393
640
804
357
167
807
198
270
938
315
777
532
361
9
989
541
994
553
348
527
92
271
240
834
128
345
668
27
450
814
390
843
806
194
553
973
353
751
596
643
66
373
176
779
734
517
672
80
422
373
607
866
996
848
700
476
545
369
503
995
535
245
191
693
791
744
19
144
495
615
788
913
340
316
45
74
185
69
155
959
442
114
826
791
314
526
267
860
247
771
855
134
368
398
828
160
142
847
304
989
814
444
903
154
760
300
580
945
369
87
905
164
202
83
955
516
609
574
728
857
345
936
991
66
334
171
226
477
18
530
466
184
975
721
338
87
373
919
33
743
6
290
259
560
373
566
429
334
140
157
543
838
93
535
904
428
58
130
257
77
12
75
613
339
797
952
427
170
223
812
265
581
454
876
142
179
442
923
513
935
80
57
773
526
944
29
306
2
159
563
431
523
990
45
863
787
997
642
310
572
454
927
153
908
804
647
87
246
570
952
181
3
9
306
529
305
335
187
308
846
102
739
370
92
784
585
880
133
227
542
57
33
469
563
293
273
210
732
872
133
684
405
488
46
64
369
351
399
556
659
598
658
751
320
102
887
905
334
373
484
876
430
517
698
345
810
323
556
894
195
41
578
953
529
624
17
898
328
768
806
339
718
464
442
38
918
330
943
253
55
427
129
485
296
827
831
458
151
739
352
698
132
931
3
661
907
372
911
587
493
717
927
211
533
369
250
451
51
545
704
106
973
186
944
269
365
775
80
516
866
432
567
998
363
922
11
623
295
922
210
788
639
137
351
524
859
601
975
910
147
680
369
472
218
313
93
583
88
173
452
306
606
371
304
321
293
667
944
940
589
507
728
580
996
432
104
855
385
79
118
884
111
487
356
681
800
802
265
240
327
717
898
285
88
554
607
733
221
903
674
810
410
754
742
759
186
846
966
572
277
84
808
741
923
517
422
75
319
39
315
998
108
213
284
548
767
243
282
340
146
956
150
909
62
244
668
249
90
986
173
720
71
981
813
346
850
587
422
169
627
89
520
735
655
804
284
774
47
918
115
545
874
617
806
288
862
826
537
304
813
62
376
236
396
189
582
246
777
356
768
404
446
288
491
101
92
127
227
491
45
342
388
271
960
547
560
174
373
449
478
538
512
855
774
260
396
357
506
173
65
274
929
511
914
773
964
358
900
192
849
946
886
590
569
846
137
129
372
862
931
203
401
443
58
175
703
806
884
561
332
950
188
261
461
102
386
778
461
287
970
662
585
208
604
506
55
741
636
779
604
567
982
5
362
392
180
417
199
417
330
531
367
518
144
180
973
531
958
434
170
280
448
107
489
53
613
896
146
601
675
750
520
658
107
234
402
640
651
601
57
982
484
776
852
981
956
825
864
915
611
34
547
412
493
36
465
458
932
611
60
960
714
580
970
173
167
372
813
818
326
222
152
810
998
357
143
955
534
7
222
146
393
769
558
886
158
375
345
90
338
757
402
404
689
372
578
856
745
743
27
71
318
531
233
316
888
377
623
775
736
197
921
130
319
831
368
477
558
65
919
248
822
322
653
512
694
583
720
791
326
747
214
644
631
448
313
871
177
288
646
913
486
919
43
805
102
412
282
660
477
553
909
652
875
914
516
922
497
236
713
175
336
928
172
967
728
837
838
905
125
485
818
963
404
214
768
507
978
402
519
807
308
780
459
183
46
975
457
543
212
171
71
900
451
595
867
179
784
705
436
909
542
606
225
299
172
345
806
150
748
677
958
408
458
769
591
504
745
401
400
309
572
823
209
375
770
76
906
554
133
342
463
676
300
688
327
473
34
133
623
134
162
933
894
972
703
837
829
800
238
229
109
810
404
670
537
174
98
443
80
231
137
543
259
438
584
586
263
970
71
238
456
586
172
350
558
227
187
387
27
426
968
488
588
724
158
478
898
608
921
978
839
411
874
451
201
810
389
464
132
813
702
940
399
226
642
309
805
181
697
832
959
17
672
900
742
182
378
640
790
299
971
982
710
197
785
911
359
174
727
491
339
782
783
90
8
425
400
166
606
449
350
918
466
23
818
208
205
196
201
996
847
172
330
910
721
115
173
80
641
901
923
981
683
706
71
43
131
823
209
89
272
560
7
739
935
177
947
140
373
148
488
573
672
818
483
393
285
656
473
927
557
396
908
592
454
331
988
585
155
549
27
427
461
386
166
396
564
114
889
289
614
729
862
287
900
345
680
185
354
506
112
263
254
20
856
709
704
196
646
859
745
25
638
207
412
805
955
328
271
844
969
885
574
184
524
474
529
557
659
235
63
772
499
317
144
707
378
848
903
25
59
0
50
698
207
814
855
163
142
126
359
464
363
933
648
240
759
529
797
419
765
860
543
616
529
39
323
908
240
578
285
651
578
335
349
138
502
204
653
996
682
12
460
398
298
108
638
57
638
435
828
755
647
723
371
176
763
46
436
355
624
721
6
202
409
356
692
263
912
345
259
947
710
720
345
8
180
335
417
170
770
598
925
417
321
648
945
436
694
734
791
318
807
798
873
216
506
917
831
418
615
91
717
325
163
62
685
343
397
454
866
519
52
791
288
374
792
234
810
486
320
602
157
127
752
382
696
258
651
527
28
266
618
746
591
133
160
628
477
558
83
695
429
487
838
718
861
630
304
24
469
624
978
978
751
82
360
447
340
11
975
368
630
945
466
573
79
627
202
908
537
637
603
966
124
441
684
338
424
988
714
893
964
44
871
716
126
583
163
466
946
490
186
576
788
653
150
219
632
704
127
169
693
82
135
169
875
172
859
299
512
573
544
477
617
415
193
95
350
708
561
297
551
100
225
339
105
727
910
737
431
389
906
476
471
393
646
698
565
505
350
78
431
894
555
400
662
100
496
12
160
409
661
711
861
887
402
966
614
664
703
398
53
961
226
524
355
872
575
272
730
925
350
513
171
257
913
833
709
761
198
222
523
211
285
384
450
40
703
417
704
406
815
758
720
41
634
427
266
209
699
348
134
402
861
306
11
126
491
721
240
41
295
115
253
580
499
703
620
202
120
325
961
287
83
33
681
717
460
299
927
159
647
413
913
860
71
925
338
915
998
578
956
293
693
561
873
545
265
494
99
737
819
412
377
254
445
58
971
257
709
250
769
708
16
682
568
87
607
258
2
605
189
311
250
234
872
124
779
489
970
231
227
141
643
604
395
441
14
718
50
75
321
819
783
689
502
703
776
109
961
131
67
150
794
669
385
666
793
516
156
115
747
735
256
743
691
3
536
57
74
586
132
747
406
915
436
260
970
212
721
931
695
140
434
489
810
171
508
603
687
664
71
787
399
327
882
442
683
418
499
757
356
631
504
114
898
292
374
868
856
96
151
552
236
937
393
46
108
901
2
148
917
73
935
668
752
169
110
435
587
609
544
295
592
400
410
490
692
136
710
549
232
214
453
821
151
198
219
260
100
573
760
369
998
47
390
751
216
852
538
803
462
435
450
406
187
860
249
880
349
959
781
581
173
234
754
677
784
326
289
236
899
49
606
898
96
996
1
312
200
539
467
14
326
917
421
514
130
670
394
479
981
527
412
155
113
519
184
897
845
473
134
744
522
92
642
970
440
643
282
640
535
101
655
861
370
76
375
500
98
121
331
79
0
96
586
113
615
770
11
460
243
497
204
117
589
199
439
29
194
73
669
729
174
324
943
545
752
670
397
850
792
81
282
792
177
868
258
792
991
621
252
586
118
808
704
707
7
495
88
202
569
757
283
743
434
578
640
186
249
38
389
393
471
671
537
648
891
795
440
882
768
692
469
886
500
525
945
860
20
33
414
589
791
49
333
577
628
325
115
877
715
504
622
186
527
511
834
419
307
274
301
427
318
770
314
171
295
259
31
316
293
797
257
436
846
942
13
474
268
128
703
983
985
677
170
512
189
356
931
848
983
585
275
301
355
589
824
3
201
207
671
494
4
928
282
851
871
295
325
139
775
381
474
760
58
644
625
247
353
556
95
336
141
371
989
849
312
814
852
513
21
875
359
26
803
641
877
26
936
554
165
64
935
640
824
994
636
801
593
341
358
689
677
851
412
667
52
724
481
904
590
502
131
949
880
935
591
757
961
879
312
479
943
599
471
120
945
459
921
539
801
631
228
830
483
992
497
535
68
330
792
658
185
275
608
65
210
551
175
524
430
839
355
726
438
826
846
384
637
119
923
790
751
503
621
586
495
118
473
563
801
617
574
986
893
182
403
455
733
578
331
515
417
686
241
856
864
439
592
502
559
515
292
662
370
913
600
865
384
425
780
185
43
354
523
288
888
926
743
621
505
427
489
274
113
730
482
978
170
74
480
81
941
124
743
311
390
695
528
774
120
309
311
515
15
186
803
904
112
899
877
969
326
366
596
791
97
78
769
619
153
601
700
446
78
795
758
468
490
286
594
962
947
905
478
963
91
633
867
555
884
744
877
562
111
473
706
560
903
475
179
408
429
231
855
507
26
613
327
868
251
921
830
199
178
660
162
621
646
381
528
530
125
405
445
588
230
151
148
486
978
679
894
407
910
749
266
936
714
945
804
966
866
987
517
44
647
679
665
645
412
194
176
889
951
973
478
534
124
978
20
454
658
266
214
568
16
480
857
82
778
13
48
644
352
917
41
352
948
58
997
360
604
173
250
908
498
728
442
622
58
814
77
716
80
291
637
448
123
846
531
901
859
931
898
212
849
291
564
797
349
561
158
306
87
408
214
585
488
656
560
898
822
989
615
902
632
604
351
107
450
882
9
661
165
259
225
14
550
141
812
251
703
322
557
142
82
771
79
922
779
991
820
601
980
787
856
612
391
207
720
193
441
81
855
606
692
432
973
594
574
137
845
629
459
403
771
893
526
202
815
306
194
635
907
526
775
763
139
166
322
211
712
115
644
919
722
688
351
47
282
925
184
127
554
643
882
677
536
409
880
703
715
74
690
974
600
465
90
91
632
764
654
696
880
650
615
954
338
966
1
620
892
185
100
798
180
982
476
68
391
356
771
458
782
461
785
734
279
875
178
911
639
184
607
871
835
574
825
173
540
826
146
784
363
598
583
543
580
411
963
324
767
734
134
901
548
919
987
827
146
165
90
138
350
49
9
537
623
835
62
515
13
208
300
377
806
883
272
739
294
236
415
413
322
549
666
222
469
653
401
967
171
491
105
873
892
467
410
515
302
472
383
667
33
683
396
191
918
21
930
564
257
697
329
931
247
995
154
68
0
555
35
523
399
493
396
291
960
158
159
614
631
542
633
16
577
30
207
495
51
490
59
660
187
740
591
786
735
97
854
87
5
242
963
756
87
711
47
47
870
558
13
853
452
646
869
29
676
76
524
79
918
935
739
106
675
683
244
762
132
99
202
489
693
165
245
132
876
293
179
746
203
544
951
656
190
820
685
219
897
562
650
167
497
390
273
525
425
518
639
909
969
841
399
14
358
644
146
587
289
677
685
493
221
637
149
763
457
186
982
706
748
985
874
598
375
499
475
152
369
114
61
690
308
460
704
666
105
202
253
746
231
939
239
452
576
740
568
385
927
902
92
27
887
966
625
614
817
100
766
187
567
180
877
875
992
934
541
97
136
147
844
368
86
435
172
14
176
92
399
455
995
491
482
882
809
460
497
627
912
615
814
479
795
43
354
788
977
248
237
466
395
433
186
833
221
710
847
397
803
598
204
798
442
686
32
251
146
881
230
59
497
396
890
644
440
245
784
769
845
374
587
240
159
773
73
380
836
272
129
639
870
685
789
312
372
821
916
870
703
146
281
552
543
172
548
335
769
333
456
614
59
44
206
218
169
279
951
5
551
432
644
773
118
433
86
842
607
354
712
662
500
994
214
395
518
762
82
639
447
539
253
506
583
459
725
752
90
28
110
993
460
754
766
930
540
204
772
147
558
485
809
411
831
375
158
701
137
241
340
585
780
945
91
715
404
168
819
846
548
929
839
9
36
957
939
576
514
712
75
424
549
884
835
732
259
994
433
748
587
773
685
719
718
129
434
474
297
605
672
198
887
863
207
923
172
498
851
686
562
926
463
111
162
298
195
421
644
628
521
231
753
207
302
823
336
736
297
985
694
321
183
933
184
390
856
357
241
59
43
803
985
506
267
147
157
462
920
153
443
441
737
196
648
39
20
984
128
669
970
174
991
153
107
175
896
315
532
137
374
928
292
711
786
911
858
295
726
130
801
169
571
890
365
220
929
737
556
409
407
878
583
398
32
42
925
280
357
810
769
83
738
61
794
876
325
4
524
51
134
325
572
706
215
937
278
496
675
834
906
434
713
841
832
97
884
109
377
593
919
146
677
657
559
471
886
884
476
410
287
610
735
859
668
302
149
946
798
176
133
56
610
846
898
794
295
134
903
672
727
823
170
756
832
81
228
718
318
56
480
605
18
215
817
687
869
966
985
668
142
118
76
104
316
974
898
611
460
801
635
188
624
157
944
457
239
524
527
557
932
8
514
951
575
331
990
445
297
975
465
791
94
541
895
762
868
145
374
328
947
361
868
923
519
165
732
758
689
260
667
974
620
181
925
195
513
915
992
162
890
809
306
336
703
553
99
571
699
825
251
998
538
120
921
409
637
6
519
678
618
186
652
238
368
577
785
233
844
778
747
87
939
405
423
642
959
874
213
10
51
817
8
942
289
281
351
926
287
871
604
905
57
257
143
777
186
281
362
31
59
462
118
998
867
541
641
826
768
206
836
171
23
196
113
312
478
465
590
765
336
195
23
745
804
518
875
990
799
589
21
210
51
139
209
919
33
202
97
153
760
934
324
136
482
790
800
960
255
391
78
943
938
101
40
742
971
915
84
771
857
106
981
908
597
542
179
982
96
277
487
209
563
812
345
45
954
145
358
209
888
436
504
826
889
544
920
212
812
5
983
669
463
317
929
412
211
109
395
660
738
882
869
301
46
214
698
0
711
408
561
952
844
65
130
85
962
51
298
774
408
633
795
223
302
724
635
866
185
382
526
923
617
395
576
15
961
627
368
24
35
929
976
232
347
107
317
309
510
967
435
918
953
230
141
607
306
776
473
844
511
351
767
128
746
696
143
59
323
511
84
358
441
60
590
140
519
260
801
29
579
236
299
532
818
440
492
476
569
965
320
432
317
440
560
415
136
703
827
811
215
911
169
8
323
112
500
843
724
301
224
303
889
524
188
59
316
680
535
237
997
208
669
314
648
229
82
136
285
909
299
852
172
468
860
847
932
712
690
656
13
267
960
902
143
500
313
459
180
848
49
177
408
70
844
408
652
278
896
937
187
195
789
711
664
1
558
948
713
601
957
78
868
917
332
363
417
645
822
949
845
223
126
254
294
322
662
946
600
559
883
139
754
24
850
770
377
761
71
90
714
28
520
582
297
852
297
714
497
119
15
342
695
493
596
989
816
611
287
768
522
522
908
276
546
110
399
923
223
470
365
937
498
885
871
795
89
168
861
586
640
228
280
335
721
229
676
537
840
963
306
362
485
566
990
31
676
741
306
900
563
23
837
413
260
61
208
349
229
421
287
869
649
919
204
723
148
880
612
340
843
918
702
680
836
45
63
865
138
369
117
702
744
306
115
356
367
676
57
597
97
696
466
99
616
671
174
764
903
786
105
99
57
159
779
893
556
843
758
695
564
227
397
309
534
512
17
901
188
75
498
638
771
317
89
387
340
263
504
243
401
609
342
458
120
122
704
677
317
814
372
881
42
121
542
576
633
560
829
174
987
328
164
758
997
605
498
337
220
2
580
621
963
275
432
83
749
136
112
66
950
836
299
344
957
842
920
943
754
750
469
93
430
633
203
779
590
701
116
810
55
48
783
370
323
215
806
72
351
918
490
654
755
790
998
712
984
271
655
90
373
476
183
803
109
386
582
51
440
50
861
847
98
645
218
422
212
24
846
564
294
689
570
49
479
568
114
815
839
121
257
212
598
792
367
59
530
301
111
970
351
972
818
802
969
388
224
182
764
422
98
58
111
20
108
942
588
574
757
780
695
366
344
645
158
64
705
689
717
816
659
69
140
829
223
462
569
447
996
333
221
94
392
333
114
852
275
54
426
385
186
473
751
531
119
262
947
824
951
664
992
962
85
484
144
308
946
713
107
942
47
329
388
439
662
854
291
289
261
69
26
447
542
130
330
661
392
277
837
695
942
181
657
27
666
801
688
612
867
795
907
914
124
647
705
138
854
348
780
115
417
806
562
311
288
245
973
32
522
162
727
816
344
737
196
362
538
884
326
757
679
233
671
156
233
728
294
87
76
74
202
845
233
116
157
521
713
482
554
236
996
281
404
340
18
952
702
909
188
29
666
220
614
690
376
199
418
22
286
847
97
840
692
330
309
201
203
22
683
757
610
680
391
15
372
761
319
427
22
508
808
41
728
774
731
456
974
501
478
260
700
927
453
745
609
762
946
813
784
982
922
395
662
665
762
386
427
433
813
801
941
621
842
21
396
925
477
370
427
308
982
479
235
787
224
845
549
171
658
686
153
932
433
167
598
547
553
377
980
719
178
274
692
21
295
88
946
125
810
725
433
145
205
20
932
429
865
834
952
875
872
105
160
305
624
758
852
530
487
832
249
665
106
941
38
754
382
337
231
544
62
664
41
619
36
326
49
254
160
1
129
32
459
641
689
435
399
541
965
238
725
214
256
184
508
294
938
242
631
169
786
46
185
828
665
221
154
714
475
666
68
957
698
879
598
739
666
350
280
632
588
357
198
844
541
58
491
479
300
474
0
87
520
537
267
186
759
421
252
586
439
672
895
137
903
494
228
570
196
508
202
136
865
752
333
759
811
176
590
111
650
591
550
171
128
817
357
239
590
961
178
29
634
73
518
889
919
746
459
115
606
13
604
824
766
937
583
577
113
173
40
763
116
943
286
597
760
995
188
703
957
366
732
943
440
603
184
359
349
644
827
956
657
431
132
775
720
715
704
185
240
745
300
709
688
939
306
800
934
494
503
243
213
588
538
653
191
723
364
892
367
191
848
376
974
332
152
46
399
856
583
992
953
884
701
993
823
359
146
109
205
649
353
418
589
891
71
780
614
788
673
333
979
873
710
306
558
214
704
957
422
288
949
728
172
650
721
347
361
867
456
567
869
161
985
810
53
409
591
19
197
616
705
528
841
415
186
399
981
891
709
403
179
658
131
703
661
205
402
22
424
210
589
645
372
575
456
777
336
399
796
533
15
853
61
208
268
600
960
601
491
669
357
670
327
488
725
988
45
127
363
470
337
952
115
709
879
571
838
215
970
987
100
337
840
514
898
461
114
858
62
605
879
419
627
206
260
352
547
305
831
910
775
168
214
243
230
94
814
420
661
137
407
114
826
248
628
76
709
742
934
123
699
813
543
326
372
803
30
271
460
861
533
588
381
747
831
963
193
997
384
207
486
791
321
313
391
949
389
100
43
676
576
742
841
119
420
565
274
802
836
86
15
369
674
748
469
505
712
662
503
96
869
989
239
542
654
631
491
396
83
886
72
659
980
265
130
752
831
756
554
667
843
569
389
517
318
858
23
382
872
878
830
94
219
69
636
226
52
480
622
488
366
46
499
347
311
630
99
142
386
6
162
229
575
551
747
245
761
122
979
633
352
809
79
923
231
716
149
635
196
771
123
914
817
623
261
481
605
713
975
991
719
137
573
646
40
672
244
153
146
223
139
498
385
218
421
616
286
923
603
834
694
79
749
864
702
362
345
659
75
672
2
794
162
575
441
202
247
685
356
745
260
847
595
645
65
17
613
352
940
217
186
986
648
935
202
702
298
899
361
725
572
363
520
734
939
313
288
538
350
996
636
610
843
231
608
909
600
573
613
540
142
151
879
790
87
81
492
737
981
853
814
905
217
334
639
508
999
927
398
349
924
34
312
767
266
272
28
866
845
641
759
340
793
990
130
232
71
623
321
404
828
487
309
397
822
300
905
173
228
656
875
504
690
539
623
308
811
652
175
8
645
286
348
790
276
831
374
699
806
47
104
634
535
765
384
709
66
641
882
646
297
109
150
340
648
773
648
459
777
175
820
775
813
520
917
89
351
644
789
509
691
245
144
578
362
528
639
428
169
874
74
819
983
576
159
632
702
159
443
479
335
263
606
148
136
524
590
839
168
731
349
211
976
845
142
690
373
781
119
894
655
545
65
991
122
224
623
824
384
418
655
71
34
262
571
170
138
161
9
658
892
710
221
220
555
363
911
280
497
382
527
504
927
592
495
401
817
470
225
553
889
881
624
923
495
195
445
985
709
806
643
953
517
216
174
72
580
437
705
429
819
232
285
98
824
781
500
993
603
77
546
844
310
522
119
805
70
564
790
779
723
785
732
240
2
258
664
934
695
721
363
866
953
648
317
778
781
817
771
737
894
670
581
205
192
701
362
262
617
505
41
340
642
126
932
644
384
949
930
432
670
645
650
624
646
967
754
427
136
877
516
383
547
98
940
740
151
302
2
120
159
396
813
802
522
97
798
258
398
729
690
69
374
341
45
20
308
151
800
797
28
316
180
576
766
120
316
269
774
670
742
934
66
555
88
940
4
886
199
403
615
889
472
342
582
869
362
243
20
514
40
48
183
220
976
949
692
644
571
466
315
313
400
733
220
488
674
224
727
225
627
342
114
451
36
49
672
751
292
692
265
684
93
448
256
69
750
948
66
673
414
381
986
815
114
558
655
140
782
382
365
762
77
832
213
113
881
886
216
525
930
482
209
375
282
465
797
384
413
863
57
179
244
395
994
710
953
2
203
88
384
568
850
461
752
415
927
633
653
143
510
584
977
71
959
612
888
756
996
653
971
406
833
215
153
179
278
107
181
481
195
918
401
397
731
154
812
658
139
466
154
650
402
483
73
713
95
962
822
444
615
793
202
800
9
355
980
639
814
161
120
361
79
873
758
811
27
923
821
519
389
327
169
143
811
594
856
906
556
678
702
524
472
904
324
833
260
304
472
74
818
944
436
249
817
194
412
197
117
234
716
858
561
237
1
724
831
210
631
740
888
333
264
360
590
940
545
850
245
17
924
415
313
712
664
483
259
77
680
728
663
748
587
224
985
940
949
168
150
932
908
391
617
524
751
207
465
649
409
710
666
686
477
332
398
141
815
657
570
847
386
233
595
325
810
932
617
111
100
120
43
361
511
12
885
262
572
350
911
981
412
930
667
889
614
66
383
429
75
953
628
813
187
223
490
997
155
108
108
607
228
503
968
739
867
854
353
439
556
617
421
321
899
440
562
513
858
945
294
934
899
922
747
438
497
590
787
4
698
895
611
278
750
932
17
617
138
722
57
694
339
830
367
590
270
930
455
129
875
749
415
126
23
514
564
872
104
351
228
802
598
192
80
700
124
449
318
262
524
727
308
215
557
676
806
827
958
261
308
833
363
723
960
738
238
876
963
342
580
191
497
530
383
929
231
859
731
549
121
255
276
782
470
185
810
628
12
768
242
673
953
957
396
265
47
634
142
10
329
74
554
826
604
937
755
187
797
838
88
270
93
716
404
916
901
566
544
266
686
786
939
640
95
335
905
143
322
399
153
651
825
707
829
782
997
936
969
146
775
58
768
220
774
525
136
676
91
681
294
778
819
233
418
915
568
675
58
242
75
563
245
900
623
74
34
620
363
4
118
138
414
886
358
540
411
847
568
855
528
862
633
699
95
403
614
16
78
24
258
505
940
504
758
563
930
792
183
293
148
653
783
562
891
494
103
303
341
23
510
221
886
143
272
981
898
239
997
328
263
608
834
203
464
944
118
746
88
653
392
237
306
175
151
198
21
606
853
714
630
363
287
516
858
560
849
756
799
847
84
414
807
270
970
271
566
88
17
655
742
761
244
48
289
395
598
310
354
451
377
984
814
664
852
672
576
701
780
727
900
217
494
707
487
464
330
54
904
700
61
646
461
305
47
750
52
645
413
406
449
790
390
615
806
594
288
383
296
420
462
548
637
956
608
477
420
938
883
677
990
944
323
452
601
722
554
653
720
967
60
169
757
802
784
916
397
424
299
45
845
113
593
834
70
553
311
842
492
546
519
482
490
195
286
443
917
841
97
637
808
157
158
918
311
295
834
708
71
485
105
268
598
51
103
668
604
766
511
448
313
30
283
155
225
569
599
495
410
696
484
571
205
995
489
516
290
675
577
361
160
34
982
110
85
85
779
42
203
642
490
516
24
773
24
602
695
975
449
457
671
933
28
228
928
869
96
570
896
25
284
56
60
266
519
497
703
298
539
906
292
30
775
668
155
799
270
202
774
719
660
797
5
40
377
933
262
825
856
158
851
492
567
911
758
86
408
813
736
300
719
380
682
846
48
189
997
319
392
123
390
52
920
395
444
649
681
706
475
889
217
326
381
136
589
491
574
349
304
662
649
375
42
683
222
90
873
571
761
265
695
504
669
967
899
113
617
932
172
444
821
741
122
202
877
711
45
451
412
349
465
414
77
507
97
651
597
970
222
711
587
917
215
256
885
466
722
854
399
894
298
572
987
420
127
864
483
172
667
247
874
132
13
951
991
111
602
940
433
824
651
373
742
218
981
979
685
703
833
436
949
483
8
936
255
135
152
90
660
819
337
534
303
351
485
294
814
439
235
599
263
238
972
357
457
954
336
142
9
521
578
959
4
938
895
611
426
48
701
86
219
39
620
523
742
457
169
908
896
404
507
511
643
832
869
452
138
557
594
499
431
524
458
787
462
706
399
888
106
100
326
325
491
946
200
233
755
722
493
3
478
353
515
121
537
736
573
675
645
519
174
76
43
985
864
858
691
615
98
149
715
425
826
207
723
379
792
479
101
638
482
579
991
349
53
528
437
978
555
83
498
81
511
893
418
727
103
461
342
202
610
410
979
437
969
702
816
113
533
917
751
16
848
742
717
901
622
155
880
529
590
730
611
101
975
381
829
79
843
523
633
453
933
612
890
902
666
58
16
200
327
119
568
176
214
285
77
836
792
309
718
382
39
681
836
15
62
17
446
905
540
79
359
826
43
601
80
709
660
96
261
339
216
829
515
430
467
945
618
259
254
336
994
646
17
830
661
432
847
459
337
739
538
48
565
933
650
998
642
662
446
904
1
662
733
869
444
552
814
415
812
420
103
158
66
473
988
727
905
187
538
594
278
76
643
196
9
645
194
4
307
640
908
660
655
993
881
451
898
695
218
62
468
322
220
534
147
560
614
52
99
152
646
377
229
641
573
590
286
119
594
945
760
854
958
415
200
839
218
98
887
437
512
355
759
732
889
258
292
503
310
743
8
308
120
589
950
46
179
588
165
126
534
277
332
492
44
884
331
263
334
570
700
846
925
811
578
167
69
222
22
731
965
30
391
438
619
341
484
799
930
1
277
816
279
609
308
323
846
991
586
180
562
638
27
839
801
957
6
870
532
29
953
849
59
345
287
679
38
123
830
320
125
459
136
404
420
444
79
266
788
18
447
702
656
826
541
458
135
548
680
667
577
986
517
988
331
804
19
369
280
849
690
405
308
826
161
729
623
240
347
763
610
794
465
619
972
6
429
108
906
109
127
835
95
644
824
778
801
843
148
81
45
190
838
705
368
351
786
343
591
134
106
554
280
571
173
253
930
602
713
836
711
840
672
159
837
848
937
990
691
437
423
88
627
613
146
348
964
932
691
907
66
798
461
699
721
634
952
651
236
17
488
300
209
512
811
398
360
100
740
403
538
163
844
517
128
990
865
92
922
557
0
341
707
813
40
428
448
992
432
36
361
272
336
570
784
499
321
496
600
61
899
490
577
743
359
705
733
577
798
8
486
150
349
193
963
389
973
763
733
405
800
446
677
488
368
813
988
689
309
940
751
561
782
328
656
141
385
742
70
183
750
556
685
451
101
649
840
75
764
925
832
564
371
862
53
739
675
393
781
337
685
532
898
467
212
554
960
949
296
31
133
398
939
170
849
41
171
41
468
936
966
300
500
689
162
905
781
190
650
562
527
335
446
425
154
658
331
115
607
628
498
92
378
789
615
228
830
786
621
650
722
588
951
575
629
465
832
410
655
835
972
182
170
418
959
677
428
291
144
388
271
994
480
649
783
447
229
614
234
851
616
308
791
919
235
772
385
68
183
392
903
155
575
425
926
886
454
354
177
598
742
800
592
575
802
376
22
31
342
256
234
310
917
377
230
152
150
615
572
685
7
475
840
934
253
118
821
707
473
350
658
567
151
602
142
953
330
517
336
672
773
923
983
42
652
213
195
802
180
767
487
539
595
680
474
200
798
647
259
623
997
917
191
500
520
685
805
850
202
142
875
328
65
210
370
69
775
565
872
955
685
711
494
280
743
320
480
894
967
739
869
317
9
60
817
881
98
623
83
300
117
958
980
534
520
351
603
295
268
827
602
305
891
97
585
634
769
417
880
737
509
750
406
870
162
223
751
260
198
834
913
667
145
893
201
665
596
157
313
217
984
915
522
875
12
460
510
134
229
742
871
738
492
277
960
655
852
63
267
403
898
180
70
395
426
624
412
22
781
725
239
765
641
762
993
5
222
855
139
451
597
10
542
90
639
854
97
844
918
364
599
816
545
21
563
971
997
975
345
778
701
585
896
342
699
241
347
273
96
487
76
693
849
618
135
841
825
232
37
743
597
636
911
494
9
474
817
7
449
514
137
502
99
33
196
150
274
544
423
722
383
852
416
584
822
903
777
647
136
814
390
85
802
301
931
812
775
100
171
577
614
308
431
66
694
628
216
968
524
992
43
907
844
459
843
18
714
621
666
850
435
56
287
590
358
570
402
485
670
925
414
285
233
846
351
927
474
919
248
998
263
291
257
459
102
100
478
816
73
144
19
509
552
658
99
262
229
853
748
899
130
514
536
363
360
239
643
186
159
243
184
422
534
793
234
988
894
712
156
967
856
175
828
408
186
279
23
415
484
771
666
614
285
555
330
998
794
973
184
953
216
721
728
102
514
962
442
760
26
598
80
882
774
908
642
960
540
665
727
24
788
745
991
426
300
321
776
95
646
960
400
214
33
480
668
548
794
110
660
820
60
740
54
834
1
49
146
541
66
225
917
855
971
908
633
623
581
409
718
579
721
471
145
755
951
813
655
746
275
315
566
336
56
621
522
409
670
21
950
736
598
867
943
569
128
928
193
61
337
263
993
411
734
138
518
686
304
173
784
931
840
350
267
248
323
142
657
345
163
607
434
113
827
729
683
307
658
228
720
347
491
713
758
578
852
628
616
508
153
400
439
994
750
707
242
426
201
252
123
716
211
557
829
390
287
864
697
297
92
418
644
936
483
755
514
335
383
482
843
537
882
635
531
984
694
125
410
895
729
534
611
941
443
440
331
82
657
381
379
749
151
376
37
634
131
903
322
514
385
517
403
267
152
286
252
846
412
14
741
493
900
704
434
696
497
118
778
154
851
510
255
2
886
293
988
17
548
310
883
934
180
287
201
332
573
805
531
337
172
624
831
72
329
617
768
178
87
899
332
290
409
939
292
295
232
633
664
781
295
899
67
475
186
620
160
112
426
691
801
950
315
984
22
996
602
143
174
41
394
858
332
803
798
976
450
382
609
466
515
257
365
582
732
904
203
892
16
981
935
817
931
603
802
305
599
756
800
126
149
194
336
481
349
134
810
799
869
771
617
384
28
983
319
761
887
874
5
255
207
941
72
490
896
226
147
495
982
948
973
484
142
310
965
492
796
127
643
665
899
613
402
927
596
721
40
835
947
398
442
154
339
514
996
235
93
143
82
427
91
56
911
586
366
229
430
514
356
425
180
255
38
582
535
634
655
575
821
954
973
263
108
664
130
104
251
575
247
686
2
691
742
914
277
460
143
707
974
851
132
506
107
171
440
642
157
447
569
331
401
543
946
861
559
76
317
811
651
917
497
6
608
591
272
237
403
415
296
729
266
428
236
725
951
676
719
461
476
289
144
877
832
90
739
743
519
408
554
522
325
403
528
285
994
800
522
397
567
818
127
186
599
715
911
550
743
631
363
219
272
507
97
456
598
188
199
469
596
754
991
922
157
520
559
504
320
82
253
240
900
732
426
499
447
689
402
543
320
117
762
592
977
211
48
927
399
600
396
348
354
387
622
863
907
181
367
580
263
973
820
516
705
598
15
505
287
769
48
960
239
810
904
216
22
305
143
773
905
539
121
611
278
743
474
538
925
194
118
540
167
290
56
224
240
424
729
527
545
129
487
784
292
744
0
314
49
495
439
954
386
561
917
665
656
391
203
933
937
673
474
456
963
530
681
203
306
762
82
852
244
922
636
536
666
989
202
67
484
641
373
871
554
290
888
211
681
91
144
619
764
618
75
79
501
108
634
807
223
716
659
467
638
648
3
656
637
205
723
473
846
96
696
401
386
584
964
420
27
108
391
791
79
818
870
932
927
856
739
150
573
751
969
563
399
972
572
388
177
295
213
375
744
910
128
482
846
92
902
874
201
645
17
632
464
240
564
743
96
303
245
21
406
214
937
157
186
509
545
715
156
111
442
900
373
571
735
219
663
989
445
216
635
815
848
99
55
412
842
503
68
439
877
826
653
814
984
191
675
881
906
831
992
348
84
365
271
819
937
935
160
382
503
795
549
352
246
956
116
440
812
536
879
689
363
532
503
347
723
530
228
981
361
221
682
797
938
953
968
875
240
129
610
744
924
159
448
523
468
916
963
280
453
843
969
816
727
824
515
451
354
95
784
67
668
466
865
607
772
833
834
12
314
444
108
591
956
556
114
776
473
77
56
926
272
377
94
0
201
961
803
907
56
587
326
77
406
543
36
178
729
870
542
43
667
651
634
623
207
748
399
32
178
807
310
450
184
756
802
737
717
605
996
126
545
322
203
303
218
239
481
947
461
23
990
128
26
977
103
234
77
854
618
255
661
929
58
197
685
860
934
755
818
282
881
363
957
436
666
175
27
499
122
488
874
464
969
901
793
72
487
871
927
105
126
940
386
536
138
424
397
424
179
567
707
412
282
664
200
300
191
227
799
665
67
25
129
36
926
923
109
765
146
388
871
624
328
609
161
466
33
910
243
564
477
950
976
759
966
176
59
157
755
210
822
823
235
303
211
514
578
672
279
724
60
502
349
389
112
862
207
497
772
450
62
249
752
390
360
70
567
419
579
674
629
753
849
216
57
61
730
987
733
10
64
146
512
413
535
976
275
94
474
399
897
536
648
1
926
8
72
845
779
651
872
760
405
721
976
814
134
707
801
868
69
217
14
581
630
901
910
257
347
384
656
244
272
656
246
198
16
670
396
795
321
268
555
78
989
884
244
124
943
398
344
12
615
710
945
598
963
855
855
310
239
864
907
511
872
505
62
889
175
810
36
848
78
592
279
419
828
523
895
771
921
591
783
537
301
80
135
616
936
342
927
527
558
834
39
431
691
453
320
866
263
356
66
693
300
345
464
480
869
712
251
142
303
386
679
957
467
166
573
403
509
500
282
419
686
673
850
377
126
522
595
741
231
14
786
883
359
251
364
580
963
615
723
618
354
754
575
821
273
149
576
134
1
858
553
40
532
404
769
10
278
365
104
509
379
890
393
90
141
757
23
456
724
98
75
78
204
2
251
477
503
827
611
857
38
517
897
922
273
18
932
551
383
36
61
114
927
454
557
420
563
580
229
639
30
656
70
234
658
321
712
514
501
675
371
539
544
620
461
817
638
745
369
374
782
430
840
61
236
397
833
151
329
62
790
359
70
860
946
81
534
10
595
35
685
318
926
582
938
739
399
576
484
768
302
618
550
143
31
786
892
865
289
574
279
432
933
350
644
231
431
178
241
378
565
279
696
491
861
634
582
260
562
67
29
217
37
579
360
69
718
604
934
359
178
565
791
464
915
436
695
698
966
937
76
884
216
124
375
77
110
310
337
25
377
718
242
766
298
602
835
368
558
121
79
737
687
871
201
954
659
896
5
977
833
433
861
49
558
589
126
20
899
816
45
628
534
287
394
184
241
582
904
800
703
984
537
742
855
90
49
866
986
406
843
820
839
57
221
749
998
700
770
897
868
167
877
402
455
271
587
48
205
843
200
261
827
89
3
34
179
404
900
166
810
96
338
2
505
911
103
503
611
225
752
479
393
629
234
200
252
173
248
458
16
801
719
844
890
74
230
70
831
483
588
993
931
926
995
436
837
451
939
801
676
43
632
69
672
866
269
924
391
870
734
408
671
805
604
913
880
186
983
63
669
571
56
600
849
404
36
39
855
327
840
531
370
824
953
394
691
222
671
434
444
405
194
467
563
150
381
795
337
716
858
6
640
914
607
841
318
995
880
173
675
720
57
397
545
10
792
588
584
815
374
381
220
569
848
135
719
581
930
56
650
788
415
642
703
374
483
373
369
364
899
396
436
956
794
333
966
938
273
902
753
648
283
325
217
484
461
288
417
391
697
67
180
112
61
235
486
545
960
207
261
859
956
697
815
750
383
133
40
656
388
145
304
671
470
873
155
931
514
925
675
211
344
207
323
406
442
161
951
754
368
212
614
324
261
781
426
644
267
818
653
655
963
309
326
434
183
834
717
49
111
744
260
455
951
935
861
745
96
164
500
816
728
114
141
990
247
919
986
514
738
639
169
701
949
848
487
484
34
557
533
145
301
145
600
253
80
462
350
176
978
850
992
707
316
485
49
564
757
35
430
847
675
600
900
976
800
388
460
834
945
345
331
246
490
931
851
570
745
202
98
76
404
442
783
721
280
832
637
37
867
67
884
894
19
784
222
819
524
34
5
821
379
336
420
221
620
271
143
717
825
241
793
230
36
928
303
316
760
940
353
980
7
589
226
379
373
449
198
250
483
556
71
215
244
491
436
216
115
932
286
940
173
431
522
561
360
825
877
472
765
582
452
125
171
31
856
897
480
54
147
315
962
570
530
207
62
319
775
177
251
61
117
776
493
992
338
205
817
567
677
935
150
482
60
321
513
916
570
345
322
69
12
637
640
895
844
702
214
971
231
817
33
700
593
878
692
283
83
510
851
760
445
1
594
857
674
459
125
245
156
799
666
169
436
306
64
632
8
278
604
591
95
989
292
40
867
984
324
950
494
175
62
291
528
657
500
554
468
625
151
625
425
818
794
213
124
858
198
485
488
802
76
935
791
368
975
10
353
651
960
199
178
22
843
706
31
343
261
500
969
412
125
746
582
919
311
707
129
509
192
617
663
268
904
806
989
879
816
694
883
776
893
61
151
736
768
534
80
381
34
401
145
159
499
728
430
810
787
911
320
331
880
335
951
784
142
940
16
310
634
899
87
880
960
590
968
80
124
400
813
511
801
311
670
652
391
453
463
178
364
135
509
597
470
460
381
964
753
397
275
387
648
714
619
961
656
588
393
780
988
207
643
142
870
314
794
261
119
609
791
835
744
652
432
567
464
814
883
217
563
510
957
564
224
576
525
232
516
918
365
505
477
8
999
347
674
145
960
793
755
751
981
851
755
413
770
220
579
6
789
495
516
746
59
93
675
936
325
191
854
690
48
684
51
399
31
725
545
992
871
300
95
852
503
851
617
274
423
549
280
212
396
796
311
807
241
986
743
567
529
949
609
930
633
660
329
665
386
874
9
609
526
456
461
30
659
430
656
82
979
936
295
375
84
606
182
326
944
277
245
473
227
206
403
212
867
733
229
605
959
238
214
486
47
27
516
706
457
524
789
789
460
436
516
896
394
51
574
338
328
171
811
907
378
567
120
597
652
349
202
611
940
768
449
987
147
317
693
604
841
834
393
653
622
262
550
16
313
476
354
641
648
518
549
378
437
21
975
89
370
529
52
310
649
502
297
796
819
343
400
661
529
146
314
152
408
216
520
73
693
227
714
693
745
615
71
534
636
46
975
359
927
27
669
576
529
319
372
701
14
124
362
895
622
28
47
30
245
920
103
290
147
170
983
244
137
54
778
126
452
753
485
379
132
506
955
14
825
679
715
191
803
429
87
426
457
486
808
54
406
264
344
553
786
679
149
923
85
279
49
537
32
886
268
517
393
575
531
218
254
598
762
410
27
849
836
836
335
996
243
742
260
939
647
46
619
149
322
704
428
371
594
813
258
862
330
651
438
213
221
44
811
983
454
838
184
642
674
520
991
269
614
603
209
613
650
828
762
324
884
191
47
478
356
305
693
686
308
483
899
882
527
710
217
334
900
402
328
926
274
319
196
240
923
405
853
925
585
968
249
469
511
296
300
867
954
993
905
614
828
156
848
355
866
418
41
118
172
370
44
446
41
592
686
316
997
891
241
582
211
842
404
722
491
704
941
797
49
846
763
877
354
612
584
572
30
626
690
202
348
735
0
389
327
38
706
677
281
299
611
493
494
15
567
985
71
509
134
472
707
897
701
62
509
286
634
891
264
677
445
612
764
797
353
91
187
411
120
469
63
732
962
557
99
881
894
523
390
28
347
450
925
49
864
787
335
498
30
599
175
828
563
939
625
268
383
813
32
855
282
95
939
596
652
391
477
546
266
220
574
613
670
851
662
886
638
997
736
669
948
264
497
863
203
474
132
938
287
164
146
921
611
85
869
263
828
699
161
94
919
87
708
941
938
722
827
929
720
563
950
20
827
799
884
383
273
368
673
913
884
171
186
495
609
56
110
437
755
271
884
26
710
592
319
0
666
146
281
386
61
231
759
241
30
995
976
656
363
1
569
599
173
755
94
782
163
204
571
270
827
455
296
537
399
615
889
66
113
171
804
527
754
915
120
785
910
96
441
625
449
362
224
622
117
318
756
633
874
680
903
701
487
552
590
887
167
832
305
633
3
461
160
757
377
280
894
639
728
687
617
177
49
841
152
519
512
260
152
738
940
407
792
428
959
382
667
479
566
324
112
921
137
624
679
866
904
925
506
984
613
123
161
14
316
313
533
180
926
37
919
866
445
711
646
404
445
665
883
12
989
347
933
479
971
964
345
875
242
851
211
855
326
373
221
995
38
755
175
964
144
446
183
589
157
181
346
955
847
581
967
188
929
252
667
900
569
13
128
811
216
339
18
543
64
239
890
103
346
65
419
491
864
954
432
21
136
778
328
983
360
647
171
641
900
191
541
469
204
21
632
420
361
650
315
425
889
205
880
588
623
300
79
487
254
511
860
390
642
189
725
2
188
897
995
88
440
536
909
644
558
541
416
271
191
732
696
433
289
929
21
912
229
100
751
835
963
964
578
605
153
303
959
693
552
954
782
992
843
43
988
753
585
405
24
128
137
72
561
778
1
582
43
230
34
794
418
350
110
996
955
615
651
267
309
556
221
91
548
64
134
537
817
71
942
193
200
431
266
761
561
267
696
604
850
82
751
620
784
861
968
740
477
619
359
786
175
580
229
76
997
715
613
166
787
907
712
987
690
978
100
251
597
148
208
447
583
311
419
367
172
387
459
1
7
818
139
534
751
720
610
100
436
575
618
575
482
330
914
524
660
366
128
258
515
336
57
450
999
477
817
523
864
629
525
223
447
16
758
550
737
720
650
525
296
621
452
130
951
366
7
964
732
135
222
599
823
631
49
822
460
219
345
677
848
222
900
295
591
10
198
680
731
848
205
27
821
657
509
773
375
516
89
107
651
663
59
826
294
108
648
107
679
346
784
527
920
684
175
511
695
373
191
778
573
748
157
395
757
666
520
132
535
609
592
538
272
651
365
918
111
365
25
791
63
809
318
984
846
845
495
893
218
39
671
792
787
828
539
897
846
59
29
381
668
621
920
292
624
637
562
736
2
588
879
66
749
197
50
595
395
897
488
613
936
511
757
76
339
296
973
538
707
354
919
727
328
191
19
952
828
582
40
183
522
919
249
623
469
651
219
864
548
59
477
837
571
587
265
262
235
590
800
943
944
72
670
272
615
42
225
444
976
617
979
498
537
228
473
6
879
692
222
779
104
51
968
675
638
233
289
874
175
442
169
120
866
839
392
481
233
969
277
209
939
256
59
476
484
533
834
715
577
56
847
681
107
167
708
98
753
350
324
928
792
493
48
658
684
793
139
918
114
417
479
53
25
539
881
862
424
715
929
353
123
776
35
231
296
95
681
49
445
5
977
237
498
378
895
182
523
387
452
637
156
932
43
181
823
924
43
599
640
973
952
763
101
339
346
397
435
27
446
880
32
776
470
882
506
717
417
29
104
869
18
612
153
61
794
328
986
189
927
978
514
232
93
616
571
440
365
6
819
164
239
204
292
709
86
798
426
503
179
883
725
197
495
230
259
641
559
597
183
838
927
697
70
20
665
642
812
383
648
632
547
239
188
191
948
274
989
727
130
168
610
855
717
457
85
976
451
996
925
986
835
852
683
905
225
701
547
37
84
548
21
983
787
209
174
88
836
515
815
966
35
777
173
752
586
258
81
389
255
6
375
442
211
411
347
436
112
247
825
548
147
199
883
934
760
409
374
948
924
541
914
959
670
87
63
257
698
144
998
305
503
374
747
66
137
446
854
249
693
679
149
840
230
32
127
991
441
501
291
717
395
206
28
65
645
91
674
695
588
673
352
443
399
99
509
536
546
363
137
591
394
638
432
625
670
911
968
463
764
259
180
159
817
560
225
463
3
251
510
591
276
863
34
27
314
543
563
860
258
52
804
653
690
236
278
712
499
598
175
263
857
707
423
675
619
0
490
623
251
352
214
880
215
601
907
530
496
823
742
755
875
546
408
918
134
38
630
633
636
158
249
493
217
672
520
837
24
362
460
627
715
26
507
282
627
415
812
124
590
907
231
465
805
639
735
292
677
366
277
313
876
526
158
93
550
31
930
574
745
742
202
460
769
709
95
396
476
259
872
66
166
103
884
324
94
619
616
771
337
893
436
565
772
947
659
322
978
941
897
723
684
99
536
453
160
631
201
637
890
426
55
409
529
291
733
624
263
701
747
952
594
184
518
718
131
529
41
461
470
938
536
506
389
72
959
549
55
513
538
946
939
946
707
820
237
792
796
500
493
896
805
439
432
323
158
915
852
199
376
674
489
912
181
878
337
492
779
392
5
318
690
296
264
397
469
853
189
617
706
34
513
511
474
945
834
984
212
38
535
588
712
24
853
893
902
190
386
681
934
743
351
625
392
967
374
861
821
916
478
879
950
344
742
776
289
576
760
854
966
647
442
678
671
647
924
573
189
662
607
124
405
958
101
797
278
475
10
451
743
489
330
694
833
72
822
474
0
935
328
318
582
123
348
254
122
272
179
312
934
138
788
692
449
889
489
727
716
500
178
460
341
860
506
526
284
680
352
636
615
33
954
550
156
654
156
278
927
335
942
213
826
730
905
275
619
747
2
688
599
532
148
940
744
6
466
380
686
170
368
654
203
322
204
359
328
360
990
255
695
932
821
873
15
726
148
986
473
502
674
424
386
174
364
482
180
182
862
219
353
230
873
908
904
77
268
233
437
610
840
484
894
661
358
909
388
858
248
213
361
922
638
747
449
354
230
981
889
444
200
594
675
73
502
931
150
122
164
939
732
5
776
979
18
134
240
758
992
488
972
705
763
962
453
212
668
35
193
557
479
746
151
506
819
6
438
322
128
954
613
861
311
389
840
330
523
432
88
868
921
412
573
684
726
378
248
747
765
793
304
597
539
808
103
711
166
893
385
294
848
998
507
511
388
699
841
263
132
282
131
53
46
57
89
773
787
337
520
553
482
176
502
374
336
605
85
502
851
822
149
51
820
656
562
208
356
756
472
488
38
955
893
84
364
982
209
152
671
81
57
153
610
559
527
298
516
964
153
367
786
302
770
959
958
333
167
666
89
991
154
479
299
399
915
663
381
477
167
404
910
576
558
520
135
437
819
4
754
324
371
892
626
494
851
936
827
371
603
268
714
109
99
13
509
14
29
242
843
196
647
754
773
557
274
260
346
445
264
100
769
988
345
747
482
548
684
661
919
287
929
634
396
28
999
905
394
28
148
238
577
147
344
702
704
970
314
50
416
579
503
537
919
848
285
401
396
969
62
668
608
343
302
4
723
653
262
117
682
762
707
611
261
51
665
965
22
979
367
790
558
870
679
477
70
964
230
467
285
644
487
245
987
141
602
710
794
864
180
828
978
887
439
239
291
456
556
665
436
923
455
346
794
134
176
216
451
406
35
88
51
522
334
390
663
936
101
458
152
281
638
130
520
430
721
163
886
629
828
322
552
283
669
698
770
845
267
221
603
302
309
654
825
643
45
488
579
498
298
731
131
937
213
651
719
286
815
605
915
643
280
820
279
949
870
401
146
137
622
749
792
283
756
617
279
153
457
210
651
756
942
782
45
507
785
764
146
952
721
413
948
1
585
227
950
808
980
448
945
954
198
89
237
306
706
516
459
164
79
110
272
373
244
669
880
29
785
378
982
506
792
282
860
377
861
162
185
841
611
483
795
161
572
32
467
631
901
926
795
980
36
419
353
632
440
585
661
225
964
995
83
756
277
943
485
138
106
671
979
69
154
126
230
78
159
697
709
412
975
856
744
363
275
449
995
67
386
656
292
702
4
728
810
633
23
296
772
481
967
103
550
473
230
780
903
741
829
613
505
804
469
249
519
97
50
514
516
436
523
161
139
527
889
949
160
912
597
284
394
916
388
296
741
970
429
645
63
258
610
568
415
431
169
934
528
219
801
45
7
324
558
498
851
447
800
363
711
397
648
457
666
388
754
407
710
183
52
773
793
14
693
560
446
862
847
326
433
648
723
792
972
281
291
175
728
443
538
792
192
538
249
858
926
355
618
636
538
22
761
684
37
454
596
483
668
443
809
101
443
533
894
415
814
537
942
895
980
481
687
524
19
936
383
298
292
1
286
182
375
400
218
412
854
815
895
523
610
705
976
54
590
870
821
404
759
764
299
91
597
986
616
968
275
351
618
919
704
905
453
79
305
672
492
511
839
739
34
801
796
11
207
386
233
381
791
345
497
442
436
94
781
52
414
408
755
33
327
459
290
132
891
947
156
383
458
995
474
845
149
271
208
356
657
793
89
800
138
586
595
575
32
376
979
447
136
735
832
815
546
474
947
789
421
104
172
231
451
999
428
600
270
636
309
927
430
398
80
568
985
675
495
369
403
827
168
539
562
0
354
460
826
653
250
247
757
774
831
209
773
259
809
395
896
470
323
678
869
755
598
206
782
94
575
185
921
744
76
835
96
782
647
923
435
249
522
193
24
353
402
149
965
563
545
861
34
220
891
255
975
489
461
757
935
388
294
208
132
370
395
581
504
43
856
939
292
730
484
668
436
238
170
401
802
715
614
188
287
505
443
614
346
256
723
282
644
17
490
129
739
238
710
595
281
918
534
925
648
19
594
84
257
116
485
411
831
99
951
470
956
394
84
303
650
807
937
647
176
779
776
267
17
838
862
298
756
748
576
404
767
522
841
377
638
678
140
469
130
92
939
86
838
375
389
841
182
678
488
710
458
264
977
475
102
191
126
210
939
702
966
59
224
807
436
862
486
928
683
616
372
622
54
211
349
796
404
883
474
892
593
932
508
922
408
962
113
534
172
52
236
138
111
812
298
899
674
784
828
357
752
552
331
806
115
680
602
519
563
77
763
156
9
271
430
769
233
543
655
757
595
891
896
707
703
194
958
729
330
138
86
434
691
417
592
806
449
195
678
12
624
793
520
985
65
950
107
650
493
762
760
441
6
656
500
61
202
458
791
884
597
877
670
640
647
262
798
96
809
828
461
433
622
981
771
687
284
878
689
129
640
449
570
646
457
422
708
11
881
851
247
830
728
917
822
727
180
620
176
989
449
637
775
71
618
898
110
254
776
151
384
768
953
306
415
410
729
475
774
610
326
373
792
406
291
614
134
823
586
310
164
35
299
291
458
269
189
920
524
317
72
908
86
25
214
501
787
295
328
913
905
6
287
49
412
930
15
898
105
602
560
269
989
859
913
448
129
102
368
653
772
792
913
858
169
479
711
957
775
39
870
32
45
509
82
809
439
449
708
544
51
620
166
41
480
431
841
961
885
561
966
657
706
879
515
875
358
226
832
485
617
55
518
14
564
952
824
356
401
884
252
805
504
770
198
336
201
391
297
87
952
615
744
10
494
260
886
205
838
70
42
456
477
560
470
394
864
646
750
266
530
354
71
387
125
621
75
326
12
725
413
316
340
510
327
835
770
213
392
608
635
434
416
113
347
887
507
211
533
257
829
416
611
252
803
736
873
878
415
885
603
828
202
296
690
881
483
460
94
875
421
81
661
189
194
8
76
701
572
962
310
401
730
922
654
885
10
879
115
777
117
719
958
671
367
648
552
850
109
998
725
882
79
738
71
274
99
500
975
671
814
286
424
544
560
430
429
922
310
544
700
427
615
658
450
982
306
2
832
767
0
909
1
431
648
73
705
747
925
33
770
739
671
194
283
231
625
64
505
287
960
205
66
576
215
516
910
874
870
95
641
870
4
995
301
4
68
359
103
345
392
873
84
63
420
719
646
397
135
151
684
95
709
102
23
276
970
934
150
840
29
144
710
385
139
363
390
207
74
493
552
466
719
988
881
139
707
527
536
842
31
572
289
92
26
313
368
996
247
519
836
628
663
898
13
802
261
755
361
336
601
265
154
320
605
36
811
664
915
699
506
298
271
147
390
297
460
111
293
59
630
481
687
645
379
53
799
992
808
512
680
761
777
835
81
382
223
244
46
490
943
904
141
214
403
883
863
864
994
508
923
976
989
963
621
368
16
420
361
176
284
41
290
61
228
723
795
803
968
193
294
911
449
435
478
853
670
693
717
665
202
992
641
543
307
615
264
675
387
977
852
672
370
494
85
599
217
233
402
185
426
48
97
228
835
927
81
506
620
150
523
174
494
164
718
802
131
982
477
519
959
681
191
329
175
628
280
393
861
35
578
288
435
27
868
271
306
949
129
927
451
652
453
297
168
171
99
300
505
929
819
816
962
362
498
138
990
778
883
852
165
813
492
601
841
360
224
499
661
353
426
464
5
232
761
173
755
213
825
261
142
996
429
104
358
927
594
701
58
477
553
223
291
397
176
484
757
400
983
418
753
762
882
110
994
643
636
749
856
461
362
350
458
792
455
168
719
401
869
777
879
422
353
170
819
529
6
928
930
989
698
35
103
580
146
97
576
782
199
784
243
561
487
53
353
294
222
425
695
91
554
574
866
259
96
37
789
102
966
71
92
664
106
547
597
252
645
525
386
196
661
630
757
148
683
463
442
257
240
138
349
146
64
567
406
161
604
547
615
570
970
59
587
76
607
184
681
252
61
67
800
722
49
909
871
85
372
665
342
964
155
43
111
220
610
869
733
215
416
348
137
386
408
724
814
15
260
847
619
673
267
419
396
668
328
619
753
53
284
448
369
440
491
480
660
454
701
393
21
117
93
158
855
501
235
22
516
847
221
487
521
840
906
269
509
587
888
614
992
172
62
361
964
906
194
976
712
895
721
733
365
815
891
572
316
478
594
185
326
168
672
199
8
931
468
869
518
708
484
510
232
898
871
197
156
417
173
868
313
895
601
678
710
845
250
378
323
197
563
1
717
588
552
725
519
372
947
37
80
431
899
313
329
122
862
486
540
35
354
205
282
308
883
344
153
485
723
828
682
638
182
751
226
734
829
745
459
776
134
539
207
385
204
888
508
66
726
400
454
433
605
88
741
840
433
246
325
508
426
360
146
960
111
725
47
292
470
506
68
957
397
627
342
602
516
202
20
594
954
826
27
911
915
120
751
348
718
429
208
497
141
354
457
604
79
504
897
902
10
965
859
760
945
553
362
813
108
734
407
62
561
787
326
476
907
77
176
978
858
384
475
999
738
932
956
170
789
853
424
151
170
635
911
115
188
273
928
648
360
336
711
921
123
389
749
382
466
925
360
677
309
187
676
399
120
984
921
261
837
345
412
8
980
324
475
521
949
404
169
309
92
232
230
567
621
979
949
440
256
662
117
565
849
145
317
321
130
590
582
319
936
995
679
268
319
155
141
268
911
311
930
3
895
160
922
869
492
871
661
100
885
778
666
87
275
335
408
757
925
991
429
213
338
108
834
9
615
975
629
526
638
559
881
534
72
803
755
916
27
416
16
912
546
34
999
173
369
760
931
647
103
712
212
441
820
46
802
788
374
431
314
12
991
196
898
415
351
653
331
378
421
347
643
967
734
994
141
455
754
424
102
857
488
667
650
660
65
452
448
439
884
763
804
227
311
702
642
14
708
325
393
481
24
388
449
758
382
942
214
489
718
668
698
206
335
349
866
753
153
315
192
389
430
996
968
93
51
962
107
111
287
852
592
312
240
393
70
975
687
636
464
757
305
162
963
992
863
182
745
369
849
938
110
631
286
79
724
689
41
183
152
329
36
97
993
628
490
415
603
530
52
419
287
357
934
603
349
149
785
95
518
986
385
629
969
23
60
693
65
101
228
217
782
616
314
775
245
157
191
200
687
243
620
326
600
906
929
301
55
66
748
926
404
133
555
373
509
615
418
574
68
647
791
851
263
458
626
860
615
169
61
654
412
33
980
364
939
262
666
346
328
766
272
733
900
179
458
761
146
877
335
215
524
478
66
139
936
44
352
903
214
765
909
978
150
890
343
441
504
361
787
832
127
60
917
379
591
728
140
738
605
827
953
481
306
371
972
594
767
324
498
981
89
407
312
239
649
7
680
153
720
820
338
847
232
607
579
823
335
71
561
940
251
866
773
557
589
746
151
357
70
1
690
512
761
2
103
410
9
136
916
729
956
606
929
188
213
860
363
901
283
277
841
534
143
967
91
733
713
595
442
783
948
132
647
709
135
751
472
496
239
740
578
195
346
507
735
559
719
450
460
2
727
654
537
223
621
980
956
686
927
750
821
876
882
469
937
369
572
761
866
811
501
796
358
847
655
445
759
374
895
571
376
623
577
265
198
550
598
506
236
525
256
58
753
138
527
43
508
451
804
726
262
658
522
972
505
177
417
616
903
312
188
631
287
765
897
485
316
847
991
904
724
247
962
478
738
841
873
598
292
29
324
906
687
198
230
545
727
647
161
630
312
701
613
951
467
862
437
135
709
780
39
434
380
354
264
470
195
137
68
840
518
744
98
206
294
329
103
21
976
264
3
640
318
616
592
137
479
381
272
540
513
663
974
893
369
590
715
565
727
783
757
598
527
855
156
173
184
259
546
513
875
549
153
193
518
97
330
349
478
954
889
992
970
216
237
339
806
953
904
886
88
13
484
616
869
640
141
405
251
688
270
126
237
424
320
107
873
650
808
352
957
50
696
927
266
933
266
424
238
171
310
327
184
146
295
405
138
436
811
389
124
81
516
714
857
188
173
731
838
982
435
795
32
483
722
650
768
989
74
7
512
737
686
48
235
981
806
726
769
617
115
246
50
983
312
260
171
485
343
362
819
130
157
203
613
232
853
381
573
280
740
437
369
426
837
956
407
643
682
529
260
798
775
663
133
87
275
305
924
618
667
744
100
176
947
713
760
153
94
333
433
835
122
154
613
960
110
373
603
793
902
216
943
29
231
76
116
506
733
40
476
400
136
576
929
84
289
689
237
735
375
22
922
497
176
536
457
638
909
413
783
163
629
78
192
212
507
308
718
240
700
194
993
837
122
922
273
411
611
510
498
338
884
421
836
412
309
645
402
218
58
186
381
39
616
925
603
123
585
321
716
285
867
709
474
989
983
747
752
946
609
251
285
845
24
473
257
333
118
12
903
529
198
636
920
166
561
524
290
498
845
358
783
65
419
610
406
402
709
511
700
671
762
985
516
138
458
126
823
929
138
78
810
688
714
730
854
627
254
496
125
452
854
260
869
273
222
275
675
932
786
728
955
900
713
471
390
524
949
213
805
439
643
615
127
357
345
334
336
952
830
813
756
685
426
625
958
648
252
986
932
391
66
887
291
779
711
34
655
12
247
812
452
243
427
931
952
125
265
289
429
96
454
185
133
232
162
443
881
414
781
165
805
847
405
449
979
468
483
986
832
82
799
636
325
578
568
278
55
833
919
836
281
373
21
766
606
535
210
839
950
991
356
107
191
113
556
170
933
391
508
766
474
307
402
151
238
970
781
645
156
700
482
789
426
503
556
384
391
118
575
341
461
931
800
652
397
709
174
330
452
683
96
926
342
851
430
932
173
211
578
681
912
60
471
690
915
379
74
306
497
649
999
310
932
800
963
329
861
489
12
313
172
108
592
867
311
22
799
485
585
377
166
849
437
989
539
705
368
613
11
217
614
11
528
547
163
843
228
24
332
240
689
857
701
281
724
12
655
523
849
241
253
16
90
42
5
630
747
726
595
111
943
210
122
471
109
637
314
689
13
647
282
702
504
983
984
580
347
639
455
197
232
60
565
323
103
570
305
202
648
252
313
592
814
787
415
923
424
730
965
437
729
247
140
585
230
476
517
929
467
972
478
700
33
43
23
488
966
680
690
614
932
356
558
747
143
974
22
920
56
987
709
785
234
201
722
816
677
239
746
145
563
224
845
948
620
220
436
586
900
479
552
832
835
111
579
330
437
602
602
493
941
312
630
176
513
352
992
543
943
90
40
858
667
885
807
639
457
595
225
357
74
129
541
261
592
121
944
29
75
546
522
368
210
152
544
76
856
889
619
151
331
659
10
350
896
169
989
353
764
566
62
191
696
603
804
640
76
100
670
503
999
544
872
209
697
768
285
905
9
256
57
341
267
419
691
163
940
681
868
56
247
930
599
295
534
756
936
962
856
606
466
855
150
338
65
199
458
702
457
468
959
514
809
578
285
852
742
577
533
962
633
133
893
233
428
779
989
364
93
197
322
559
53
825
249
470
376
708
172
833
176
483
699
337
62
984
189
156
913
75
118
547
208
363
132
988
494
121
705
588
318
27
499
723
204
749
193
581
457
718
414
985
553
466
322
967
802
863
123
716
938
594
263
146
309
395
135
804
868
840
744
538
219
243
262
424
992
807
357
801
525
123
138
79
589
812
46
392
676
522
108
614
468
723
761
777
118
248
581
338
440
325
876
659
921
490
435
265
298
144
67
823
268
557
254
209
370
653
601
46
527
61
660
995
784
421
772
254
21
706
944
461
383
821
121
304
663
908
570
961
53
989
137
673
546
391
882
916
396
836
962
275
249
975
270
386
748
395
640
770
101
585
231
836
758
704
493
421
965
415
735
370
404
872
43
302
615
925
571
364
113
885
639
363
860
910
749
609
657
741
731
110
678
314
946
788
371
439
210
336
854
297
706
610
169
101
265
136
378
836
500
492
73
140
207
286
402
956
247
59
49
978
169
728
644
467
516
15
907
78
703
113
375
761
76
896
862
693
33
241
881
533
85
954
25
292
240
427
600
487
486
649
817
7
729
462
475
598
829
734
676
533
199
404
294
275
652
509
968
685
750
201
571
187
156
596
831
748
24
431
236
862
432
405
870
514
867
697
112
697
431
140
582
630
896
876
258
549
385
578
586
487
780
157
26
288
106
857
36
130
640
624
344
425
30
566
939
249
263
403
946
46
543
528
29
792
757
287
341
494
217
279
334
349
437
360
637
543
218
674
25
858
298
721
635
328
640
574
930
255
329
876
302
225
757
683
17
866
322
710
360
539
989
694
889
778
407
526
673
625
552
50
835
203
772
471
883
412
397
813
19
727
690
321
952
799
4
969
665
678
679
377
218
20
424
459
799
831
985
472
808
890
523
643
93
647
114
976
411
864
790
430
591
832
104
543
631
460
512
648
139
543
377
357
563
153
816
362
984
153
187
144
395
710
788
488
709
254
465
120
118
607
550
709
439
654
604
422
115
468
422
254
11
151
611
927
305
779
641
641
284
828
786
680
890
574
168
599
180
985
719
651
944
270
360
735
276
317
157
391
785
931
997
797
83
960
76
388
739
717
381
376
898
167
56
788
93
576
740
274
914
459
277
858
81
637
594
358
306
103
101
92
387
99
241
470
411
317
210
151
386
591
879
284
759
935
425
204
863
165
830
777
624
107
988
58
97
934
768
403
389
221
495
776
672
736
246
84
53
808
587
792
400
466
76
511
401
501
715
616
666
546
394
643
653
734
53
102
20
821
506
409
394
1
538
67
90
136
151
143
945
738
287
345
204
364
208
957
217
923
573
236
821
319
879
827
53
284
929
425
457
435
187
851
437
725
918
527
861
69
22
806
159
310
503
363
26
711
320
243
987
246
831
808
565
62
987
971
346
917
396
803
352
583
655
141
308
925
20
522
347
395
680
506
57
536
222
435
247
894
30
586
140
862
747
706
924
734
29
623
3
425
426
356
361
433
849
21
711
870
543
58
617
576
564
674
112
786
461
711
681
491
298
821
353
397
879
630
483
908
253
487
686
679
843
399
465
44
420
176
266
316
234
883
892
150
909
356
289
370
67
970
862
717
143
567
114
375
197
598
635
450
85
673
482
280
72
299
324
493
475
591
161
61
826
405
563
88
761
852
458
828
174
672
546
670
240
12
45
789
610
32
592
47
706
74
327
778
725
4
623
552
947
136
613
773
541
528
861
654
381
672
483
907
344
381
577
936
393
974
78
356
7
670
403
713
96
83
843
821
439
819
373
386
955
338
159
497
866
373
151
599
397
986
507
741
719
436
30
113
411
460
821
770
130
576
835
226
11
678
47
450
497
772
836
805
110
348
302
976
73
805
576
470
144
435
563
863
871
593
328
282
53
149
404
535
78
239
113
89
270
160
540
119
284
728
924
394
76
578
371
149
736
299
619
880
734
183
743
605
128
72
240
534
573
996
421
651
236
535
93
858
47
985
977
332
713
254
726
142
832
449
643
568
748
615
800
482
150
544
440
278
968
32
164
893
28
586
545
616
121
990
826
520
975
804
852
688
410
579
182
594
28
826
515
129
441
315
963
591
211
755
221
179
787
386
73
168
324
970
136
797
960
963
317
287
119
170
975
529
101
510
123
481
336
638
610
777
306
926
720
517
681
941
697
469
327
122
989
3
444
477
800
404
440
470
43
911
992
18
440
445
528
916
926
216
906
889
993
212
815
65
82
848
7
131
669
686
253
658
690
697
488
842
453
928
312
848
192
304
866
984
101
747
900
28
315
159
269
661
723
436
726
805
284
733
936
954
420
541
964
462
590
452
304
43
733
969
891
925
625
110
909
727
209
162
107
876
321
376
537
396
164
264
202
448
349
138
754
121
680
71
583
270
523
240
666
256
561
909
533
538
371
443
265
932
605
724
161
278
452
698
674
616
314
228
417
664
367
523
785
399
594
721
21
118
313
39
726
874
301
612
412
24
55
30
309
12
754
470
642
207
520
316
175
835
545
592
499
264
116
636
15
62
709
388
532
22
428
259
248
81
871
13
105
278
395
766
290
501
236
284
60
757
952
236
944
497
180
443
113
648
431
128
711
493
517
243
867
297
854
116
378
725
481
835
355
876
602
997
377
190
281
438
299
234
26
243
83
206
38
197
207
822
677
918
315
546
513
182
195
368
650
925
445
131
761
801
359
715
150
89
257
432
879
557
18
905
800
101
463
839
650
670
661
680
940
328
226
454
510
422
822
161
699
267
644
460
420
356
527
571
445
785
355
676
694
373
581
494
826
396
685
477
419
698
157
359
26
735
813
537
509
987
50
209
607
46
21
379
402
549
950
199
686
657
875
380
30
808
226
857
557
912
686
976
610
195
335
637
282
501
526
792
488
928
353
447
974
374
827
729
275
129
928
961
787
156
693
169
316
920
378
873
832
64
849
794
611
537
783
894
38
309
686
878
237
39
326
564
765
505
293
41
634
573
354
421
81
400
591
398
320
969
271
504
386
473
650
997
10
434
243
400
95
929
278
685
320
956
249
438
461
894
479
448
819
185
869
901
585
812
299
257
134
570
113
872
43
764
869
405
550
465
805
645
394
436
330
67
744
579
505
206
825
336
654
645
873
875
546
811
688
845
420
174
767
534
46
163
650
267
920
200
732
726
845
479
514
176
898
258
107
403
464
933
91
470
930
316
698
476
127
738
673
900
912
440
434
958
955
84
577
876
636
310
954
481
789
468
9
39
726
469
794
543
754
885
365
684
553
63
160
33
801
833
933
713
625
367
23
933
803
601
161
791
263
115
624
404
583
634
443
661
455
237
204
209
474
570
893
27
633
53
60
787
238
993
500
215
712
876
148
867
477
309
658
740
424
283
144
359
269
587
373
724
176
577
933
650
499
826
677
485
231
90
272
469
83
772
36
148
0
185
15
477
846
26
569
623
661
713
982
930
652
707
6
828
285
939
478
136
117
508
621
348
598
893
169
33
18
205
181
18
742
549
848
589
575
417
212
236
483
546
518
487
254
524
668
891
815
498
27
932
6
649
632
604
894
153
990
912
710
171
283
453
720
131
42
647
900
606
235
735
152
105
223
758
981
891
649
796
389
29
80
748
30
64
704
924
217
694
189
280
866
472
733
938
955
127
938
207
733
525
943
237
631
166
996
612
409
997
761
798
378
193
546
408
610
251
333
179
297
522
459
163
346
192
454
653
319
392
860
52
917
803
642
900
321
990
865
730
987
626
881
718
171
779
126
781
382
811
961
680
685
420
843
31
613
649
36
284
393
897
689
663
52
331
563
374
321
428
104
660
406
337
378
578
117
505
359
499
316
672
179
2
93
375
385
58
24
422
342
418
671
31
81
723
362
996
97
35
777
554
696
183
243
74
113
360
931
825
860
600
497
391
954
590
766
339
648
143
113
343
913
784
374
346
860
89
342
309
124
119
215
820
655
459
247
768
819
530
593
31
130
91
423
84
33
541
776
34
36
241
377
949
26
103
295
238
544
990
547
669
461
763
841
116
222
440
237
393
971
830
425
101
273
200
538
659
741
666
693
778
907
422
79
933
877
727
523
422
69
71
443
530
834
284
999
408
77
236
801
48
418
226
501
692
426
39
351
520
57
396
650
965
818
729
250
695
808
774
117
877
845
560
408
31
197
759
439
274
995
592
674
413
819
175
457
597
567
808
469
624
556
119
589
374
201
840
422
361
614
891
239
811
804
999
842
1
758
633
627
753
225
301
518
396
828
976
994
747
136
815
372
693
935
313
419
488
505
193
849
471
85
440
282
889
439
476
242
549
109
221
302
335
874
173
83
702
149
77
802
637
245
526
682
532
839
102
20
697
295
221
168
732
14
803
621
805
279
215
355
741
436
9
428
662
182
511
717
683
941
519
321
186
45
355
718
236
457
90
933
105
663
454
189
29
609
811
835
240
378
190
981
167
199
761
829
382
625
546
417
566
65
90
104
110
446
174
699
255
616
984
712
631
790
902
661
399
65
496
992
443
686
325
610
885
87
440
619
712
986
389
630
404
479
734
866
277
260
565
533
876
902
597
507
692
499
520
92
916
16
436
360
702
761
322
940
848
114
911
912
453
300
542
857
132
628
723
409
240
641
294
116
543
244
976
235
95
496
679
12
513
115
372
567
229
46
859
77
161
771
342
614
423
236
471
907
217
546
317
457
187
963
926
730
559
902
318
655
750
349
667
615
817
391
183
46
437
394
475
598
165
817
212
941
406
35
848
623
582
517
432
121
833
358
204
392
612
522
47
363
223
714
330
40
457
513
86
895
908
562
845
425
731
58
366
137
445
567
112
379
84
545
501
917
903
705
310
516
579
709
231
154
776
561
195
233
427
281
128
687
195
974
112
927
384
831
64
181
750
177
561
834
74
62
104
977
119
414
845
50
475
76
204
251
990
751
485
417
33
965
104
580
939
568
507
675
751
924
857
501
453
418
688
527
832
792
856
303
558
702
353
33
130
909
285
120
661
122
889
46
87
345
626
379
266
486
54
369
410
263
223
215
33
911
742
865
55
950
520
613
652
225
998
135
135
635
607
148
757
497
194
197
194
172
576
460
658
982
182
420
246
405
635
279
668
729
497
723
32
17
688
684
595
38
171
730
674
779
230
783
628
776
980
174
948
556
987
959
539
169
731
137
926
719
416
594
800
265
669
832
635
357
869
230
395
40
312
421
171
542
205
151
318
185
326
618
94
313
929
985
834
13
122
760
732
890
354
884
156
23
717
791
732
938
21
127
978
333
549
502
227
106
653
545
643
979
515
737
644
797
722
478
810
196
238
894
87
944
778
595
319
847
386
51
785
759
531
116
92
80
618
319
538
271
216
181
603
83
919
599
880
993
78
42
190
668
936
629
965
67
224
284
914
962
336
52
721
867
168
813
299
786
484
837
409
52
18
364
135
289
316
368
283
746
762
825
414
699
806
379
766
382
16
32
344
352
84
65
571
604
230
870
742
714
59
504
118
429
868
605
719
536
325
354
282
88
531
697
787
337
428
905
719
796
289
415
148
726
480
71
330
710
941
73
776
352
577
894
782
797
499
501
334
177
855
616
265
738
665
52
75
446
309
146
242
598
561
743
676
393
814
7
103
108
80
879
460
9
125
242
158
976
743
844
153
950
461
418
688
478
822
115
276
131
613
519
82
526
614
758
919
428
117
22
536
549
253
349
558
378
591
69
707
687
913
860
637
374
631
678
205
453
793
481
937
759
352
371
285
966
481
205
747
599
579
283
148
833
632
59
563
576
128
622
263
41
835
900
768
466
930
325
271
76
158
208
835
511
931
120
829
413
677
576
364
257
212
864
442
196
923
357
772
403
980
35
797
815
288
917
633
218
594
904
294
752
465
481
263
396
602
445
161
279
21
525
888
233
390
682
430
665
40
554
69
372
590
218
539
230
487
172
800
81
428
447
833
893
928
449
642
882
894
803
514
267
681
402
853
71
437
635
88
477
189
509
201
131
727
740
361
214
264
514
647
692
961
481
938
241
282
580
124
528
735
638
795
416
392
648
839
829
283
928
658
473
437
859
604
517
951
318
83
215
184
731
260
145
564
550
386
846
482
862
374
569
500
521
986
245
170
177
74
453
457
733
278
247
944
235
764
896
905
199
463
89
282
75
586
846
625
972
44
459
835
770
29
687
292
367
932
462
544
359
267
2
444
898
249
388
133
365
636
390
564
452
479
847
527
417
45
505
389
90
316
576
860
345
616
504
712
900
966
609
259
586
963
703
484
564
444
969
929
432
711
845
884
542
44
764
959
442
269
700
532
585
277
744
283
245
249
347
145
567
308
757
505
271
460
341
835
256
310
116
689
373
314
573
915
710
337
874
152
958
575
36
896
204
781
179
449
382
878
946
301
187
703
807
458
516
148
646
772
811
114
461
184
780
387
452
491
724
326
643
35
253
680
931
457
813
462
258
547
340
205
848
879
260
655
338
776
156
336
901
319
802
362
855
583
749
307
74
826
634
69
861
887
749
144
697
914
958
955
461
298
512
310
178
125
317
868
901
825
556
802
144
358
517
352
941
618
659
367
444
645
437
657
533
538
153
582
453
111
889
914
762
402
576
292
527
246
160
780
71
68
935
568
426
452
920
720
70
931
87
867
577
524
876
462
63
382
44
868
493
933
782
255
687
711
547
566
957
59
347
380
479
634
948
258
86
220
978
508
152
417
727
729
294
956
543
709
338
587
577
831
872
711
439
560
422
338
126
379
398
825
112
229
459
60
487
897
633
465
406
785
235
485
866
529
441
409
238
779
348
815
611
220
526
402
780
301
740
259
32
490
84
144
720
896
557
207
793
190
25
551
327
260
37
545
789
478
306
379
610
654
194
573
226
72
975
359
373
715
618
758
558
54
902
278
302
811
837
96
353
862
999
680
122
36
577
263
867
235
642
477
241
188
402
468
261
377
827
986
444
797
744
2
203
999
632
506
810
470
954
164
332
953
196
807
990
126
422
209
361
65
38
603
253
440
71
866
817
250
853
613
399
949
616
602
948
600
460
111
70
414
627
755
720
823
914
62
949
336
271
663
401
309
266
7
749
689
873
918
291
78
531
690
380
499
644
328
100
457
791
522
223
418
629
943
594
543
5
895
232
628
558
985
937
176
992
38
865
218
308
508
296
192
198
676
691
195
357
143
652
500
18
875
919
999
819
865
543
176
760
127
805
319
112
94
847
105
485
713
675
793
221
323
985
772
0
29
967
709
524
971
209
542
846
480
542
17
345
437
194
106
564
351
777
676
445
624
133
282
689
160
76
263
484
413
387
836
442
706
545
967
677
106
861
875
939
403
893
284
192
439
742
756
142
871
785
939
848
270
222
537
431
650
152
915
63
539
103
858
245
648
177
922
106
38
150
45
794
43
682
986
834
776
95
976
648
232
915
496
854
137
385
285
139
538
552
203
429
655
61
675
655
590
949
114
628
99
159
422
494
193
761
328
970
856
656
970
440
572
818
294
61
555
932
201
445
836
756
875
844
169
902
499
759
851
613
387
303
125
162
797
670
923
478
992
131
486
314
571
58
132
217
472
40
149
25
485
986
781
712
830
302
614
681
61
818
647
800
121
124
314
270
794
589
100
139
720
587
453
643
997
938
213
821
978
362
846
815
700
979
528
530
633
142
564
46
312
563
847
785
687
513
408
833
103
860
972
175
447
778
171
797
716
384
970
46
746
169
861
799
500
741
681
134
236
245
180
548
808
379
334
847
893
94
681
348
954
5
523
754
783
694
551
851
430
521
249
529
42
463
328
543
204
9
677
440
255
857
341
415
589
27
263
834
121
944
182
75
301
705
181
437
752
84
288
534
958
538
63
0
1
391
543
557
401
220
350
8
430
691
775
19
718
38
853
191
334
35
618
636
92
800
73
196
884
713
731
842
603
146
843
956
538
386
514
291
607
864
651
389
907
426
408
977
817
613
168
151
0
786
139
444
938
564
641
823
278
724
17
233
222
860
190
112
599
56
755
558
272
406
947
179
185
707
156
2
320
676
505
672
814
645
116
753
209
109
928
839
185
945
425
408
158
615
520
757
23
276
315
295
34
262
474
219
969
982
573
641
10
79
313
824
76
781
577
637
891
857
829
76
803
254
836
961
869
357
718
892
985
385
539
19
647
365
591
968
347
516
609
357
947
274
533
23
55
463
661
946
320
490
375
123
744
211
436
965
920
506
209
905
891
748
277
538
113
220
858
812
736
467
521
684
93
54
59
149
517
72
447
838
562
822
313
658
386
102
975
306
608
184
564
500
284
193
390
397
765
601
561
853
68
82
889
162
137
949
663
6
21
110
196
936
285
510
594
671
964
922
329
572
106
245
424
743
438
167
492
555
768
54
409
188
136
298
702
625
247
365
984
621
828
180
557
113
42
503
136
6
425
465
931
884
711
355
627
501
874
119
57
642
525
466
183
14
116
885
639
364
603
975
337
431
156
894
544
198
749
680
205
175
497
136
411
560
843
390
414
70
861
471
64
387
289
247
401
757
485
392
121
88
368
810
519
524
704
415
74
806
447
631
333
296
119
744
857
963
134
271
33
995
94
449
382
735
697
135
492
182
528
966
622
896
776
493
772
833
908
846
639
707
478
972
3
597
716
860
912
202
483
297
549
929
747
284
664
796
419
509
330
299
475
952
195
251
445
967
436
705
166
75
412
996
47
767
593
115
980
858
317
815
507
219
745
254
503
409
402
274
918
732
574
745
684
769
349
481
89
785
186
607
861
950
603
260
70
548
376
50
406
45
865
266
616
962
520
119
372
275
746
642
7
320
740
44
441
89
525
882
226
64
489
439
366
92
700
788
993
428
838
751
825
56
17
442
18
890
913
742
165
659
737
172
979
477
568
773
918
446
655
144
862
145
584
580
589
636
369
582
64
559
334
241
967
703
683
338
593
949
80
758
960
169
283
292
998
851
65
916
297
720
61
511
217
997
92
807
633
461
741
49
20
427
290
988
131
326
326
724
627
758
835
587
280
118
879
278
969
944
195
619
665
608
482
234
957
574
393
590
35
487
991
408
914
281
748
397
959
426
474
586
184
309
174
816
427
405
95
748
350
642
719
367
602
202
601
559
776
347
501
164
834
492
572
748
125
672
498
437
98
972
375
634
281
549
451
60
307
898
808
657
540
528
376
494
730
977
405
506
676
906
22
510
750
594
259
227
266
109
664
716
81
40
351
714
941
154
126
248
52
934
257
944
814
633
438
544
963
195
403
639
101
425
150
203
372
761
430
990
222
447
59
303
839
410
369
780
916
495
381
968
781
990
264
596
624
702
492
939
897
247
930
350
25
80
905
749
193
335
91
415
134
150
70
973
912
791
106
828
638
487
796
420
477
60
368
453
114
212
744
363
812
675
65
837
107
970
938
653
658
29
68
792
180
491
766
92
634
872
273
273
711
69
45
540
482
765
346
948
977
90
664
141
117
81
330
577
404
268
230
62
298
650
206
830
141
324
274
776
548
547
401
259
969
446
152
803
211
850
103
540
940
767
682
410
201
12
987
605
633
217
667
283
867
225
113
361
550
739
489
98
287
890
710
256
336
862
411
899
712
514
791
4
282
473
766
835
838
753
440
823
322
459
106
542
684
219
903
234
958
392
333
597
634
395
205
322
257
616
221
321
131
12
677
765
838
444
600
28
197
40
851
872
851
309
414
535
880
317
770
190
61
455
788
47
202
993
369
459
610
942
132
93
306
809
858
496
253
810
524
803
850
727
675
701
36
89
588
268
758
710
459
171
517
247
218
719
592
587
530
202
529
662
647
835
824
505
332
429
315
208
232
