659
505
438
18
136
469
372
708
215
695
462
791
905
459
608
182
859
997
141
763
164
566
416
154
828
596
560
719
25
367
617
37
873
407
407
361
228
779
69
443
475
531
235
732
343
195
914
554
192
55
669
709
973
86
215
153
34
776
872
59
495
841
448
368
248
855
81
476
635
503
272
462
386
507
194
81
702
460
635
246
867
305
307
192
743
523
345
777
651
569
188
146
410
637
867
10
844
948
838
831
803
110
293
190
969
839
271
23
651
259
270
518
916
577
710
11
452
407
140
103
976
328
250
738
317
117
748
162
417
587
993
221
697
639
763
19
830
34
42
482
645
312
0
561
242
63
572
694
470
712
150
799
393
400
537
62
869
286
576
638
225
922
859
922
913
622
941
743
9
336
225
6
648
578
920
242
993
492
289
463
557
439
614
302
191
152
364
412
790
293
50
15
215
262
289
480
236
583
223
597
919
801
604
919
379
524
162
372
368
803
187
277
594
154
579
137
306
296
549
96
941
951
111
508
213
400
988
450
983
211
399
902
12
3
174
743
879
336
467
248
491
7
877
85
161
457
222
819
105
123
915
46
74
378
554
288
130
542
90
466
105
489
720
470
493
894
565
724
582
33
972
73
392
850
510
553
659
84
724
116
207
991
162
282
369
68
922
851
962
12
317
67
853
38
889
698
284
455
423
867
840
747
292
232
949
155
137
960
239
861
76
799
852
590
433
573
658
707
424
972
71
94
392
924
484
281
623
768
736
398
987
928
145
280
160
447
787
297
407
378
158
484
177
362
74
610
935
85
669
712
57
740
806
449
665
290
83
288
58
171
38
398
100
183
30
260
630
817
910
38
195
68
874
373
783
300
335
718
385
5
782
795
745
588
596
762
878
679
402
289
203
440
687
303
624
717
563
606
886
473
996
81
894
870
806
29
523
494
99
260
499
882
55
596
470
4
359
701
683
113
990
886
554
29
541
530
746
457
136
984
282
485
65
176
707
872
557
230
366
657
491
217
539
898
165
9
902
876
710
938
990
52
176
544
81
718
426
179
175
914
163
457
399
229
986
107
453
543
689
171
552
532
388
91
431
905
101
685
782
163
623
772
216
152
668
649
870
94
181
397
8
344
206
408
925
544
867
730
440
908
901
992
441
641
84
224
547
537
909
681
52
885
453
620
37
473
270
259
567
803
8
927
147
214
687
425
111
554
155
551
463
409
895
256
50
331
480
949
868
389
630
273
626
435
893
663
908
515
274
475
318
282
755
818
849
442
243
960
997
750
863
812
159
758
68
562
90
548
511
310
289
494
583
916
929
829
931
838
696
206
665
367
840
420
537
41
863
780
353
212
882
216
376
42
327
444
604
769
344
467
79
985
961
15
901
891
196
185
729
244
743
746
611
583
519
148
977
382
280
330
946
163
899
322
557
578
118
161
347
814
628
778
799
590
145
53
833
693
238
914
938
333
660
901
916
179
402
893
913
34
576
211
549
475
533
106
405
3
619
752
817
600
882
969
190
28
374
375
721
964
289
11
297
301
265
565
481
667
811
746
53
387
958
603
214
843
709
619
847
681
723
16
281
605
985
823
633
359
198
707
675
487
718
972
788
335
538
621
2
349
368
408
88
678
11
654
521
72
273
368
753
996
737
34
601
722
857
587
434
407
646
109
894
716
434
35
52
324
8
406
673
728
814
113
406
825
767
928
250
392
648
3
388
737
38
341
460
247
280
246
655
926
707
901
643
493
936
695
817
297
101
842
25
916
955
432
93
722
712
343
114
712
347
854
450
737
548
262
336
828
860
343
107
567
245
750
413
533
797
230
830
898
73
856
166
28
640
260
103
352
955
569
64
654
776
866
743
676
128
80
856
988
423
963
908
20
713
321
554
510
551
736
761
624
944
927
5
584
539
460
288
495
381
353
149
509
571
893
185
700
325
42
688
100
5
596
121
71
269
27
933
821
763
694
797
708
974
154
644
513
966
933
360
348
638
510
209
209
755
395
261
432
789
950
532
146
898
653
217
168
680
503
341
796
197
138
856
171
645
500
37
611
785
397
959
423
259
169
985
366
916
246
798
57
548
331
203
799
336
773
967
369
276
660
517
825
150
373
349
795
225
386
407
363
783
366
786
395
887
123
761
155
722
560
212
270
243
768
69
931
541
388
652
169
48
169
994
551
894
343
346
120
81
753
483
217
472
621
612
711
97
373
867
819
285
431
89
880
551
511
164
92
899
816
613
300
986
960
851
880
655
197
352
737
303
187
954
775
809
918
486
258
643
705
77
929
489
518
161
40
29
325
485
929
494
98
581
480
58
432
712
714
981
417
451
284
604
757
411
765
675
250
23
318
955
100
599
796
619
113
837
0
438
322
929
932
420
862
764
831
646
829
545
980
246
348
264
850
457
28
616
484
278
991
154
585
92
754
382
63
867
219
63
657
893
345
942
313
559
58
496
206
887
393
186
133
93
802
984
550
830
952
386
460
943
541
46
387
295
428
802
514
999
218
523
892
915
465
557
474
524
54
680
411
799
218
897
893
373
881
795
555
833
182
16
128
723
62
516
370
842
318
236
841
536
759
85
451
577
642
278
453
48
310
216
848
529
113
93
254
994
888
809
179
422
825
308
497
239
176
867
433
494
455
626
383
567
711
186
144
706
464
597
754
775
165
954
304
279
47
910
625
288
719
805
710
897
465
560
136
641
427
570
487
235
548
870
802
260
57
946
966
521
895
72
296
60
379
952
691
778
862
317
66
934
474
129
831
939
689
967
580
468
889
67
55
438
290
857
50
347
155
368
220
402
792
869
815
171
821
506
950
36
823
368
970
297
849
153
588
890
120
520
711
362
940
766
152
230
624
554
929
131
922
149
534
714
18
349
238
192
207
188
580
383
908
550
680
758
55
621
648
175
141
359
889
81
126
393
311
102
947
240
233
221
742
119
288
760
820
526
304
28
714
884
763
974
786
795
732
841
416
733
369
558
444
610
639
570
4
303
24
303
895
610
877
637
81
165
750
902
691
406
282
757
291
45
731
429
840
464
623
609
549
992
167
993
954
158
916
958
813
940
614
709
902
491
698
984
656
800
886
699
207
520
456
850
917
187
279
109
3
254
718
552
246
237
546
201
748
814
511
561
754
477
622
657
320
673
641
976
473
879
675
32
751
483
234
668
671
866
777
674
120
496
579
367
85
477
920
833
291
783
747
397
261
721
54
581
394
47
910
220
278
937
604
29
421
839
697
444
705
475
470
825
323
49
544
408
878
816
594
169
600
341
567
213
62
973
146
809
373
408
29
651
346
985
33
119
824
730
915
529
557
385
707
232
787
603
641
665
420
235
187
372
928
754
585
342
79
83
151
804
492
532
456
190
518
841
309
342
923
224
224
481
961
283
713
748
886
706
414
658
293
953
30
573
59
967
916
138
51
67
943
543
600
751
733
470
944
394
812
867
970
388
348
931
23
414
680
910
472
446
568
766
399
951
339
810
918
607
948
969
675
243
512
627
346
597
97
290
991
261
158
961
2
858
245
25
624
925
287
97
723
856
215
474
159
906
284
77
514
584
47
189
180
911
168
526
861
265
169
852
878
679
166
880
537
411
906
514
688
193
611
411
401
178
237
560
84
521
990
950
457
389
139
637
300
659
516
161
924
685
366
155
716
532
35
253
943
941
767
631
487
730
394
888
908
983
801
345
504
791
295
313
180
787
303
832
446
819
346
723
856
64
878
572
596
913
177
891
207
297
874
694
27
620
934
288
603
87
633
459
230
928
772
762
67
75
595
514
246
293
237
102
357
115
674
305
380
204
196
939
501
422
985
528
42
272
168
645
359
801
456
590
82
228
352
149
656
299
15
902
944
252
5
301
719
31
958
452
235
154
391
88
928
377
969
322
649
137
319
360
291
775
302
725
4
7
874
12
306
242
914
603
846
271
904
918
655
215
370
890
721
113
979
650
842
948
972
843
437
292
204
728
419
858
453
423
865
680
787
524
922
702
127
120
325
383
38
980
598
760
223
320
874
202
322
68
502
294
912
291
938
468
20
358
326
825
133
544
505
921
68
779
975
547
900
300
930
290
633
881
51
856
553
277
58
875
345
912
521
609
203
460
77
575
170
756
401
655
300
258
928
720
390
903
267
290
556
549
932
189
430
983
45
335
260
455
210
606
719
732
567
274
544
645
850
66
753
251
721
53
861
650
125
251
905
392
893
461
293
826
2
76
809
399
411
422
206
622
380
925
706
947
200
602
592
402
668
345
5
741
750
866
391
875
118
649
619
11
462
913
837
465
989
999
216
752
421
423
374
801
348
432
748
900
34
341
302
54
38
307
796
141
526
539
16
644
188
988
7
651
253
845
468
242
196
684
346
617
107
721
418
808
505
166
60
892
859
715
946
250
374
742
391
900
634
759
896
822
99
904
825
352
101
293
946
297
978
293
266
437
366
684
597
871
202
658
763
414
725
62
16
99
156
759
352
790
870
248
965
970
504
790
674
605
84
621
254
414
266
520
851
632
556
449
855
111
459
971
877
536
33
893
635
189
652
339
332
874
588
297
844
444
87
871
402
171
492
8
585
758
529
789
742
437
590
597
548
401
568
425
937
953
670
924
495
674
264
827
549
204
124
745
648
563
616
50
735
460
411
672
570
940
813
312
729
403
262
630
804
182
55
741
136
78
18
631
752
282
810
301
486
286
399
486
849
15
889
936
476
300
609
398
592
422
711
321
178
973
951
982
155
359
76
643
437
446
626
541
728
436
843
566
722
594
52
924
609
293
860
437
593
469
836
185
244
899
859
422
872
162
756
379
521
184
375
310
630
1
852
710
790
47
276
864
641
681
788
602
974
649
40
568
470
228
105
714
127
964
488
351
127
597
82
0
781
457
311
764
811
515
474
953
562
751
817
555
784
606
157
758
607
549
326
77
777
784
144
904
100
632
607
579
229
690
580
363
499
243
127
310
758
953
263
672
56
81
227
840
39
736
599
646
286
277
75
415
61
219
320
162
204
279
741
785
969
673
148
469
916
627
131
26
933
395
50
989
828
629
182
219
366
781
217
4
410
292
419
472
864
91
986
68
371
79
205
340
105
706
161
373
333
293
752
618
40
802
960
868
432
142
439
150
923
656
154
333
300
573
157
164
17
495
584
388
927
790
80
32
496
242
405
181
887
157
800
927
312
760
147
96
902
586
246
177
242
400
862
542
325
372
59
342
219
643
82
146
785
163
530
281
405
288
815
292
797
967
571
109
727
718
205
981
304
451
510
898
203
724
792
881
96
851
575
668
847
658
814
984
821
345
266
578
985
433
870
782
400
793
892
479
511
449
460
815
253
322
65
456
46
857
689
495
61
265
163
260
923
329
244
744
26
862
322
11
295
544
794
695
337
38
526
200
487
338
367
740
660
432
549
59
641
238
554
702
855
69
962
778
398
207
874
425
69
548
788
717
444
934
764
781
972
291
981
812
629
348
904
290
132
453
349
774
44
255
476
899
324
791
30
74
350
904
851
771
805
640
488
249
574
253
383
899
544
364
711
173
65
615
815
549
421
516
323
465
771
152
716
447
943
746
522
645
3
373
416
808
365
905
57
292
510
792
191
54
509
254
579
574
869
395
475
290
911
799
107
35
951
824
482
246
922
356
243
925
82
659
85
447
916
495
739
426
287
282
480
796
536
412
722
758
159
198
400
422
349
508
457
652
684
292
250
958
648
493
884
730
152
321
530
69
816
621
495
456
904
328
252
440
740
327
198
251
525
951
673
226
459
131
878
495
775
128
453
775
621
689
506
125
11
388
194
179
9
42
635
913
722
240
706
462
567
256
713
444
207
738
670
18
869
548
865
996
28
319
772
649
8
630
126
371
18
321
551
27
715
538
293
437
778
351
251
345
607
316
141
167
54
811
185
276
711
51
272
739
722
44
740
82
674
867
454
44
540
357
424
607
247
717
44
26
68
295
723
27
611
865
194
17
28
380
293
740
783
566
831
505
962
924
587
989
143
393
33
683
102
809
290
350
526
686
376
946
333
451
974
296
316
168
313
697
900
607
437
683
525
620
188
839
544
128
180
39
521
566
722
624
375
364
974
902
402
702
200
735
153
174
31
822
343
345
519
243
304
308
279
181
928
467
20
825
947
553
864
821
119
939
445
494
655
771
748
58
825
949
793
330
475
177
152
170
522
671
766
178
979
45
359
260
864
731
85
812
284
301
633
755
240
430
602
896
553
350
306
730
651
99
60
479
276
213
649
150
884
415
680
216
812
39
476
677
123
913
841
759
214
826
515
807
608
117
703
161
819
361
243
823
812
303
654
89
516
303
591
753
71
272
969
235
663
797
912
786
710
105
898
276
931
413
83
891
882
138
404
53
499
647
876
312
951
530
753
467
186
696
572
609
320
893
844
984
690
109
122
752
214
20
381
498
785
464
389
667
955
794
721
454
441
949
118
744
832
871
212
370
568
136
979
888
30
823
224
72
932
347
177
499
719
558
997
505
22
738
524
977
884
597
784
678
547
902
422
731
126
986
101
694
123
80
934
505
255
511
577
540
858
754
39
929
312
388
434
687
478
311
16
363
908
152
41
455
55
815
538
533
802
639
227
925
71
513
430
327
376
359
867
234
114
258
516
778
998
302
817
476
613
186
839
522
338
232
329
745
48
868
278
202
507
857
479
579
723
261
258
99
620
477
686
86
87
202
217
85
504
34
561
118
572
753
992
911
985
321
8
385
189
287
587
697
496
66
628
219
327
238
671
948
715
357
386
802
911
603
887
415
990
800
885
562
553
877
825
891
551
834
276
740
473
864
789
321
282
417
893
610
655
564
910
722
921
648
876
832
252
115
599
594
268
837
156
821
66
334
712
617
520
989
358
345
205
147
666
839
917
559
449
924
123
711
999
396
360
875
580
964
343
532
558
611
369
66
432
787
400
497
405
920
838
763
265
395
262
284
234
179
843
36
456
319
747
455
67
459
682
648
423
25
180
981
988
901
400
773
688
800
270
93
721
460
208
338
855
823
622
89
354
818
125
810
137
225
617
556
684
300
204
460
677
736
793
666
989
193
791
678
994
61
123
67
521
684
405
728
507
380
817
213
550
943
24
39
520
993
595
204
293
800
664
971
888
810
989
878
3
780
908
997
193
31
416
66
715
174
794
574
906
611
140
456
906
516
495
426
509
90
983
803
242
999
126
483
809
467
361
813
599
269
162
792
652
931
858
720
105
4
646
11
615
786
467
874
302
314
300
812
404
635
967
999
635
445
482
444
912
843
609
511
464
124
655
468
55
865
540
160
869
187
523
836
973
342
710
628
656
363
440
412
998
759
411
985
204
893
430
468
88
391
331
904
515
986
373
570
851
913
82
72
452
605
908
778
947
971
406
955
686
198
368
36
957
779
22
513
25
804
981
113
195
312
18
63
650
743
633
853
8
716
925
461
673
185
239
973
508
997
928
194
195
648
583
504
780
605
17
805
761
350
918
308
662
288
371
664
383
357
517
392
73
794
205
98
979
444
71
840
441
352
386
988
352
969
492
132
926
509
937
687
211
208
996
873
496
719
889
232
76
406
624
501
552
181
600
531
977
23
723
418
727
110
758
80
79
250
212
6
111
150
45
322
710
393
547
206
113
436
790
189
194
414
43
746
947
643
629
924
18
705
342
746
815
452
178
894
702
390
252
165
892
298
839
602
691
386
161
156
174
951
698
720
718
741
818
665
736
800
590
754
505
284
852
320
737
30
566
791
421
819
309
665
117
148
268
160
887
429
317
413
732
367
134
450
108
304
468
844
104
58
598
961
342
451
633
431
481
200
223
254
19
532
920
488
32
188
0
919
969
669
333
53
36
819
856
144
475
324
340
932
382
939
893
76
742
527
508
575
727
83
830
98
967
102
938
999
642
938
271
963
608
956
16
996
127
872
141
602
196
481
534
930
772
428
7
866
307
867
442
386
302
624
484
269
726
422
620
368
712
243
331
672
199
699
669
678
572
162
281
120
995
815
51
120
595
410
986
902
629
780
288
931
404
124
552
482
898
172
202
963
768
885
635
319
585
656
998
509
170
279
629
518
446
32
638
394
794
976
296
423
757
937
354
513
413
906
996
312
431
198
275
199
84
262
870
21
919
868
530
441
499
511
959
946
896
597
340
690
926
988
114
683
277
820
548
691
79
896
355
862
95
982
413
531
244
283
552
515
152
434
957
651
945
916
949
841
866
641
884
144
630
350
827
907
170
727
950
601
624
305
463
71
287
876
602
884
512
506
399
16
940
356
19
237
625
969
431
843
610
315
987
592
665
166
500
187
893
802
789
869
460
604
940
99
833
542
983
345
400
383
713
692
91
732
930
68
701
713
911
664
28
250
256
693
768
756
232
662
911
373
531
371
978
824
470
163
366
806
860
119
189
573
811
632
305
93
701
359
806
964
23
186
567
279
231
335
388
464
349
299
837
233
22
167
57
492
330
423
650
542
894
191
115
706
824
773
151
877
132
310
193
155
496
760
434
728
448
822
192
797
473
381
30
495
549
87
340
231
863
990
126
757
182
241
815
358
14
319
235
498
629
780
653
125
893
440
853
341
262
397
490
736
779
521
583
680
960
923
263
175
266
389
285
448
983
100
158
349
771
745
848
400
525
501
878
770
293
83
111
908
481
954
996
612
475
579
292
787
503
555
963
121
945
248
569
928
700
727
629
472
472
477
224
349
331
454
120
624
538
583
532
371
537
528
983
364
108
275
152
963
182
115
84
479
715
5
759
415
84
389
239
908
866
816
609
197
270
729
174
160
665
58
531
202
587
514
567
47
141
71
362
324
538
798
155
253
155
915
20
239
304
260
499
170
428
460
720
698
190
246
211
207
304
742
409
243
609
328
290
102
751
4
426
289
802
582
542
957
849
915
548
153
175
399
675
603
860
747
653
402
993
864
609
650
959
370
893
568
51
536
670
802
540
449
92
695
383
986
4
232
901
905
737
428
656
412
383
516
512
37
270
505
253
231
507
212
602
753
132
653
289
155
807
181
604
899
228
339
238
233
923
139
490
660
568
146
72
303
15
584
692
285
442
946
517
301
510
471
54
643
124
343
798
931
877
754
183
105
93
421
690
16
560
532
28
480
679
452
136
694
389
828
331
831
126
848
132
637
319
539
632
795
234
782
79
111
536
262
569
981
35
611
349
947
144
377
780
175
829
916
869
218
744
552
401
223
753
886
860
72
425
844
220
11
626
651
123
514
265
44
495
300
655
196
247
151
925
379
326
106
295
547
325
392
100
78
615
853
316
827
277
93
671
849
105
297
500
580
163
765
624
10
417
631
206
17
783
483
396
461
589
44
9
266
436
461
345
403
314
13
230
943
107
253
793
212
902
293
792
65
411
768
75
828
399
633
845
534
116
594
996
57
638
5
324
74
466
21
829
132
34
411
75
493
664
220
705
566
866
849
983
277
617
58
457
369
43
655
903
511
601
899
568
239
256
244
665
74
265
494
206
652
905
634
145
569
854
203
487
72
404
470
701
374
880
159
743
275
166
646
786
767
898
706
6
506
303
23
581
920
517
139
572
774
125
70
695
332
273
182
404
29
4
106
403
236
617
146
511
783
145
649
902
395
707
260
901
10
283
834
931
152
974
855
926
99
925
973
431
550
507
188
580
511
294
335
99
911
482
610
46
979
611
948
374
318
208
275
681
491
110
612
995
436
819
921
887
97
246
319
647
753
507
579
616
153
915
715
64
749
677
462
728
288
410
102
606
970
729
287
813
191
251
808
627
71
81
515
520
327
186
167
80
45
99
48
198
366
763
614
115
440
76
195
728
486
649
686
456
730
326
269
922
577
429
901
0
510
416
520
837
954
40
269
999
491
317
549
857
432
163
324
872
239
871
952
77
520
638
885
250
316
506
524
894
935
426
246
445
194
119
634
149
511
903
148
2
572
50
211
4
213
887
228
805
758
180
882
630
171
120
232
487
626
109
733
914
535
332
711
729
803
346
878
314
601
379
668
526
429
231
882
994
470
111
799
580
643
34
210
166
154
794
6
132
903
91
398
790
775
110
520
578
808
750
244
761
481
264
287
262
495
522
257
965
633
408
545
628
442
107
795
948
254
153
81
157
244
831
948
20
941
820
950
101
922
195
863
404
811
502
666
307
24
275
624
9
684
522
638
478
981
785
427
235
938
860
745
534
691
45
906
985
217
857
86
139
404
301
543
215
156
562
874
532
189
499
894
873
373
884
704
354
21
131
942
959
343
39
845
34
436
752
371
653
609
810
792
365
463
688
580
619
602
455
504
791
306
750
17
679
634
721
385
655
852
679
966
195
718
811
581
154
915
953
159
876
115
952
241
578
992
822
550
594
629
54
385
935
804
754
966
790
475
351
445
679
31
763
226
101
926
160
608
842
465
767
718
580
719
312
158
63
486
708
657
115
114
395
402
918
149
368
708
625
71
505
656
102
268
883
556
195
43
164
389
508
283
459
88
355
771
598
418
609
307
76
76
773
471
478
692
620
198
752
597
270
610
254
372
230
489
280
777
532
796
166
392
80
978
832
435
101
430
853
711
89
281
787
863
104
618
907
77
816
11
674
86
621
280
811
204
769
443
981
653
240
500
397
672
478
229
107
579
12
312
642
453
946
782
668
50
400
927
127
568
939
802
7
912
434
170
116
556
613
450
209
205
950
959
877
780
540
336
359
904
649
2
358
947
784
378
997
536
306
125
104
245
279
463
509
713
633
978
621
247
428
183
452
730
142
682
510
682
18
869
587
19
223
297
966
359
27
964
895
333
89
352
930
720
815
440
785
801
418
407
400
198
590
204
928
732
886
438
766
905
659
705
924
883
354
891
242
382
855
138
715
296
842
646
16
9
438
801
810
856
560
210
54
150
415
334
234
301
772
1
206
431
58
483
666
413
374
909
795
581
399
510
877
593
508
245
602
946
398
413
154
959
975
560
461
390
894
696
44
18
49
602
802
107
85
468
520
811
729
315
392
480
178
621
73
686
866
676
985
617
441
139
576
416
52
37
159
946
85
555
317
134
157
119
242
595
939
114
758
669
430
151
149
960
772
223
998
991
251
983
608
692
475
536
460
879
925
971
177
11
526
494
145
36
613
739
631
905
854
741
574
636
892
75
948
17
650
946
360
901
282
968
945
109
856
758
988
781
729
165
792
256
660
290
292
625
381
275
882
235
16
456
223
261
884
171
630
886
118
342
140
752
310
85
861
518
195
849
299
925
366
444
181
378
734
825
4
115
452
886
703
820
695
926
433
931
450
415
817
568
757
957
320
419
395
533
937
590
734
237
867
100
681
48
479
767
225
835
882
29
73
937
850
120
864
635
51
666
51
221
234
808
530
906
228
277
791
517
868
525
754
735
625
787
136
104
554
713
291
789
743
365
78
945
485
294
932
889
960
983
110
546
144
992
452
724
270
243
241
138
768
348
225
746
487
713
202
394
779
494
535
874
859
613
171
696
908
103
585
868
439
47
415
935
40
219
11
310
815
252
800
935
952
377
681
792
443
236
186
222
730
73
96
941
686
619
989
946
722
575
167
513
974
934
448
14
153
459
676
320
64
476
256
368
206
289
160
649
525
698
871
607
771
319
900
810
938
890
756
12
817
275
878
791
209
326
158
715
138
186
35
554
15
291
274
221
933
787
870
458
485
93
418
609
412
318
771
702
560
879
714
377
155
592
521
364
271
31
79
761
217
115
667
232
758
941
453
43
728
675
854
566
768
272
527
532
942
298
234
503
177
301
880
684
245
401
49
868
432
480
629
2
947
296
234
58
590
40
101
670
715
955
236
836
579
115
368
522
413
603
25
943
256
905
627
501
659
28
370
443
861
351
445
160
0
32
218
590
72
672
260
139
979
849
975
559
964
696
81
730
299
106
25
907
363
4
408
374
385
778
818
598
130
615
758
130
647
329
72
71
1
684
211
980
885
538
891
850
234
972
932
885
430
309
792
794
313
553
520
50
683
338
648
165
306
407
647
953
736
719
377
89
404
588
421
289
478
313
491
713
285
775
950
716
84
95
862
750
648
382
800
331
73
449
497
379
208
144
684
944
864
61
385
620
1
806
261
480
119
105
545
757
232
847
825
669
942
687
419
590
421
571
922
494
20
419
225
580
915
910
876
131
323
261
751
325
68
365
157
539
470
54
296
54
901
473
723
844
160
142
786
934
66
708
780
438
479
6
19
747
268
895
878
591
157
630
268
577
347
777
468
169
831
117
223
85
590
947
929
103
441
67
37
507
776
817
946
607
175
317
354
795
212
233
739
721
215
7
298
562
137
767
83
968
884
306
53
826
605
334
929
47
402
966
906
530
136
204
489
663
521
196
459
734
429
198
807
996
557
106
910
694
225
993
15
461
299
420
287
905
107
217
304
509
535
210
391
671
767
232
335
288
428
146
374
209
344
182
205
901
640
115
948
865
108
963
678
760
735
317
665
842
886
321
703
422
883
94
445
650
679
132
939
107
278
665
317
974
847
522
228
487
990
176
704
98
491
382
858
226
52
875
69
938
196
772
712
432
219
158
82
898
642
373
357
921
39
674
895
886
549
123
374
539
651
430
989
142
165
200
721
217
427
790
155
976
914
220
408
485
730
490
735
372
216
93
645
255
119
541
141
20
16
867
559
668
650
901
162
815
101
883
32
528
25
539
504
292
759
264
129
489
755
865
214
971
310
859
578
781
752
719
802
769
939
713
789
589
614
951
756
67
187
788
948
564
679
804
856
439
69
986
280
824
203
846
147
865
706
725
646
458
796
800
579
87
514
368
28
480
672
784
900
859
924
848
775
604
652
632
43
721
970
675
897
525
522
396
390
580
473
388
390
622
189
970
709
55
338
90
887
10
874
787
221
151
635
349
755
640
333
150
713
303
825
963
180
699
711
922
631
185
310
22
807
851
992
868
258
682
958
146
45
185
933
618
336
921
967
443
561
300
593
626
955
770
589
135
822
301
409
453
838
72
475
997
923
819
865
182
502
176
680
547
713
613
165
401
886
133
844
799
785
789
426
741
559
367
228
381
20
638
835
858
710
662
855
985
482
73
519
984
601
199
883
314
165
48
67
51
533
263
851
319
52
277
412
611
996
640
993
17
278
180
227
988
842
435
326
676
508
845
660
461
45
895
775
210
944
194
261
829
457
112
500
509
741
912
120
738
553
465
107
831
997
334
172
840
769
498
516
629
695
529
90
740
424
217
302
720
411
916
902
220
380
402
729
122
315
202
212
868
19
319
51
17
653
575
857
775
73
725
404
769
606
847
861
383
64
164
455
828
432
357
48
812
112
130
286
427
332
498
647
351
169
698
368
823
274
577
950
699
655
354
820
261
553
682
996
618
198
804
798
630
161
198
794
625
328
81
52
660
579
699
364
749
750
84
924
24
662
874
75
317
580
896
930
134
930
279
104
128
83
254
110
596
452
904
222
781
337
626
793
917
326
157
18
76
594
294
452
256
520
527
925
100
423
207
586
353
486
42
833
921
296
295
518
101
552
92
882
889
718
27
158
396
537
528
824
131
822
276
739
342
156
664
795
931
871
733
637
710
128
822
983
424
118
501
525
22
945
759
911
664
787
70
412
676
598
237
807
773
865
546
115
21
562
262
953
785
348
942
847
476
764
831
900
882
684
778
904
630
889
168
646
28
590
58
704
188
295
863
313
513
761
781
534
323
43
839
109
391
781
956
867
546
787
120
780
472
250
37
454
491
205
100
520
147
510
576
687
806
792
1
671
553
782
205
877
177
397
338
921
178
294
140
76
434
260
209
258
862
246
712
354
803
164
226
950
674
154
637
832
946
638
503
500
772
709
377
950
106
67
871
636
361
363
65
147
624
274
405
838
520
469
544
675
633
770
625
308
277
614
140
223
605
996
723
377
57
452
679
515
519
902
151
233
266
216
380
242
842
138
432
362
607
977
389
593
99
366
253
376
981
745
600
938
741
675
667
798
480
699
313
999
601
817
584
219
385
317
813
228
455
246
942
414
223
332
359
674
698
612
51
31
710
3
321
451
30
989
602
510
688
915
862
641
84
798
861
470
115
674
698
922
272
640
689
847
972
48
522
23
13
925
406
723
280
728
526
310
69
128
173
109
396
387
750
480
185
963
950
653
990
0
575
262
641
264
110
965
665
984
988
30
261
747
753
541
827
631
203
896
112
728
357
508
115
107
340
653
423
291
306
413
291
233
675
284
498
137
250
515
473
590
545
734
337
650
627
516
633
831
764
745
911
121
253
379
581
594
32
4
237
690
417
880
923
444
165
773
934
415
288
407
357
185
494
47
187
121
563
821
304
328
566
216
801
172
947
382
766
979
386
355
21
155
235
944
600
752
70
534
519
710
293
877
896
787
276
435
909
839
256
565
519
175
781
321
347
728
55
465
59
442
820
432
949
407
729
549
512
799
435
31
509
729
260
405
868
536
193
129
728
449
695
247
624
828
920
971
909
976
788
320
770
608
753
719
368
482
621
880
281
56
263
790
137
876
548
358
764
741
487
492
542
182
92
519
11
12
490
920
340
279
240
110
239
993
182
959
827
803
191
460
859
455
603
349
683
151
707
447
244
546
292
138
729
384
657
92
748
500
12
89
131
604
551
370
950
733
682
777
536
873
238
748
680
841
449
363
344
508
811
940
54
455
430
135
839
88
227
939
940
591
380
71
196
932
793
498
17
475
627
906
349
217
654
29
410
455
393
754
963
556
46
369
363
829
505
554
917
84
493
857
676
874
280
224
158
73
722
527
549
701
433
898
919
439
279
329
894
24
436
209
580
482
931
295
663
436
849
580
520
343
789
548
569
69
772
79
143
846
606
44
548
392
942
467
831
221
148
78
246
584
639
178
419
570
474
82
358
323
15
231
18
804
779
587
226
904
18
721
102
625
765
650
369
707
469
200
280
618
630
878
554
270
409
973
192
883
56
551
558
71
134
577
227
265
516
805
169
887
526
272
512
291
274
881
350
96
433
983
66
64
861
620
686
270
594
230
505
2
133
416
425
267
345
652
533
213
810
54
100
336
326
964
980
953
197
330
49
631
665
467
47
879
87
85
501
33
315
7
387
449
775
812
68
120
817
601
333
627
8
434
315
686
398
295
639
596
978
40
579
643
507
978
522
947
63
24
332
730
383
720
179
158
884
600
278
701
553
963
680
561
749
996
248
500
643
239
448
621
280
27
265
139
357
139
86
420
163
771
150
546
491
682
56
375
282
686
429
187
650
461
749
751
809
997
251
453
588
699
74
868
78
691
360
435
831
446
207
994
217
358
893
60
392
949
788
26
636
569
213
638
30
314
389
840
663
641
645
252
692
719
120
771
411
480
558
242
279
766
588
848
476
833
261
220
783
49
246
771
618
811
761
0
478
150
192
141
143
837
393
188
909
866
311
320
698
869
914
329
987
854
530
463
688
791
35
823
192
281
594
162
445
707
162
923
857
355
416
353
192
810
541
101
28
204
773
78
73
39
408
413
894
938
876
934
81
264
757
273
897
703
435
342
410
949
617
619
304
34
972
849
196
865
302
224
69
428
654
495
467
62
908
713
352
136
647
433
400
404
58
298
459
493
992
869
443
962
489
99
996
813
948
544
31
603
120
452
31
774
947
498
837
207
564
189
696
211
975
448
968
33
98
427
527
91
649
322
53
138
421
401
303
722
945
334
325
65
787
356
839
86
206
676
646
770
218
694
334
193
142
654
226
241
433
105
684
82
779
737
572
201
490
876
275
435
562
600
500
701
308
691
140
514
368
786
637
938
480
971
483
974
977
61
215
410
519
899
845
298
988
417
851
478
645
126
913
560
78
765
261
738
457
753
253
177
539
242
115
371
565
950
698
542
11
913
304
530
165
149
829
153
567
32
984
564
159
249
124
589
15
738
328
824
491
933
1
383
527
468
106
92
418
804
986
781
70
290
312
235
440
493
740
359
525
76
923
36
326
48
978
693
138
306
517
629
591
870
364
118
338
471
210
108
275
196
889
345
838
553
932
278
46
25
637
924
101
913
960
427
313
938
120
451
596
989
80
187
859
445
305
549
268
867
657
895
415
899
241
254
452
525
884
851
550
522
775
4
435
87
431
748
26
904
551
974
893
983
514
105
780
171
654
48
39
312
944
806
563
537
60
15
62
945
866
965
819
641
969
606
81
752
706
459
8
257
433
254
592
947
359
373
119
13
421
510
677
365
316
240
254
729
256
317
26
474
634
197
468
955
155
549
707
861
8
68
470
441
322
62
741
681
435
212
694
209
74
724
926
742
964
181
823
572
850
849
47
484
398
515
439
553
416
498
766
424
566
588
217
240
3
310
921
790
522
968
999
948
44
926
691
8
107
866
581
957
68
980
793
466
495
232
372
263
82
490
687
1
79
256
241
82
567
515
872
441
835
224
390
879
150
433
239
609
299
820
918
367
800
711
186
647
295
558
262
377
400
949
730
479
206
324
913
125
191
138
566
378
362
308
257
864
93
496
473
745
669
391
464
821
454
650
821
749
560
83
478
961
385
209
792
943
885
706
68
428
844
986
806
558
647
415
422
92
911
247
837
932
638
302
106
92
304
927
193
217
362
671
530
747
232
322
690
117
380
110
897
576
449
703
134
96
118
908
188
382
155
378
314
145
680
772
589
336
699
782
905
414
806
435
161
38
110
204
508
842
314
405
419
763
109
905
211
227
814
752
961
969
130
276
467
162
400
56
850
100
839
756
514
645
543
27
35
5
231
543
848
898
301
619
13
410
876
577
989
690
329
951
12
459
579
479
621
979
535
471
431
726
579
297
723
123
325
759
480
908
302
328
158
603
299
172
365
176
749
707
218
430
658
230
889
589
61
862
920
949
685
352
675
617
1
399
92
678
510
572
939
812
901
97
768
552
621
485
80
722
192
299
152
202
881
393
791
295
607
64
244
293
768
271
262
769
22
354
448
532
926
387
697
179
836
817
732
458
302
164
180
847
463
333
49
697
78
193
992
686
257
236
331
25
507
593
146
882
947
946
414
225
685
463
405
522
280
489
980
583
653
160
430
117
845
831
166
924
24
158
962
633
394
293
658
253
886
157
487
185
103
902
410
789
365
167
311
998
656
643
581
310
155
363
779
1
194
945
277
571
455
239
204
201
884
215
806
122
372
294
307
475
548
69
264
265
237
927
263
245
570
196
907
726
559
38
79
106
335
356
677
790
947
233
991
831
448
798
953
820
444
612
648
992
33
264
257
270
192
521
868
762
717
775
840
629
814
919
735
149
627
764
292
574
997
283
757
798
433
62
618
877
26
618
869
60
883
479
330
75
352
198
189
69
974
382
50
140
301
137
641
929
901
933
855
251
217
613
49
2
27
19
880
54
638
101
114
873
932
444
948
284
995
489
706
321
871
756
813
525
894
454
454
147
388
309
750
957
274
799
959
302
171
191
708
809
293
822
682
225
618
982
862
965
823
568
286
47
676
99
572
922
906
378
70
294
39
172
251
314
972
210
968
495
402
676
304
47
850
338
624
468
672
838
434
495
406
72
894
435
524
466
357
430
844
779
76
236
952
679
550
276
889
870
771
643
898
427
42
748
765
19
568
789
857
354
284
616
779
531
51
303
997
408
85
194
540
161
430
492
840
332
768
81
554
891
77
452
318
471
552
435
842
472
224
700
179
508
668
958
391
719
613
389
479
698
935
19
211
717
863
403
49
983
836
955
874
265
759
192
89
663
627
931
135
851
631
314
712
651
272
103
370
885
844
202
935
131
573
498
848
437
901
249
420
90
204
647
355
963
839
796
978
819
728
114
22
711
780
734
363
53
190
85
290
386
287
578
518
213
76
366
2
330
968
774
420
524
421
127
840
613
276
818
432
4
932
454
715
713
541
430
118
83
516
760
469
155
690
987
368
767
706
722
449
674
497
221
198
918
700
38
531
976
857
315
980
141
122
48
206
15
478
676
98
994
437
919
502
127
907
222
246
965
945
695
991
442
916
541
712
969
932
596
945
141
263
926
282
385
326
489
400
804
165
850
151
954
770
653
434
29
875
680
346
172
728
337
614
996
878
679
965
810
275
911
951
538
189
586
276
867
427
28
671
944
879
822
251
1
827
685
382
55
717
728
227
445
65
194
794
295
873
759
458
500
22
761
38
563
347
666
430
126
695
454
71
926
276
322
279
456
359
661
511
76
741
90
874
806
284
668
453
157
427
911
9
802
673
48
717
372
66
148
499
113
602
922
39
230
596
670
38
955
683
549
383
424
640
257
582
924
925
36
434
705
299
443
859
324
843
576
49
262
76
900
375
678
822
767
261
770
437
299
725
121
201
460
545
841
718
128
117
995
516
903
700
815
699
559
492
542
488
541
804
564
441
532
243
615
299
856
385
736
507
462
209
708
922
107
549
992
587
19
988
103
922
688
270
621
600
114
516
88
655
672
652
448
204
247
63
855
455
800
944
963
614
153
671
537
260
573
529
847
592
869
302
866
558
573
840
510
687
356
950
695
380
602
143
937
202
559
792
657
359
736
972
974
890
644
863
502
217
744
702
161
614
4
27
524
929
867
34
617
575
984
664
308
938
807
245
492
718
37
502
78
126
474
404
368
118
267
870
687
363
572
200
977
577
228
501
858
447
887
827
375
223
491
683
514
651
280
6
369
317
508
799
795
335
203
163
805
822
34
493
186
958
45
515
887
273
369
746
73
256
573
800
832
65
835
346
68
115
352
437
784
213
589
580
548
792
743
353
967
129
198
153
88
244
668
327
869
37
73
942
646
999
94
478
416
929
176
484
44
528
273
829
741
862
409
641
655
504
995
974
634
193
127
74
437
147
401
307
537
827
601
535
178
48
365
594
977
541
78
374
69
703
555
163
566
316
156
573
820
151
547
454
697
26
880
134
525
634
793
414
813
747
949
991
795
314
585
124
207
15
850
629
718
405
792
636
721
948
209
542
452
756
348
149
134
581
635
660
215
781
74
28
528
376
371
675
42
956
151
250
323
2
879
41
407
23
678
481
323
239
375
775
348
723
276
482
656
912
494
871
45
921
251
925
297
622
600
339
930
103
589
253
105
468
647
865
843
677
698
167
916
73
294
264
148
571
99
805
835
593
28
880
514
280
805
163
254
757
503
185
860
444
790
318
265
789
535
108
466
233
275
735
658
922
351
806
493
450
963
680
396
992
912
262
624
69
426
878
826
929
415
38
725
558
708
990
347
595
99
166
180
726
901
838
648
252
997
493
55
960
173
803
304
437
65
928
506
843
159
684
124
926
75
850
484
135
840
184
731
291
702
911
18
603
102
18
207
99
512
614
411
37
417
716
475
835
996
333
678
155
370
155
82
445
5
918
580
845
454
663
137
156
927
507
759
29
525
319
480
389
285
243
779
55
959
254
890
308
939
920
463
309
75
897
106
432
816
687
278
622
702
767
779
629
626
890
10
503
561
490
893
847
86
672
902
397
278
144
705
217
64
169
879
492
418
985
924
586
24
554
209
727
673
988
356
299
230
367
803
792
209
48
991
295
720
893
693
998
37
750
567
453
271
446
945
690
784
222
276
808
776
485
535
802
825
892
101
408
611
256
200
172
304
543
468
24
436
513
374
825
615
294
278
887
740
576
577
876
798
853
685
926
691
220
728
868
464
182
276
427
790
828
600
95
371
420
471
159
285
198
984
900
492
615
787
584
543
716
461
693
570
498
619
613
70
700
833
887
234
462
314
24
290
266
471
14
686
295
525
323
493
862
224
337
477
363
921
372
80
734
65
2
232
36
967
655
88
800
542
322
262
208
699
905
475
522
271
513
817
796
837
662
10
413
999
839
128
273
211
560
359
276
562
944
313
881
599
401
682
141
76
296
349
127
553
176
649
824
690
467
973
879
481
983
644
481
823
772
106
386
333
465
663
247
409
328
129
360
81
163
501
509
459
203
636
13
379
286
189
69
105
162
300
586
498
944
419
673
717
525
59
402
343
722
649
104
402
130
465
484
293
318
993
105
521
982
470
901
268
659
322
373
174
975
959
672
919
379
345
988
256
404
390
599
479
392
704
881
874
521
717
520
839
63
625
361
45
447
614
313
106
288
38
280
263
349
304
183
80
1
523
337
758
914
288
237
658
344
470
884
865
540
404
705
603
29
418
0
476
384
665
935
672
703
567
936
404
224
471
485
225
994
174
983
260
814
572
270
159
395
155
376
935
559
81
890
941
851
242
769
235
907
56
908
962
624
196
366
848
19
203
73
365
729
409
978
544
333
600
55
728
107
431
15
667
865
257
960
716
499
81
952
406
138
212
720
762
760
439
962
131
994
387
496
724
796
826
620
130
427
675
858
886
458
226
553
323
483
865
392
983
947
696
741
85
908
814
199
20
253
161
151
599
548
999
323
697
178
295
179
957
322
389
843
781
615
749
456
99
614
848
434
913
544
175
350
804
989
901
824
594
62
327
194
963
679
869
12
857
165
191
814
839
580
657
972
196
406
429
647
373
277
81
638
174
256
989
978
598
890
155
544
305
482
738
620
161
960
632
370
477
823
184
316
755
194
289
303
952
70
950
325
347
31
964
873
640
305
204
590
547
359
134
852
193
225
472
707
185
456
77
662
631
614
330
387
808
971
690
112
41
993
438
741
24
754
614
16
411
818
958
958
529
93
163
723
670
635
782
207
444
211
221
75
825
551
814
985
523
505
98
564
498
888
305
874
994
272
243
405
90
201
715
972
646
878
47
668
866
829
875
310
40
96
737
218
0
552
555
875
57
653
791
907
893
449
133
887
721
728
644
163
282
360
135
928
590
182
949
456
363
824
118
756
273
856
326
625
408
881
500
817
887
291
76
780
740
209
20
813
290
664
977
572
376
464
852
319
647
801
775
362
978
246
118
251
102
444
228
510
678
728
679
565
371
755
345
464
316
717
277
606
382
254
178
110
71
31
429
70
832
557
432
810
803
903
413
905
699
641
767
377
721
446
942
93
553
640
557
869
357
186
476
91
793
654
554
864
37
983
934
870
892
366
32
695
621
798
952
321
791
71
698
513
869
993
958
422
633
867
292
342
53
120
434
846
774
988
62
164
323
996
34
216
715
418
263
336
216
216
657
8
639
708
873
509
701
831
931
686
698
575
28
103
695
814
950
822
154
364
986
830
361
372
398
428
790
661
764
359
229
774
367
869
482
240
730
535
423
661
221
121
589
601
224
284
416
526
458
922
243
796
752
604
168
150
384
311
164
148
670
393
274
389
614
756
981
344
291
404
358
864
877
947
466
453
583
234
332
42
508
575
838
261
179
359
763
563
670
927
63
692
321
338
81
287
446
62
632
90
818
990
954
695
289
772
500
872
358
832
266
867
407
105
480
938
816
243
853
486
523
917
178
196
607
611
483
405
673
467
495
843
809
802
890
98
926
390
323
285
223
589
504
982
46
336
921
862
931
774
348
454
43
878
2
2
489
486
408
514
305
903
709
115
705
599
213
984
342
536
621
565
478
125
547
524
813
820
387
744
595
87
551
990
318
553
993
807
391
753
674
697
656
383
812
714
335
377
698
677
266
319
242
96
796
141
620
961
314
359
705
261
799
608
251
117
514
596
276
905
349
302
954
358
686
118
72
21
848
122
698
114
793
292
210
589
785
182
550
451
542
607
712
693
568
316
162
82
912
438
339
614
741
294
972
779
764
396
152
612
518
202
726
311
846
288
252
631
823
154
83
717
761
147
410
329
463
572
763
376
362
103
990
455
749
314
234
513
710
738
126
580
940
204
891
786
845
495
770
20
649
205
737
410
352
499
92
816
71
207
544
785
310
886
241
411
200
827
277
262
566
403
842
506
959
85
645
156
580
415
176
229
620
913
991
324
412
83
492
835
291
36
621
953
274
214
717
826
41
994
440
607
749
282
466
708
367
111
217
299
878
393
528
850
659
520
526
423
955
19
611
246
407
232
552
682
446
269
860
839
263
301
799
12
935
265
72
303
728
641
602
958
35
483
808
46
355
334
469
310
705
80
909
113
664
461
147
462
82
7
302
697
660
453
709
596
718
133
251
798
775
205
756
162
688
916
560
43
602
381
706
308
814
615
421
478
428
568
293
510
927
947
207
940
400
268
536
470
753
139
268
528
344
376
42
385
644
602
780
246
984
486
554
150
101
975
980
529
895
273
391
175
572
598
115
972
218
3
794
972
142
414
500
486
790
895
223
434
849
4
681
185
490
587
335
592
915
316
473
162
941
865
337
514
815
804
486
34
159
281
6
301
695
858
140
838
753
363
624
603
719
657
140
210
245
476
154
160
792
627
322
733
492
12
599
308
168
86
694
328
719
700
981
766
558
473
956
664
189
581
619
908
590
759
118
835
235
272
347
379
252
22
465
744
34
64
404
554
502
450
234
573
150
216
692
61
689
648
725
230
581
344
139
172
455
257
359
43
882
707
422
134
729
239
230
115
656
987
669
158
437
904
84
940
472
776
1
513
776
78
744
710
774
883
234
229
492
593
272
374
300
47
860
381
638
443
848
294
782
518
805
219
774
889
511
598
17
512
111
145
590
855
855
364
738
441
946
583
35
218
309
687
617
522
69
256
965
917
550
747
787
707
318
913
596
830
511
965
694
623
463
285
830
318
1
921
112
299
504
147
870
165
834
487
687
255
95
652
525
998
751
664
705
70
930
654
252
441
619
946
416
82
583
599
753
937
520
865
236
376
364
106
541
550
594
229
158
689
233
35
39
985
699
745
55
981
399
307
775
370
605
543
805
189
142
910
126
14
775
362
390
491
821
932
41
415
513
199
456
746
234
496
731
286
593
138
267
992
445
42
714
403
586
519
592
80
429
70
95
556
784
485
47
605
769
441
372
634
992
181
381
579
29
464
217
622
603
836
966
400
879
680
803
817
200
747
249
981
817
344
538
602
182
937
207
303
730
580
938
723
761
671
654
790
135
871
764
738
707
730
491
938
410
294
107
962
394
357
944
211
701
834
813
235
771
373
539
502
305
477
577
418
148
231
560
635
102
324
726
161
54
217
100
816
863
559
779
257
916
75
469
970
909
634
205
32
359
744
886
664
573
463
82
721
694
642
709
148
966
435
662
372
4
114
541
867
673
320
477
590
747
298
912
8
932
117
40
292
214
927
308
787
742
391
861
437
385
570
937
704
357
599
76
361
713
617
580
739
289
57
681
388
355
593
396
640
62
789
284
276
716
592
416
458
335
277
247
721
199
537
425
556
488
853
269
554
471
849
293
112
907
974
501
614
919
249
254
981
38
890
610
106
483
26
917
818
655
516
891
854
53
316
410
542
170
31
448
993
880
741
105
139
67
958
754
986
560
360
319
598
251
929
57
86
307
974
904
962
490
148
816
896
464
578
790
634
609
238
979
490
979
437
629
46
747
735
384
307
96
55
258
347
985
315
785
292
641
41
607
483
189
423
379
654
354
169
640
963
407
620
805
738
409
787
136
156
522
872
464
618
928
74
317
913
741
102
557
382
144
516
865
333
940
597
339
294
766
980
609
526
952
415
616
713
202
753
869
724
625
685
695
905
759
364
170
852
819
728
234
315
596
452
0
536
49
340
182
167
672
792
45
976
559
662
689
761
767
558
837
744
596
884
650
355
249
820
560
420
900
794
735
497
598
735
385
999
427
568
519
99
712
916
75
271
930
764
32
697
675
221
794
271
458
444
978
59
616
538
479
869
685
214
366
635
301
103
987
729
671
506
828
383
422
256
654
705
372
38
402
399
612
548
670
70
344
1
129
961
891
608
830
928
174
548
564
827
651
551
556
675
409
737
410
183
993
417
888
717
455
643
117
419
191
139
489
536
140
618
849
384
578
679
312
104
579
228
932
582
779
488
257
540
577
668
724
570
85
964
640
892
607
757
312
151
896
153
687
389
124
536
773
54
567
85
159
498
314
91
80
445
931
690
338
509
710
414
431
147
378
71
39
338
180
703
489
429
209
176
818
333
64
943
387
983
380
898
833
46
341
265
492
625
955
182
134
665
596
917
812
974
341
204
312
521
259
801
302
468
329
120
801
745
415
541
80
796
791
265
842
133
531
686
758
486
868
244
504
464
161
668
791
854
224
103
376
484
257
678
304
938
151
458
36
566
999
468
362
142
734
557
275
265
243
33
103
112
629
607
928
791
628
719
997
852
175
373
688
784
404
993
722
907
451
110
473
802
579
188
944
313
97
572
578
340
957
681
804
587
641
85
730
621
156
727
825
331
453
514
115
857
859
190
116
662
300
589
464
879
129
760
544
578
332
122
919
290
156
75
877
149
160
607
770
317
686
947
0
139
813
468
996
672
658
112
334
310
54
150
542
535
263
86
114
595
561
385
885
717
812
114
218
325
73
340
994
760
287
994
899
101
814
248
125
472
712
460
135
118
962
677
6
225
763
472
173
324
209
58
393
21
525
963
346
598
303
692
710
591
687
610
44
501
210
169
326
274
981
461
393
944
138
751
521
253
223
694
930
432
105
675
805
630
639
152
580
942
844
291
885
883
253
929
737
815
99
415
89
80
876
834
376
366
585
250
971
160
944
253
944
401
929
750
383
920
902
316
862
98
607
100
334
212
381
71
27
480
838
116
913
714
951
641
432
888
891
755
49
188
9
993
941
938
95
325
858
349
641
72
448
600
524
134
812
906
557
839
386
395
307
651
109
610
293
893
499
536
648
900
724
657
245
18
947
341
343
805
690
336
230
490
936
754
624
748
660
181
939
399
576
598
50
37
209
695
282
708
584
283
960
660
940
205
678
888
898
21
45
589
357
627
431
645
382
56
745
394
589
684
793
518
283
196
907
844
891
190
904
475
473
864
136
765
421
166
5
320
188
403
261
897
30
692
543
412
100
640
159
42
677
952
560
312
148
819
156
392
361
60
219
186
924
707
952
345
874
957
17
414
712
630
311
743
675
206
507
775
847
666
169
524
971
81
836
119
901
992
863
262
52
83
449
328
790
753
25
16
62
395
430
775
25
742
870
700
300
377
828
147
396
997
23
367
431
211
838
332
203
702
946
607
137
747
287
279
852
313
296
915
708
726
42
85
820
912
786
121
641
966
620
389
963
644
108
394
855
947
78
411
1
377
370
138
476
10
417
329
675
65
596
735
792
990
820
964
254
606
85
895
572
58
637
888
54
745
634
261
44
65
24
45
794
395
535
270
405
305
951
80
370
899
815
162
889
987
479
143
946
564
391
518
974
28
758
28
125
745
290
170
810
314
567
956
61
455
578
818
760
530
250
130
781
417
645
23
405
124
166
351
40
909
221
15
289
980
395
415
77
37
937
239
352
856
195
765
663
773
584
423
655
186
906
437
604
551
460
9
27
978
360
419
240
581
786
529
913
182
296
990
219
585
229
923
794
424
41
457
550
625
881
205
163
139
642
767
42
454
776
421
785
488
840
25
70
627
906
335
809
203
678
380
140
907
304
934
684
345
744
586
322
977
791
485
116
786
253
158
592
381
579
377
870
771
754
292
398
661
627
559
216
305
940
356
565
596
643
601
293
387
187
615
716
978
452
832
764
57
342
709
791
273
86
661
44
841
953
443
854
932
354
70
238
294
778
155
242
421
756
535
160
943
502
876
921
955
60
38
364
402
747
155
27
185
168
72
378
121
867
232
406
221
654
996
868
433
151
110
206
907
646
719
850
148
947
123
455
8
513
820
762
260
327
790
798
496
214
176
969
81
761
375
654
415
371
874
200
522
985
407
429
983
478
631
131
425
755
939
785
268
759
548
881
86
690
679
934
904
207
904
337
320
631
343
736
3
218
936
877
555
695
659
538
525
290
21
951
397
960
736
18
719
636
899
158
326
930
444
582
489
348
271
810
980
967
898
335
185
186
212
740
234
223
278
759
514
299
710
263
612
799
281
683
787
532
841
466
814
638
48
656
986
672
466
318
639
716
653
176
902
218
916
136
441
546
248
307
197
958
923
809
109
556
493
897
441
686
363
255
324
763
911
663
435
729
333
426
797
339
602
700
909
870
188
702
416
436
10
966
747
285
127
856
841
972
105
282
659
820
890
335
584
153
350
371
235
36
798
32
375
752
732
284
623
273
986
391
709
348
357
456
633
485
665
827
809
122
461
820
943
351
156
879
505
858
250
740
894
400
772
621
153
857
257
776
130
596
167
191
944
877
648
930
714
665
109
523
787
570
344
82
922
852
961
779
62
564
519
309
316
643
930
469
852
188
597
982
136
117
174
80
994
174
362
60
191
823
583
330
394
927
765
668
131
726
447
194
642
318
503
959
961
785
780
814
325
378
148
461
847
674
894
841
200
608
901
391
432
836
74
826
116
839
494
247
917
941
793
560
259
648
871
572
434
651
738
759
29
239
573
228
913
467
69
114
75
322
857
859
511
283
685
627
122
531
226
40
824
20
952
435
668
823
8
454
826
98
214
208
337
139
436
251
606
506
717
33
180
926
893
43
210
930
670
684
814
249
724
638
621
28
74
289
203
434
96
30
532
662
238
222
801
674
825
759
532
542
792
65
820
37
108
30
320
131
67
134
380
791
124
1
172
198
642
375
984
738
405
869
400
995
91
553
670
916
312
202
810
457
619
982
846
728
365
166
859
432
652
591
575
777
944
747
327
586
475
312
677
880
533
429
228
624
983
898
892
647
452
54
104
72
36
951
800
401
469
11
833
474
602
409
251
898
508
930
484
983
594
513
216
127
295
444
751
630
694
995
277
146
49
382
570
438
685
722
839
506
733
25
980
687
786
583
937
646
514
422
630
108
287
198
236
582
642
339
212
336
335
842
834
736
576
405
174
613
479
366
119
565
743
100
604
529
35
542
175
549
964
157
10
603
355
598
538
349
937
102
37
624
944
872
713
520
629
239
133
108
605
253
25
348
705
630
229
92
172
405
994
488
914
4
91
270
954
629
971
243
732
9
220
28
233
933
549
862
172
34
322
778
639
348
478
696
978
708
789
502
465
783
990
379
139
81
1
93
63
973
336
147
982
556
175
215
489
724
429
14
759
103
144
398
451
622
95
781
330
236
283
795
19
273
527
510
707
528
603
770
501
939
917
835
848
92
50
689
169
831
703
928
935
847
678
386
822
125
520
152
361
155
300
732
781
179
242
488
707
197
610
561
137
879
396
337
971
799
26
492
630
730
772
565
929
803
304
751
928
176
256
642
683
908
726
464
87
969
304
146
166
914
707
655
793
456
992
117
607
371
609
589
453
734
155
734
537
811
486
817
339
94
459
22
2
186
487
89
507
791
235
25
58
295
33
203
751
377
320
358
748
282
947
201
16
454
936
905
617
774
722
308
868
534
331
870
720
170
311
579
313
546
604
371
841
637
575
944
367
247
654
115
881
954
669
249
760
957
154
378
731
877
686
951
411
369
173
483
539
484
414
205
30
370
576
224
8
503
168
375
103
175
842
984
129
511
234
889
820
740
619
551
969
658
854
732
27
27
215
919
511
981
124
894
352
52
118
712
908
638
439
11
813
281
347
942
145
933
184
965
674
803
869
643
461
723
376
841
751
943
760
614
925
236
508
277
640
626
989
900
617
428
263
430
61
611
725
206
544
261
524
570
64
393
214
878
116
590
719
219
885
831
834
810
419
342
439
411
321
428
312
938
208
927
720
622
890
797
828
435
58
704
5
475
97
571
353
566
513
424
785
399
607
971
561
26
314
1
789
987
781
453
925
342
381
997
964
271
795
144
58
205
849
416
680
298
987
385
864
853
809
2
252
768
973
813
146
639
166
936
626
948
389
903
290
122
901
606
746
48
750
804
253
951
572
286
250
912
671
466
765
833
468
17
601
442
182
748
81
349
36
60
649
777
963
291
900
864
897
998
264
999
802
870
303
727
156
553
639
179
19
404
12
488
773
966
282
307
66
715
8
102
775
657
879
91
300
131
307
549
129
572
549
284
442
852
11
950
757
2
129
128
406
142
616
179
108
250
838
526
318
847
628
445
504
859
536
157
991
844
706
472
768
607
108
210
811
471
160
568
473
641
697
879
783
665
410
243
268
249
769
586
96
749
383
952
609
920
109
952
764
168
776
884
775
885
94
939
356
606
507
830
247
556
61
383
574
472
978
194
73
748
132
521
849
515
473
458
435
935
762
551
455
539
435
230
776
881
169
484
839
29
314
439
937
376
822
863
200
800
409
625
900
541
146
102
57
971
912
844
906
675
748
713
566
535
944
694
769
465
178
608
846
493
47
136
221
221
351
773
374
761
398
274
302
544
376
711
515
641
908
774
316
8
487
234
543
783
928
312
601
106
273
799
951
672
935
524
894
287
297
268
48
47
894
702
943
623
414
811
264
674
937
932
682
424
166
577
560
446
242
513
552
515
312
856
539
248
380
433
535
30
53
935
77
300
637
21
275
403
832
891
77
769
823
111
545
341
689
457
787
931
970
691
446
283
547
985
883
280
771
770
310
176
705
387
828
694
760
455
98
944
346
527
65
521
639
963
214
328
772
1
259
743
45
57
378
592
394
261
872
517
383
534
46
88
274
226
782
34
682
232
331
28
760
748
902
399
711
116
79
484
470
690
579
515
747
309
459
493
922
684
11
305
218
409
393
844
635
527
879
317
760
562
698
872
310
952
623
374
68
702
858
890
744
789
757
843
98
569
336
20
253
699
325
823
108
70
668
744
597
899
413
709
813
111
581
123
63
556
497
484
258
707
726
354
496
484
197
946
53
534
966
658
233
643
481
694
713
501
438
663
752
203
372
565
315
306
689
730
862
538
566
473
246
293
827
94
777
25
41
182
559
359
840
144
3
673
838
716
527
628
379
279
832
104
845
499
410
886
581
272
776
148
97
374
793
925
469
922
950
862
104
861
221
296
357
224
321
548
293
848
528
24
128
712
128
325
563
890
563
145
515
339
645
612
714
790
889
535
712
839
397
168
52
618
464
762
195
137
310
840
986
190
864
466
903
345
143
466
587
706
963
102
397
960
67
463
750
956
350
462
148
747
982
200
718
798
314
265
936
976
105
922
167
321
740
422
18
883
240
606
941
204
708
690
164
775
154
267
732
504
81
880
604
64
432
674
862
99
939
150
75
396
424
594
717
164
16
736
47
257
342
340
813
402
31
329
530
185
596
262
41
678
494
645
94
278
319
308
377
610
459
805
6
883
399
76
48
416
812
447
25
506
788
838
908
819
519
790
356
116
52
749
146
898
747
240
529
418
548
906
29
359
711
387
243
111
463
643
879
627
90
904
133
230
94
394
401
613
184
109
81
589
859
227
839
606
819
368
24
368
627
53
79
338
793
322
801
256
317
32
884
760
288
17
990
382
763
744
348
300
853
429
889
712
9
728
318
828
97
343
548
76
748
628
414
541
302
568
150
620
952
34
380
241
403
722
975
167
466
323
467
320
105
708
32
114
788
703
294
237
398
843
313
498
471
80
392
125
648
542
745
952
576
477
193
331
200
521
850
666
844
669
338
301
377
723
767
166
426
62
403
824
905
717
322
728
797
714
205
797
608
951
749
184
780
295
516
980
816
718
999
12
388
689
666
765
412
433
283
838
495
39
14
752
108
689
832
905
403
38
54
12
341
155
548
121
802
416
454
970
135
805
983
523
494
1
640
907
434
276
97
282
315
112
34
423
801
219
680
556
257
86
920
598
241
821
71
44
237
525
366
724
682
349
247
177
350
240
436
137
516
533
419
183
997
805
958
150
24
638
707
281
724
979
231
317
800
303
713
38
180
80
762
215
781
362
392
484
954
180
621
822
65
392
5
63
197
963
213
574
953
272
207
29
252
439
346
52
94
412
90
626
492
205
841
273
919
585
757
873
765
730
47
831
122
404
246
320
719
811
246
672
84
453
701
688
892
399
740
338
811
183
317
655
740
158
929
659
96
38
884
861
769
931
44
243
335
642
915
54
454
161
78
890
615
779
578
859
530
670
198
342
205
515
997
945
25
278
956
121
669
840
335
790
771
379
33
458
374
949
512
180
462
942
70
77
721
0
937
604
22
487
298
228
354
295
525
379
926
482
501
595
322
188
737
446
567
770
256
293
71
121
473
886
63
895
963
137
247
252
741
270
739
39
850
445
686
375
825
964
857
678
911
532
866
648
330
785
771
586
79
194
707
904
80
771
800
396
908
47
648
649
669
740
688
519
185
726
895
362
691
104
40
602
636
906
251
966
44
22
553
475
568
612
379
649
383
179
45
291
579
693
940
248
785
980
768
971
59
15
333
750
119
726
352
108
984
955
426
28
329
331
855
898
944
235
899
327
414
944
971
993
989
263
594
127
244
362
98
303
729
783
405
848
861
109
308
846
65
87
226
746
770
82
996
66
317
895
394
83
191
717
429
181
980
23
308
576
737
758
879
466
893
636
666
107
746
327
953
163
414
531
909
536
965
258
603
634
153
349
70
345
66
499
878
46
874
538
623
963
296
854
429
541
491
447
648
589
774
953
752
540
485
13
77
802
623
680
437
777
29
507
474
447
358
704
845
584
242
468
547
890
675
976
431
518
423
432
459
550
385
563
90
222
576
167
25
552
199
814
681
580
673
155
27
31
211
873
615
453
693
514
343
720
490
126
238
265
558
697
815
296
260
906
518
189
425
895
741
977
61
774
557
734
281
937
117
492
810
732
945
855
246
640
576
88
118
814
706
29
864
521
325
476
779
195
17
557
443
110
534
504
884
443
239
165
380
356
657
190
441
954
398
39
946
974
480
65
140
186
94
4
59
771
833
191
318
850
748
761
961
634
618
845
77
857
363
458
565
20
0
358
975
398
750
273
372
230
338
513
768
784
869
827
907
54
18
226
905
118
339
218
104
957
415
182
166
778
992
84
799
992
442
126
743
192
399
115
774
90
980
542
874
202
722
134
256
92
360
513
211
51
83
315
9
499
849
175
277
841
259
428
186
54
554
929
598
306
396
373
748
729
915
974
931
637
108
539
730
820
405
293
872
488
960
881
987
162
408
617
355
20
45
541
426
952
822
24
610
219
397
358
948
665
332
231
654
441
122
736
261
527
29
133
16
342
366
355
856
127
972
211
147
18
105
573
970
927
949
580
498
347
938
798
12
622
29
18
63
152
755
677
679
136
810
47
830
529
403
686
656
375
898
155
745
3
80
67
282
29
647
781
728
937
579
92
560
961
111
975
465
866
652
496
354
815
544
185
344
299
871
352
26
121
859
772
476
939
839
759
320
839
892
49
128
823
141
688
136
252
664
601
470
668
98
825
483
994
10
179
293
881
883
671
355
742
443
831
33
635
590
354
474
834
403
602
658
896
643
794
501
659
396
971
327
846
148
163
192
158
694
485
392
578
508
747
672
304
930
706
939
521
412
765
355
167
719
365
63
362
512
916
373
260
888
701
106
388
216
298
899
262
135
643
840
643
742
865
947
672
923
238
193
335
3
901
854
723
618
269
437
130
186
811
390
426
864
848
814
80
498
713
342
985
356
535
981
98
752
280
771
675
519
316
362
874
569
216
597
540
485
35
22
23
198
413
449
62
613
616
142
464
329
836
449
38
723
430
488
475
711
611
150
582
280
512
456
201
80
54
741
566
441
764
589
639
529
391
701
494
7
195
958
688
31
408
78
107
190
567
582
901
530
733
483
810
597
940
12
678
346
105
596
787
221
537
778
750
928
831
245
287
26
203
976
409
963
54
516
154
973
99
407
504
184
891
314
781
183
678
459
529
136
407
668
357
945
798
108
225
629
705
513
655
260
489
416
224
895
933
730
869
384
137
373
568
380
39
701
563
70
513
444
206
920
112
563
865
910
23
443
891
728
956
546
341
797
315
917
44
248
647
913
984
136
638
904
517
30
605
80
100
118
877
306
39
989
221
256
252
245
699
143
325
7
42
666
156
357
583
201
957
582
466
293
719
457
197
236
487
802
668
587
921
545
245
312
887
466
568
491
63
620
986
389
979
28
407
136
737
991
689
46
573
507
339
644
964
536
880
451
691
549
390
612
446
635
276
333
454
196
824
517
816
811
258
148
191
18
636
281
9
325
327
934
184
667
931
149
555
811
952
246
712
343
210
159
330
486
492
136
683
669
6
851
832
264
999
375
282
987
656
643
312
336
930
497
3
861
998
910
24
950
157
737
645
719
248
328
558
92
464
241
761
470
444
945
87
796
321
369
783
329
365
448
665
647
297
20
860
295
931
236
597
440
973
595
159
573
923
717
666
387
310
427
858
107
725
297
903
46
18
38
375
383
486
393
382
783
413
594
430
344
831
380
784
804
975
296
730
250
365
396
637
676
175
847
135
900
144
390
298
163
428
26
898
915
419
633
50
832
227
833
177
58
213
313
215
540
961
945
790
327
341
779
355
516
627
490
769
123
880
67
638
308
445
537
575
864
522
978
697
749
163
226
808
728
891
23
268
853
968
58
180
661
189
535
529
168
377
298
292
257
718
930
917
163
819
845
28
341
175
77
91
338
655
251
66
546
274
686
751
594
96
931
607
285
818
136
454
547
787
746
804
505
28
74
668
200
271
48
893
798
125
336
136
132
587
554
31
213
240
782
159
688
66
118
973
884
255
427
432
42
525
588
899
906
14
567
458
637
616
351
435
93
40
923
578
979
477
609
193
69
391
704
757
457
823
83
694
430
510
478
824
388
66
723
646
433
290
104
70
258
807
506
704
847
429
282
827
259
243
372
328
634
428
438
92
603
521
138
33
383
616
857
771
682
580
769
467
223
225
538
833
33
396
889
232
825
