467
641
498
828
802
28
592
205
748
49
368
971
603
192
735
619
436
703
382
558
570
456
193
732
851
40
454
905
197
677
785
664
671
635
844
825
663
788
31
412
837
751
735
440
944
822
60
732
525
794
290
447
250
483
179
453
875
985
711
72
15
496
88
686
132
284
863
147
72
894
559
909
646
647
350
942
469
762
674
347
908
964
794
510
799
326
316
26
663
27
98
30
875
538
68
7
822
932
155
894
178
66
803
824
65
505
766
535
619
440
882
879
756
28
390
907
706
58
933
722
85
31
752
960
921
173
320
743
105
827
989
283
245
145
460
311
2
578
846
974
371
80
853
127
460
595
35
167
653
320
241
738
704
345
51
625
518
723
721
975
550
710
611
147
207
71
458
210
1
656
184
372
88
37
852
549
633
239
68
638
559
309
729
263
6
780
889
525
503
610
852
405
672
463
552
880
886
363
442
888
19
626
612
108
15
464
9
0
703
77
639
263
738
368
878
744
500
767
621
355
729
474
112
754
937
16
634
176
379
428
64
751
406
676
211
773
141
220
774
196
649
765
811
739
485
690
483
337
809
105
692
539
931
156
293
868
172
279
396
904
59
460
655
465
489
218
238
982
790
364
178
439
129
342
178
966
32
13
303
841
470
347
732
401
503
377
622
28
8
18
932
67
831
939
532
320
157
771
654
947
135
184
738
617
526
916
583
910
281
239
752
752
586
836
505
442
214
479
470
222
850
402
290
681
341
174
353
498
945
7
797
433
543
535
402
70
803
985
980
84
576
84
188
163
921
694
605
487
525
75
709
375
829
351
408
170
526
761
20
823
120
817
608
16
352
10
86
155
348
418
591
924
503
780
87
776
826
44
263
703
471
324
79
300
676
487
470
202
601
842
377
73
11
986
89
363
996
175
870
344
946
814
621
801
594
60
577
772
105
192
475
576
868
906
229
544
394
51
98
347
894
476
420
905
462
510
621
458
37
843
155
983
657
776
784
603
836
713
727
293
257
203
222
126
109
451
22
855
502
121
202
748
597
623
654
411
485
627
869
522
470
376
506
480
504
642
83
341
708
811
986
317
366
208
443
475
659
818
683
514
939
885
262
888
860
268
299
345
895
520
868
718
897
726
198
401
720
633
94
780
796
81
98
162
641
893
990
301
711
673
167
2
910
429
890
771
50
189
116
945
62
336
15
959
414
213
712
135
199
807
267
995
240
365
158
881
611
148
534
322
173
701
677
83
483
567
206
533
109
675
830
171
11
846
482
778
411
194
265
610
353
532
958
945
898
116
179
861
616
713
535
141
767
212
224
602
132
431
135
241
106
317
764
469
163
246
247
927
792
864
889
498
397
847
795
647
315
974
508
283
40
43
424
807
256
1
409
388
784
896
981
242
213
745
711
729
343
311
8
487
175
897
985
924
97
781
571
412
107
79
48
147
123
472
954
731
825
715
471
609
963
452
851
529
549
915
610
244
578
618
731
105
515
69
30
612
850
601
377
957
33
425
457
508
249
411
591
75
479
62
36
794
866
888
323
767
155
933
11
85
903
742
190
419
163
572
383
365
526
760
675
559
537
132
419
139
895
10
566
374
424
602
521
290
842
844
57
349
130
420
434
385
514
625
804
678
197
540
43
75
652
718
634
190
850
405
329
746
415
247
472
839
849
993
481
44
190
890
393
672
310
828
57
825
805
214
855
2
754
898
430
406
969
64
948
819
470
629
917
237
876
390
77
78
735
910
122
925
801
515
949
111
343
7
288
148
573
143
503
327
394
285
733
363
349
34
182
171
663
100
761
540
842
190
618
577
100
740
855
901
607
804
365
303
163
5
803
736
149
658
63
543
943
149
258
645
183
792
816
198
892
929
738
86
119
708
16
572
800
871
825
408
675
190
711
839
196
514
927
697
173
991
592
468
492
850
113
27
642
282
225
887
211
316
325
683
24
341
255
825
212
80
585
240
623
648
431
819
162
358
868
687
701
460
156
193
662
621
220
656
903
798
543
115
114
221
798
138
562
53
315
775
485
900
15
108
548
446
279
63
156
147
102
858
959
610
403
973
232
976
630
135
774
525
602
888
746
400
378
309
805
694
436
643
946
451
751
847
249
383
262
405
882
364
615
194
327
19
167
911
995
797
398
769
675
1
9
421
753
387
82
559
81
518
202
380
321
305
227
922
40
489
680
923
205
295
117
532
314
284
795
661
434
194
430
109
195
439
882
948
179
317
859
612
835
413
992
509
71
219
431
111
60
111
34
266
407
503
150
73
788
298
87
574
492
517
35
39
309
917
987
840
234
199
452
422
612
445
931
683
16
714
147
77
826
181
695
585
685
197
10
825
495
97
399
987
967
786
26
628
703
366
468
290
565
920
64
529
717
995
565
734
709
712
163
887
893
858
472
930
55
835
107
551
932
858
890
251
644
917
879
700
635
347
990
200
620
54
81
337
401
646
71
462
358
234
350
604
444
174
886
500
361
994
403
294
204
293
897
849
562
777
901
197
476
891
749
96
297
831
434
50
477
857
512
836
444
214
792
888
389
678
388
750
24
143
396
229
437
294
430
999
423
331
197
899
574
298
996
871
129
782
273
607
991
785
795
435
0
587
324
741
265
64
843
642
208
240
871
997
886
301
996
309
632
545
208
558
196
556
429
325
690
54
284
682
839
79
117
191
18
793
932
636
210
776
278
770
368
149
767
254
802
115
563
786
13
123
344
209
32
125
534
74
179
819
756
370
250
226
562
269
371
494
257
581
622
535
351
990
36
118
244
190
234
159
328
599
635
672
808
19
149
694
93
680
865
202
50
468
428
612
89
799
459
346
381
81
233
84
72
269
203
668
811
789
828
139
388
815
163
548
834
312
242
279
992
460
481
394
928
261
7
17
61
818
363
794
899
596
230
323
217
433
992
380
574
172
519
314
987
682
214
173
346
809
452
690
269
286
84
549
547
91
566
960
909
281
106
161
229
337
484
446
122
476
178
49
648
697
363
987
731
578
512
77
739
317
767
8
603
851
557
502
295
475
463
556
756
921
717
985
258
554
783
733
382
961
782
383
10
497
370
741
427
235
818
166
552
937
526
155
140
83
9
435
910
472
344
666
746
413
3
4
967
138
89
350
451
871
733
461
369
455
554
148
690
372
315
594
661
841
749
802
277
111
589
187
935
933
206
681
699
561
38
666
700
127
368
151
351
453
965
720
261
519
220
951
244
535
546
905
729
647
707
6
110
649
545
46
582
751
727
281
665
765
300
365
893
20
868
244
474
833
316
87
353
536
390
597
424
288
502
153
936
562
511
46
211
56
444
145
160
172
779
825
937
431
542
182
451
410
778
277
244
446
364
597
983
755
546
759
43
400
912
331
962
423
730
525
831
174
23
343
346
802
520
636
233
62
818
684
473
949
314
69
395
678
18
730
785
564
489
829
316
753
512
279
528
242
156
360
769
179
55
467
333
576
103
566
638
274
603
463
575
917
532
970
947
902
701
733
466
542
914
783
296
426
414
824
21
922
536
790
102
592
609
787
520
713
354
158
339
309
974
914
226
858
884
173
761
937
258
579
480
172
362
776
599
128
952
972
51
489
114
505
433
723
644
953
436
998
463
127
307
437
41
885
648
278
411
409
567
669
988
399
842
703
527
793
183
480
765
586
969
879
443
754
602
88
707
391
438
170
518
746
608
912
983
608
542
394
17
109
64
357
861
906
412
388
699
596
868
816
534
189
695
978
943
649
66
650
40
856
173
911
954
781
823
938
741
717
332
758
178
396
467
39
654
880
428
705
476
648
521
10
838
568
340
133
218
758
136
258
615
309
169
569
442
344
859
183
413
192
941
592
940
408
983
947
640
763
652
468
412
526
831
602
94
171
735
312
930
871
923
897
532
444
818
974
141
678
157
906
870
450
850
162
211
834
109
851
597
114
320
361
992
151
963
86
674
51
751
956
274
26
853
807
822
672
133
963
702
291
870
924
741
720
86
304
906
548
156
856
14
828
217
6
979
533
444
653
936
547
610
562
573
815
721
396
839
855
711
541
146
933
465
239
6
904
896
912
452
52
768
466
880
338
824
211
223
268
216
511
816
178
73
741
994
795
489
185
650
201
79
148
486
544
739
492
800
635
757
252
39
877
70
271
567
894
834
790
515
51
301
683
581
727
424
927
522
266
113
524
819
192
24
305
88
115
150
889
103
907
493
142
784
916
766
352
162
600
494
677
3
148
360
937
875
137
864
749
403
977
625
222
521
649
879
610
116
29
851
219
936
344
714
73
260
832
777
775
784
271
452
788
771
165
725
646
654
941
747
57
919
372
631
792
373
510
754
490
540
605
61
828
302
775
901
914
607
30
689
392
654
494
532
425
659
609
72
665
550
171
722
821
544
705
966
917
215
720
759
107
678
821
936
332
948
189
246
908
220
288
652
874
134
184
651
145
145
75
810
47
247
884
221
791
589
187
60
804
259
172
264
937
993
200
621
293
741
220
201
313
508
853
539
642
389
191
787
886
266
949
286
513
833
507
656
422
46
717
578
657
889
842
595
234
394
568
879
136
788
81
801
296
286
341
290
28
532
429
266
150
378
552
664
211
59
672
633
457
389
564
115
630
406
62
216
801
630
96
289
419
529
90
67
167
431
710
195
315
139
462
466
870
366
482
81
778
154
67
235
896
631
702
878
389
764
447
190
747
543
831
166
424
922
585
943
705
295
139
373
787
953
191
657
319
673
738
97
179
157
685
427
140
387
306
530
504
753
72
251
648
256
417
424
178
354
367
235
650
858
960
437
163
151
94
483
176
184
932
356
694
969
783
834
357
441
716
861
194
141
112
194
397
881
618
927
587
986
162
237
196
123
26
360
626
472
195
803
9
479
159
703
449
294
889
806
736
606
19
930
99
483
477
496
716
95
423
303
433
937
893
630
412
919
342
39
744
537
842
753
16
1
808
817
647
697
623
383
655
994
666
754
477
143
602
193
590
25
849
376
963
742
358
375
661
700
766
757
589
608
510
957
961
670
775
609
720
398
344
727
745
10
482
574
505
84
120
448
462
969
824
777
711
182
504
724
882
271
482
823
879
344
780
193
367
555
154
87
306
498
814
51
861
648
625
718
85
745
166
547
66
990
324
129
172
828
854
406
451
688
229
683
384
362
876
751
917
382
838
223
880
5
626
93
653
252
812
738
349
978
637
768
969
961
897
493
142
751
252
945
791
481
628
176
843
856
279
113
238
470
336
471
475
963
564
480
567
728
219
268
707
208
36
28
522
934
521
664
37
773
961
181
607
590
709
802
446
988
915
37
810
604
508
637
919
424
118
838
153
689
106
212
897
495
240
419
781
113
435
818
887
397
999
846
339
60
0
785
49
268
174
211
872
682
849
143
459
319
981
612
8
87
824
257
934
64
29
715
529
464
534
768
213
885
614
552
946
615
690
347
883
864
910
107
899
759
250
358
78
231
970
438
670
146
696
605
562
725
320
91
541
206
860
755
444
826
659
742
441
349
89
676
566
999
783
465
111
385
175
541
968
145
980
639
643
28
596
205
105
268
648
998
475
508
753
271
335
765
13
128
114
454
157
680
453
292
497
916
678
672
458
646
169
790
637
164
170
585
369
627
854
370
625
681
878
379
952
565
144
965
46
610
419
203
643
224
495
492
493
173
165
951
172
686
93
161
851
615
747
572
242
953
942
867
634
821
598
586
738
94
903
784
705
322
987
700
898
483
192
391
8
709
694
532
396
139
694
599
754
793
171
996
746
114
864
380
287
814
318
377
909
221
162
966
895
501
666
793
984
210
537
345
272
231
877
20
371
923
619
477
716
142
474
814
608
690
194
895
504
512
625
765
85
787
731
980
288
749
126
625
312
663
322
584
246
551
604
969
827
223
447
543
365
273
358
974
315
904
221
819
769
846
937
854
985
668
187
626
770
313
603
82
328
277
666
574
828
270
896
655
845
343
551
562
968
261
536
283
517
110
454
286
308
391
141
646
412
328
272
182
993
227
616
321
504
282
247
684
904
143
340
749
838
243
311
806
856
200
89
373
662
544
660
322
935
801
968
699
481
592
233
826
171
849
147
675
131
746
360
387
890
52
136
728
647
800
887
503
352
976
876
14
872
536
336
160
689
657
859
522
249
93
348
421
942
847
448
426
594
160
813
484
564
302
564
211
454
803
714
806
780
943
820
4
831
508
164
873
165
376
395
767
821
96
540
115
943
340
541
537
501
707
373
417
361
290
629
815
93
695
621
225
990
793
230
822
653
746
695
171
122
442
290
295
538
182
411
482
522
304
371
375
363
97
793
724
387
774
891
832
469
864
58
460
657
640
634
663
738
329
834
861
771
476
508
662
658
919
496
180
224
219
908
587
316
701
664
55
475
555
888
296
420
298
108
429
290
94
92
28
423
278
241
547
754
750
561
412
669
57
945
245
276
853
833
945
906
497
0
733
52
240
29
824
890
490
254
180
584
698
561
360
329
154
259
435
904
820
848
926
877
145
171
505
350
356
450
256
853
803
989
258
395
370
434
286
860
688
818
797
739
731
157
68
886
768
503
790
588
703
68
817
200
240
322
550
948
125
806
802
280
147
412
675
518
846
961
730
887
132
879
626
863
388
46
749
156
901
892
744
957
960
913
157
552
236
60
501
713
866
303
993
366
67
668
236
913
982
966
152
114
198
130
329
586
176
79
743
430
971
839
387
931
753
544
484
341
956
985
406
823
640
399
541
59
419
777
324
401
95
477
867
293
607
197
232
784
276
327
566
599
518
953
882
623
849
718
316
806
55
722
981
47
473
522
106
893
651
431
646
746
908
514
392
515
711
976
651
339
303
217
938
821
522
172
797
372
891
113
178
946
836
511
994
309
385
100
202
36
883
849
134
791
715
878
659
426
854
310
117
509
880
407
331
402
579
128
774
822
593
304
769
429
167
115
91
552
567
645
940
451
846
427
242
561
305
901
339
512
564
456
21
444
215
704
198
795
184
325
969
778
629
738
207
149
205
650
701
773
296
994
224
142
421
818
704
726
72
43
238
988
852
260
432
67
964
982
214
501
307
184
279
937
274
838
438
832
489
139
605
785
133
181
927
906
351
983
633
423
27
223
763
231
835
195
650
800
530
865
653
837
401
932
126
27
770
564
859
259
56
816
396
541
997
324
448
701
659
81
476
686
656
240
269
492
787
920
644
317
137
297
155
538
229
281
917
351
846
777
611
902
593
359
443
943
35
891
644
695
324
120
733
981
360
3
825
148
923
469
465
412
766
972
950
995
254
219
346
100
996
309
354
942
669
149
885
704
41
881
751
717
1
485
50
714
488
875
214
763
344
31
175
462
4
477
457
258
696
156
710
45
817
64
987
838
213
224
895
606
105
646
676
106
131
78
172
971
954
386
86
650
418
261
113
422
90
922
32
139
78
742
536
248
158
523
86
723
747
981
330
852
628
358
310
111
436
483
83
742
221
521
393
639
135
506
413
225
780
445
716
859
539
252
459
697
127
545
421
226
527
103
430
507
461
93
970
249
576
53
992
149
927
385
789
62
243
554
287
23
0
356
234
539
960
693
589
440
591
10
666
118
113
97
977
926
190
947
175
118
353
167
267
280
904
408
342
147
963
981
523
315
337
109
206
650
803
795
90
394
805
756
864
270
205
193
548
747
140
76
217
493
243
837
125
500
245
467
999
560
801
522
875
490
632
434
140
787
229
230
533
387
339
749
9
896
942
558
996
434
986
213
928
581
50
405
81
648
873
81
560
26
955
788
516
939
222
657
78
451
239
611
838
930
712
200
179
6
758
175
441
744
740
721
677
143
126
759
791
351
840
351
377
147
491
894
87
713
903
165
165
494
129
355
777
193
555
956
200
665
131
641
761
223
362
439
366
488
198
157
192
390
861
569
889
352
815
976
418
70
494
583
565
975
290
342
168
846
650
720
863
133
361
625
356
75
64
723
916
614
232
108
356
445
29
245
150
845
222
568
915
68
503
832
43
793
526
563
991
176
284
855
309
997
480
18
73
896
741
341
510
973
449
866
771
478
111
921
675
685
489
943
105
344
127
500
137
654
416
129
182
700
984
492
49
816
510
474
712
603
815
222
928
616
440
699
447
903
620
122
941
461
417
46
805
545
899
295
199
315
424
733
367
760
577
416
576
439
243
288
42
410
862
971
27
654
22
826
909
995
300
850
456
718
249
614
615
148
909
166
815
685
899
182
797
477
950
373
916
193
13
959
956
875
282
335
881
304
161
790
651
461
641
108
179
242
74
146
742
335
312
557
372
212
739
169
689
689
542
605
235
907
916
191
782
198
526
15
855
39
805
506
500
798
966
32
40
392
178
782
79
491
691
451
703
430
620
744
472
514
349
707
421
618
250
555
816
128
570
23
167
728
882
19
526
848
51
919
593
582
53
672
73
745
124
128
527
96
872
999
611
573
58
384
191
660
940
360
788
862
735
307
590
617
679
469
818
730
740
411
312
793
435
737
890
559
865
418
8
89
417
971
15
828
355
206
488
647
918
629
862
654
288
804
623
967
625
441
698
365
204
362
159
640
452
49
551
669
819
559
111
237
530
126
417
238
684
905
237
603
886
99
609
175
904
232
142
529
674
192
247
878
907
406
870
359
807
422
380
627
333
491
216
864
617
633
454
302
890
691
905
777
143
866
304
399
98
446
928
772
991
527
3
250
933
225
961
93
999
341
72
333
833
288
549
802
273
3
104
515
46
361
292
189
227
948
588
678
747
869
802
738
396
157
988
682
383
949
775
382
642
199
715
827
487
264
630
112
619
86
627
666
800
272
207
379
220
796
57
967
665
860
57
413
17
397
95
400
698
222
135
341
421
850
520
260
467
150
372
438
589
352
104
389
976
664
768
548
460
826
868
477
38
277
890
55
675
338
808
373
560
943
66
982
793
587
242
612
89
967
51
678
671
507
419
999
171
188
899
983
366
767
460
404
45
703
811
72
41
619
797
953
562
216
935
708
803
530
320
244
849
723
275
872
231
694
223
754
234
122
738
600
242
550
356
639
253
168
711
646
787
860
600
350
76
887
410
231
769
82
476
970
806
751
194
389
797
417
143
32
892
233
632
134
784
989
773
389
509
836
36
296
696
988
998
773
227
408
4
349
843
832
319
649
935
514
390
733
283
885
765
175
119
749
309
255
90
434
644
599
270
32
248
319
372
246
92
952
7
448
301
850
281
620
499
568
486
241
301
122
126
418
297
597
520
959
852
610
393
849
562
16
881
810
335
606
56
779
558
415
227
859
265
860
831
116
429
670
357
82
792
836
501
441
433
373
752
286
335
498
135
897
514
368
707
201
326
116
980
884
531
559
95
149
420
927
265
849
949
975
931
93
811
784
534
244
157
287
882
493
785
369
390
651
738
450
204
416
918
184
653
801
743
748
950
515
27
568
364
976
543
648
69
354
432
956
950
942
595
833
435
732
202
177
735
292
979
939
709
249
475
362
51
570
110
353
86
490
273
450
818
816
450
240
522
235
196
473
177
143
306
612
875
508
789
610
153
121
901
862
370
376
224
773
946
686
127
32
176
752
835
995
921
637
235
443
872
783
268
49
926
574
661
153
435
803
115
588
924
16
802
646
392
26
420
690
64
899
75
241
651
910
588
572
899
175
368
772
958
636
821
236
563
835
389
998
638
504
938
914
520
740
912
264
118
332
306
182
583
381
775
235
643
715
159
543
890
879
315
200
516
136
436
79
971
177
429
961
681
719
227
553
459
140
169
577
824
476
111
408
857
887
995
501
602
154
44
845
34
711
45
902
847
834
333
171
11
762
484
45
481
712
950
292
204
120
221
28
596
332
436
805
571
431
658
174
938
702
371
324
765
416
578
965
602
911
136
966
673
620
11
506
684
961
798
888
433
19
269
29
351
705
187
923
489
845
449
779
900
172
103
665
588
681
630
543
944
118
509
617
91
520
123
775
833
273
16
267
292
285
648
995
342
835
270
831
681
71
610
933
243
65
598
184
98
581
727
42
699
236
11
790
108
486
918
941
759
286
560
403
571
209
399
913
396
669
97
429
93
707
362
336
125
313
520
575
894
247
970
945
835
981
736
943
820
6
237
579
292
797
335
863
358
734
128
755
755
225
184
848
285
547
185
762
860
705
337
106
305
659
51
140
993
139
436
813
145
25
744
789
822
79
4
533
813
133
288
921
710
824
121
347
723
306
109
935
364
799
41
21
458
445
513
803
584
949
616
82
974
361
223
149
440
228
34
606
713
674
879
775
498
0
123
574
659
584
509
375
383
903
396
194
700
909
997
636
211
966
718
185
327
294
686
119
874
720
77
587
394
956
714
245
957
837
819
968
422
680
343
157
583
739
703
283
0
701
272
211
19
990
749
346
636
435
817
510
156
895
97
902
203
164
147
512
1
966
480
775
647
823
933
582
914
988
218
915
41
490
126
60
832
875
758
469
663
576
979
171
823
429
73
26
593
221
891
946
187
371
722
186
547
7
769
461
995
987
376
37
477
855
97
309
82
208
130
97
784
110
268
959
539
342
985
484
563
876
430
102
600
504
289
147
511
410
608
859
749
337
248
226
544
697
887
978
905
18
76
41
480
344
0
371
38
338
855
601
566
637
56
166
142
697
313
5
107
274
864
856
963
464
434
859
162
321
837
419
691
265
461
171
610
461
894
648
799
749
602
366
739
658
884
881
707
198
238
814
824
103
22
787
919
456
646
433
129
835
853
173
101
314
696
63
127
591
63
927
692
665
645
431
675
529
664
734
79
903
548
903
358
570
42
277
378
40
711
508
876
564
33
329
230
729
392
357
320
455
636
365
473
281
796
500
163
813
235
242
716
783
498
74
706
540
703
436
933
766
296
161
682
329
490
912
59
882
622
731
337
258
96
162
892
245
663
55
58
898
649
126
33
147
552
91
40
607
528
973
374
824
134
408
154
976
673
565
858
295
648
547
905
745
710
797
342
725
204
752
975
854
878
8
1
782
452
41
389
980
366
115
156
852
524
310
828
197
227
38
492
876
586
749
973
648
547
315
725
751
419
700
957
649
708
959
431
512
352
172
492
71
288
649
923
812
311
104
361
539
142
205
767
80
954
740
80
853
55
805
957
826
505
914
475
566
225
906
78
578
430
923
649
718
572
924
882
235
380
243
774
523
800
541
955
755
633
36
608
40
193
917
866
51
832
341
617
57
247
47
987
30
970
988
748
894
265
983
130
645
226
256
520
27
150
476
134
783
864
94
824
409
12
690
460
196
384
429
605
631
477
945
13
799
933
762
694
198
745
176
844
323
784
716
702
286
544
188
70
760
283
246
170
647
288
630
843
672
60
800
656
889
745
669
688
679
783
734
229
528
262
425
204
47
142
906
333
686
95
755
799
730
1
969
377
642
951
572
314
11
372
322
252
118
992
941
149
775
27
378
656
290
156
212
337
298
470
22
336
917
778
487
647
131
456
376
773
408
948
440
771
673
762
24
143
106
965
292
234
344
22
242
634
178
454
971
828
924
994
517
842
124
4
841
255
813
218
381
221
166
821
344
191
935
368
334
42
685
978
628
30
1
870
664
531
676
988
712
600
334
581
794
810
937
636
65
750
854
446
323
372
619
668
564
555
388
250
949
74
229
577
456
582
799
472
113
475
812
177
75
146
758
222
956
48
858
374
798
64
172
122
788
792
142
352
347
530
955
296
956
184
225
412
766
24
237
231
499
49
761
926
548
871
500
856
919
358
230
718
774
403
192
563
195
686
267
894
568
222
542
525
406
767
289
524
143
878
108
994
928
869
272
476
92
773
332
12
483
915
82
258
318
626
821
865
312
88
111
232
663
653
757
69
772
399
946
267
277
406
613
557
275
885
33
367
10
718
731
846
633
813
104
303
439
277
520
103
717
631
336
380
636
445
802
760
196
100
379
826
506
992
383
133
229
769
500
240
487
584
86
472
397
542
775
189
819
647
644
888
278
332
269
266
130
423
26
326
523
757
504
29
749
888
162
978
657
14
218
496
598
656
968
348
550
95
889
369
742
885
610
372
218
879
638
348
302
16
26
825
773
531
206
874
419
368
852
428
734
423
276
685
431
244
33
982
691
274
703
785
159
313
157
377
192
147
77
846
515
104
23
640
987
229
514
758
949
718
186
684
141
814
369
573
410
754
907
101
28
610
886
539
924
395
917
468
542
346
315
409
450
690
49
789
272
915
547
221
633
85
257
127
899
978
52
309
732
959
410
112
569
648
652
845
43
921
314
937
619
981
346
70
23
747
211
295
662
759
869
296
844
126
775
744
105
827
53
189
786
816
654
707
816
658
553
212
931
219
149
550
552
848
972
575
595
184
223
610
943
92
258
139
218
33
883
675
860
289
217
646
457
871
705
273
529
258
837
812
829
987
362
381
187
335
309
782
519
532
744
814
976
2
953
194
35
189
222
895
830
439
893
287
310
599
912
191
209
750
3
39
89
365
772
276
52
433
410
923
317
155
737
293
157
43
488
545
232
710
440
414
501
686
53
811
637
317
354
846
419
357
237
508
74
362
136
127
795
547
50
113
54
140
406
211
183
246
756
767
308
549
181
809
587
586
972
224
903
326
422
323
683
660
183
110
22
320
237
169
219
639
282
273
131
41
836
666
639
945
785
948
846
318
757
433
904
730
9
808
408
431
131
92
443
666
202
465
986
791
987
205
782
621
830
914
662
667
932
302
612
718
602
458
36
711
243
941
441
252
101
850
683
584
294
127
250
848
944
237
991
931
794
773
553
977
39
567
644
324
221
608
42
823
418
78
535
13
371
328
265
472
530
300
56
824
427
307
24
724
896
15
7
42
141
560
19
532
480
15
856
701
975
250
877
393
329
412
758
52
740
23
525
271
324
933
447
103
240
824
827
488
191
835
531
684
747
550
217
579
918
425
281
893
676
158
639
357
922
397
409
662
421
286
285
97
220
85
200
812
909
380
301
100
567
184
785
314
734
354
894
652
131
527
546
159
37
537
516
959
934
278
973
707
916
611
804
488
696
357
301
957
737
954
57
656
138
194
970
224
900
216
229
32
95
127
191
484
664
60
443
598
690
769
306
606
380
462
447
76
819
100
33
908
54
442
564
544
989
887
120
241
455
349
625
903
476
169
387
140
229
183
91
271
952
749
229
332
211
676
760
383
776
145
643
182
939
560
78
280
799
199
522
254
548
147
509
377
316
897
517
897
80
960
520
32
709
750
716
921
426
828
656
555
325
651
89
264
211
168
545
10
367
419
617
267
918
478
644
587
375
514
484
807
474
357
839
184
107
907
457
885
87
465
792
412
116
882
677
328
402
574
690
121
345
659
388
263
138
385
850
865
899
687
673
373
44
864
909
503
124
718
388
211
183
533
624
300
415
653
980
817
227
22
938
924
34
678
187
524
63
390
389
314
77
414
688
473
279
949
976
403
668
716
614
851
249
590
503
16
243
483
185
822
858
475
746
892
154
286
768
569
676
157
884
105
924
924
578
203
873
906
958
893
622
924
745
224
515
600
240
758
436
426
933
294
901
679
538
407
965
306
329
641
815
213
746
739
137
676
294
362
582
252
256
557
177
353
781
44
953
21
802
389
799
735
35
53
767
573
812
84
231
141
78
399
354
176
138
843
853
785
558
787
37
814
344
566
519
125
610
472
499
765
214
298
852
249
703
971
823
516
56
406
657
134
805
364
310
296
207
515
81
765
303
470
931
647
389
450
125
351
923
624
116
489
274
321
738
978
292
913
846
348
320
503
834
477
867
497
773
427
12
206
544
667
29
476
315
418
926
440
769
201
416
238
690
42
559
781
20
851
694
218
552
366
74
738
844
293
235
969
720
600
176
265
267
205
93
934
975
19
374
744
573
142
982
615
185
893
396
557
745
91
776
649
457
850
387
653
495
975
623
216
575
799
833
842
356
926
777
331
297
503
75
870
646
410
838
183
303
234
740
400
325
868
401
135
70
789
788
566
764
763
134
691
914
319
533
270
245
662
601
894
518
29
117
516
791
955
699
446
189
791
847
867
660
248
354
730
389
494
648
505
258
782
196
172
101
82
443
698
96
396
593
614
777
710
130
568
665
181
15
206
973
214
73
633
814
427
715
204
274
364
709
532
498
258
56
600
692
851
650
788
248
243
755
377
305
237
298
322
419
665
529
392
879
954
25
693
734
92
249
8
808
311
892
307
921
948
259
613
800
909
753
400
505
508
777
162
746
427
485
165
92
366
909
323
672
286
17
406
378
618
766
187
929
658
846
850
607
105
815
759
14
569
159
871
429
288
34
527
716
871
44
808
237
953
132
909
239
501
668
970
119
434
509
401
445
355
251
404
460
67
163
826
988
674
698
417
962
732
297
30
603
341
839
192
295
323
453
886
176
121
208
295
908
717
48
353
72
300
757
884
719
272
711
59
946
761
828
260
845
125
291
800
467
482
992
114
157
445
352
333
919
561
980
827
630
29
532
703
681
641
587
752
913
650
811
211
411
991
823
256
117
114
56
936
948
400
50
457
198
754
790
117
667
123
296
298
504
828
353
537
469
292
289
734
943
452
945
706
443
768
963
912
235
371
848
535
772
250
993
970
357
135
439
24
258
735
322
114
915
675
651
384
968
292
118
263
96
63
969
892
183
284
804
418
656
5
954
780
255
299
102
612
434
541
989
45
628
311
159
543
339
163
927
659
455
397
922
904
812
243
796
995
528
952
766
184
957
72
316
565
371
418
529
157
311
518
202
939
182
714
834
873
877
113
532
332
510
806
588
674
401
384
21
929
337
787
465
646
211
781
211
934
551
741
92
862
611
294
153
145
8
987
18
237
452
902
922
962
60
510
988
462
895
10
391
584
797
209
230
361
342
794
295
894
887
387
108
498
34
262
644
394
601
14
632
54
917
554
368
329
416
357
791
311
719
535
247
868
744
478
229
86
272
525
332
159
912
441
9
298
55
5
693
656
372
325
62
641
231
783
970
647
492
114
311
211
649
910
79
745
388
309
183
12
186
516
523
450
309
885
749
364
890
442
372
262
119
787
903
350
570
226
349
62
340
12
625
341
923
704
86
663
365
621
676
903
489
551
354
798
436
103
514
679
545
887
293
664
674
197
366
596
775
715
10
115
80
635
456
3
691
894
666
409
515
694
312
5
246
666
155
34
769
670
713
666
909
7
330
935
556
48
883
331
764
893
798
844
528
254
199
571
148
865
980
15
912
645
20
158
663
528
544
433
550
258
99
811
265
782
746
173
830
629
504
946
874
302
142
754
908
693
325
408
911
658
423
823
303
796
333
966
324
877
751
226
135
203
37
752
337
135
925
519
764
781
818
990
435
960
744
343
6
421
103
917
79
527
740
734
675
73
53
351
950
156
577
438
359
614
190
48
749
468
568
865
601
738
855
37
698
951
732
56
372
836
973
452
715
713
538
390
138
943
93
89
100
670
527
811
636
69
860
385
889
780
602
491
518
809
528
568
760
612
625
484
448
598
288
515
664
827
257
802
770
350
243
870
20
770
34
656
192
246
393
81
26
347
572
896
508
452
816
268
65
793
105
865
392
393
733
408
220
990
210
343
341
454
565
713
576
599
722
120
845
467
202
223
167
126
471
675
579
288
296
644
81
401
861
825
794
594
233
15
585
796
710
278
250
275
343
178
227
417
299
424
885
853
648
52
979
119
727
558
759
23
554
841
424
768
666
571
362
252
586
299
48
648
929
650
923
273
180
502
42
479
927
927
332
575
331
664
46
59
574
806
434
129
999
211
249
665
782
963
269
720
615
669
368
544
319
643
169
500
146
212
331
425
491
16
0
823
680
398
234
254
204
20
735
203
231
336
221
365
300
842
85
915
512
805
811
831
449
981
683
947
545
367
372
36
383
724
859
415
474
445
669
679
466
757
234
697
93
807
63
745
650
500
660
162
306
472
345
107
805
381
406
350
748
130
738
131
206
950
546
680
395
567
711
861
676
946
911
122
105
326
867
107
178
880
269
836
352
967
943
509
348
701
859
96
831
597
579
389
547
125
70
295
44
781
156
73
79
419
195
185
97
414
644
276
294
914
112
998
233
408
507
581
109
718
29
293
316
608
682
215
85
752
510
129
886
19
554
317
790
749
854
888
164
499
164
810
765
628
809
998
36
668
579
498
387
608
791
703
216
825
270
301
930
133
782
816
152
337
133
294
438
988
182
954
487
698
765
252
679
926
602
715
594
181
565
333
141
356
36
709
182
659
362
464
792
496
280
296
833
765
590
624
105
125
578
944
175
695
548
854
973
150
922
920
683
487
253
824
844
642
533
378
653
247
842
445
744
474
93
929
591
35
553
697
160
484
641
336
531
190
542
857
692
464
129
376
952
382
552
148
376
438
526
29
685
720
826
429
546
919
711
137
955
264
834
467
100
828
803
984
370
346
841
62
162
970
438
114
704
991
262
433
429
140
462
466
212
289
248
758
560
959
896
515
223
82
983
676
910
138
660
280
836
853
695
999
823
133
465
879
476
728
312
257
220
775
76
433
416
324
191
328
283
87
196
506
170
179
534
432
669
194
713
858
47
408
209
222
893
674
102
722
754
766
331
975
893
407
408
661
731
599
990
14
39
186
873
209
717
407
993
386
602
706
596
1
466
805
576
360
480
30
434
234
796
765
209
42
173
969
703
904
569
693
919
608
879
792
169
948
199
162
335
153
221
283
507
687
89
83
399
921
465
833
507
613
599
69
655
772
38
359
676
607
52
947
567
284
739
88
232
291
603
919
796
824
203
303
511
644
738
263
565
555
96
424
169
695
493
824
819
532
183
848
491
588
795
59
872
535
147
456
178
750
376
974
926
931
630
790
927
720
53
844
276
501
268
445
197
762
269
368
294
805
216
137
393
12
196
617
899
696
73
77
798
801
51
725
84
33
867
11
754
920
855
30
421
476
827
970
238
96
339
884
253
907
373
646
919
570
263
170
618
689
247
768
842
651
493
927
684
712
290
790
632
498
172
406
974
999
376
564
448
67
800
701
327
173
348
598
95
963
769
713
652
16
482
495
19
327
774
704
40
64
846
24
562
19
430
888
18
159
804
466
578
604
168
905
130
868
504
225
831
273
291
836
641
125
683
661
804
809
717
196
873
563
221
788
582
3
28
601
514
833
419
93
789
939
998
919
807
854
497
991
127
788
179
121
265
862
782
69
671
499
266
896
62
839
36
645
194
65
598
709
250
17
802
39
957
152
311
116
359
808
459
838
596
638
959
213
852
741
282
875
592
900
124
655
91
160
652
286
577
602
347
179
619
501
219
928
653
530
397
364
690
856
203
286
847
162
851
699
256
133
927
848
386
51
855
477
563
507
115
141
461
462
320
81
963
891
361
969
773
110
333
463
967
536
101
166
51
952
865
307
438
144
507
824
195
363
301
759
222
769
252
684
231
572
117
195
816
830
516
589
941
201
405
260
90
506
426
141
811
643
800
249
788
307
425
983
22
726
94
597
495
346
281
79
271
750
626
439
580
142
28
873
343
785
133
433
644
559
926
455
203
726
56
343
386
481
678
408
559
773
5
407
471
638
486
94
388
464
533
321
606
914
194
301
699
328
87
343
239
13
150
794
92
558
137
478
391
168
238
951
941
244
710
764
234
548
859
623
12
392
296
970
306
490
271
358
170
358
53
410
724
556
204
816
114
694
646
858
862
884
809
155
128
871
919
363
419
130
338
431
875
634
401
533
476
672
891
647
383
945
409
459
853
965
275
967
659
921
825
521
805
986
28
286
857
948
1
628
430
691
59
305
325
460
839
153
485
730
152
220
27
913
679
880
879
306
200
538
579
377
412
736
716
440
22
925
740
375
554
171
66
613
828
743
426
667
897
263
750
401
835
129
315
866
362
194
524
914
84
103
291
848
191
359
289
214
285
381
941
839
904
8
804
733
103
230
752
0
845
854
754
680
336
69
546
698
615
70
612
699
525
255
900
717
615
541
283
252
922
224
91
179
584
895
912
688
478
16
40
323
223
794
4
559
215
902
257
830
325
221
882
850
476
782
919
443
323
202
695
597
779
138
776
363
34
40
403
512
57
444
187
632
590
543
191
806
798
448
988
123
669
870
325
497
4
597
941
679
799
988
277
930
127
405
646
513
446
49
377
855
845
564
487
436
460
678
594
258
478
934
381
147
157
58
996
161
655
289
193
807
278
470
737
757
875
735
270
673
785
647
528
982
563
367
770
23
45
716
281
523
651
14
22
808
425
19
321
432
660
514
239
938
984
329
47
212
64
669
885
201
316
766
536
232
133
306
255
531
23
889
54
674
255
429
834
680
800
155
113
460
670
704
751
654
33
798
218
450
468
456
651
136
222
187
368
707
846
976
238
869
217
645
895
472
74
729
505
874
236
970
334
906
674
85
913
60
236
131
510
704
587
513
192
161
701
561
869
899
889
107
120
458
752
367
930
178
448
787
52
684
757
739
591
432
176
504
844
412
987
354
468
927
867
661
440
920
574
309
819
815
769
291
273
521
658
203
700
106
343
104
791
100
843
734
884
372
238
728
784
577
434
605
856
302
266
297
574
192
606
746
7
375
37
280
249
696
835
301
154
178
757
945
631
953
679
867
325
269
596
109
199
382
66
55
684
332
352
611
524
311
709
883
38
746
163
639
794
999
940
301
529
698
246
160
3
278
380
328
899
976
789
98
358
856
154
395
188
858
358
65
521
67
300
560
165
464
551
312
815
844
613
696
894
211
209
897
489
589
225
389
565
14
839
275
870
345
22
411
204
380
828
77
799
128
989
965
944
541
629
759
385
242
456
279
453
665
176
295
606
753
36
171
767
875
798
990
221
173
753
777
905
581
854
705
61
196
22
6
89
651
117
474
893
925
105
698
942
633
345
548
386
