638
998
287
640
72
965
294
548
507
644
260
266
382
170
74
76
259
540
826
24
690
316
196
608
364
944
91
921
900
577
33
890
575
672
530
999
990
825
899
497
821
159
116
555
682
542
631
293
82
458
317
125
126
513
85
843
457
177
764
709
106
149
951
33
822
482
385
164
659
636
13
832
148
129
387
830
23
371
123
458
829
792
935
307
305
20
150
115
549
914
176
655
64
128
41
238
962
426
402
621
62
415
805
210
897
544
392
272
915
867
730
96
659
665
404
317
38
906
784
587
821
960
595
237
440
636
475
402
414
229
375
828
644
180
39
893
725
783
166
992
3
248
89
662
914
845
331
304
751
115
243
924
428
838
161
868
826
988
623
240
569
998
69
566
531
460
459
608
595
625
600
598
874
41
261
140
886
944
796
990
412
39
914
840
230
428
60
56
768
683
649
338
34
718
904
565
530
715
173
125
341
773
724
567
815
337
59
53
281
855
395
693
894
310
885
476
90
946
533
210
981
182
900
15
252
156
932
782
872
105
259
565
879
983
484
46
320
543
451
954
750
847
999
996
509
885
473
951
183
358
161
516
892
414
532
144
570
464
278
794
922
537
359
153
873
195
551
545
90
2
499
840
849
499
837
710
736
662
661
919
20
175
787
912
589
671
56
511
488
686
306
410
223
17
563
448
213
114
994
303
116
845
144
318
344
333
380
432
995
42
703
367
569
491
279
158
162
687
669
650
725
975
60
300
345
975
749
558
89
743
213
558
588
709
228
285
42
608
69
389
2
773
108
571
264
739
729
778
426
751
429
503
78
841
804
423
817
553
981
906
648
195
816
588
256
44
873
299
653
943
40
655
68
501
227
684
240
308
462
19
59
891
522
138
733
326
561
550
879
895
808
879
442
625
468
698
669
693
349
674
988
742
682
56
243
909
740
483
569
203
854
629
446
377
119
531
703
32
433
935
279
242
814
73
219
282
772
240
976
473
915
316
567
949
373
162
858
465
998
779
668
852
760
467
229
879
998
933
264
432
220
543
674
34
617
245
669
741
485
997
566
752
313
486
701
686
648
911
504
646
43
172
499
803
639
728
35
638
13
299
422
233
194
96
620
163
693
289
904
530
286
823
283
599
309
336
638
957
600
142
956
643
666
455
446
658
535
481
648
549
132
70
134
327
518
754
490
211
43
747
741
681
922
376
281
583
65
271
540
665
765
496
660
783
303
458
441
839
292
441
740
424
511
874
103
381
629
946
592
24
45
686
706
967
414
339
550
831
962
442
848
727
291
508
510
594
319
304
785
611
745
525
387
609
752
491
990
733
789
935
757
834
621
463
801
387
154
703
219
116
145
67
843
436
928
706
383
247
362
168
858
107
46
597
716
150
88
707
883
877
642
992
63
615
456
864
2
962
919
573
79
65
993
274
853
921
332
588
168
694
109
378
802
155
975
870
657
416
929
540
645
571
532
709
538
340
925
893
303
845
466
734
262
459
360
467
732
693
56
900
387
165
630
541
672
958
412
329
374
693
221
19
265
105
80
155
446
6
48
101
203
867
187
465
678
547
932
411
240
340
663
980
505
646
521
529
604
285
858
978
979
431
349
596
537
782
751
335
788
800
788
343
19
975
160
697
522
92
460
115
785
476
95
290
122
616
820
726
254
30
56
233
462
405
829
351
187
932
686
327
84
474
22
103
449
182
153
323
627
613
438
412
89
533
54
563
502
874
289
756
257
345
341
71
103
522
422
642
454
108
970
891
582
344
994
383
527
499
706
154
465
497
566
906
30
620
470
884
847
759
640
104
457
981
175
560
503
949
554
310
57
876
201
991
221
547
726
748
47
784
902
512
281
820
770
664
792
240
548
639
352
189
95
809
522
622
721
26
571
275
336
980
504
889
323
725
436
49
473
483
834
727
347
467
899
118
131
691
710
680
683
62
869
778
223
743
753
296
769
324
924
457
657
428
698
980
153
135
30
978
970
216
57
318
683
956
788
815
647
850
495
330
265
716
461
488
459
214
137
581
890
413
390
899
841
89
880
346
224
262
676
546
478
733
216
513
41
356
680
40
207
527
723
472
243
184
312
55
750
801
988
992
214
730
892
407
819
772
753
395
386
781
294
216
866
510
729
907
867
410
948
74
937
671
898
533
207
210
940
309
364
280
301
578
10
193
986
182
317
91
929
703
873
223
919
739
734
1
999
601
763
947
27
700
970
925
585
177
487
525
838
851
157
139
782
168
685
768
350
2
859
631
58
84
855
329
824
589
330
175
542
93
122
921
146
444
846
83
973
685
609
811
889
118
950
23
286
635
791
988
990
2
620
48
87
827
729
263
768
60
438
310
505
912
231
3
356
429
87
329
466
48
492
707
166
442
730
805
430
521
145
420
876
117
820
963
944
549
578
712
961
368
374
819
280
957
822
988
386
261
669
205
309
161
912
828
955
643
633
385
516
778
157
744
896
329
707
192
879
637
905
192
5
631
11
637
589
186
625
327
447
294
532
757
455
797
585
411
440
570
148
308
348
658
53
596
987
112
789
866
102
694
411
107
677
422
745
266
608
370
594
56
17
126
165
472
923
102
235
715
672
384
376
20
42
781
617
381
893
758
248
995
804
11
455
481
433
552
748
394
274
342
802
291
820
967
764
96
69
351
163
93
87
539
113
129
320
82
511
566
192
111
913
996
474
368
478
907
920
578
653
547
272
455
838
92
774
954
540
195
306
704
288
393
243
754
875
916
188
738
482
381
201
395
729
675
116
559
934
388
137
588
935
409
395
774
854
522
728
394
69
386
450
710
780
46
816
655
962
4
393
796
737
946
191
819
621
659
378
555
48
516
495
983
277
243
109
483
117
190
230
186
576
680
248
356
726
64
363
40
421
108
836
510
54
380
329
27
39
708
583
439
576
430
775
205
25
884
689
142
74
919
681
651
599
281
359
678
346
723
70
119
183
907
629
238
639
311
265
30
371
200
470
947
983
245
504
360
481
193
503
556
112
536
559
64
817
270
94
515
345
164
634
529
423
616
119
414
927
736
445
650
289
915
949
272
512
453
632
993
647
487
901
111
375
460
175
545
731
621
60
76
786
47
957
561
663
76
976
942
165
773
592
454
688
541
78
552
994
62
545
993
550
447
105
277
259
632
822
342
254
883
771
392
282
728
305
945
157
281
239
322
54
831
776
94
724
854
646
70
916
544
64
818
991
521
96
602
505
270
945
759
505
716
503
787
444
161
84
953
442
323
275
849
154
51
295
230
257
294
301
526
190
717
344
181
590
792
135
95
415
80
207
920
796
710
708
593
871
792
546
666
468
174
867
622
225
514
205
835
160
858
361
350
575
57
883
517
202
19
612
617
99
819
537
248
882
597
193
105
742
739
123
210
913
342
184
491
209
389
678
369
247
39
720
174
448
955
691
650
974
656
267
426
827
157
674
709
754
867
167
496
958
290
706
224
985
891
67
194
632
745
915
232
136
635
406
584
943
450
587
917
458
206
695
285
363
369
995
470
588
514
318
899
156
377
123
141
620
190
687
252
287
603
484
423
590
243
359
533
45
946
803
503
153
498
788
868
220
135
690
160
1
9
59
158
386
534
651
6
76
339
610
363
942
447
786
884
42
146
418
87
444
573
942
597
71
82
818
291
218
508
452
219
517
863
729
255
398
381
613
474
720
224
838
14
671
976
250
65
474
668
152
919
593
94
516
665
176
686
308
746
195
760
318
712
976
47
320
374
780
933
200
500
157
390
866
180
367
117
245
841
137
749
112
731
195
629
748
724
315
56
822
862
169
140
927
145
540
247
871
320
180
71
173
690
814
39
222
533
508
820
726
998
569
839
729
117
468
477
841
135
885
663
350
54
156
277
199
696
524
70
368
56
494
541
746
308
933
321
841
793
141
919
791
62
758
872
179
578
701
372
66
587
36
416
641
544
693
193
592
569
615
960
625
461
854
724
769
139
45
962
932
186
882
724
248
992
596
780
571
298
152
637
237
540
53
878
84
98
423
676
667
39
989
292
500
195
16
622
334
61
936
618
599
170
694
200
163
643
980
734
293
132
723
530
673
128
760
109
226
184
138
893
575
479
185
427
674
554
401
360
615
338
978
215
508
673
767
23
316
747
109
609
879
832
491
904
960
251
366
538
787
504
431
362
983
617
142
657
171
543
17
138
881
347
705
742
372
472
117
688
571
227
649
803
411
140
707
724
744
73
262
531
929
694
246
912
663
740
921
186
283
290
676
517
638
734
259
10
206
728
51
778
955
52
581
719
545
640
443
641
66
705
172
995
751
770
260
766
510
181
952
146
472
981
663
462
715
274
824
921
2
227
51
310
280
984
29
177
977
472
818
43
529
342
390
633
465
650
399
327
832
704
473
656
685
136
470
400
762
294
673
765
874
77
75
506
61
456
683
38
928
501
433
809
195
824
442
660
474
194
988
658
898
461
666
583
950
136
335
712
783
8
829
9
85
904
515
499
360
198
889
640
51
323
802
598
147
596
259
973
790
599
984
40
412
650
623
362
139
958
427
274
319
256
283
756
513
798
255
225
348
145
218
399
468
20
349
967
616
608
292
759
207
276
799
972
279
775
334
418
85
113
44
404
370
327
161
883
125
768
108
825
913
678
576
733
698
925
700
667
534
993
426
93
621
577
65
900
352
752
670
438
217
714
194
587
41
707
822
518
476
283
343
389
961
919
123
12
845
175
679
731
520
457
176
142
386
594
394
739
698
417
529
915
131
75
855
525
783
677
395
611
312
91
0
626
362
475
638
207
651
317
290
523
126
819
665
512
413
412
603
111
829
484
378
312
560
233
189
695
263
937
306
575
28
658
201
390
134
191
950
137
508
592
660
986
411
678
499
824
442
454
287
623
939
18
287
499
251
477
546
866
766
852
794
794
510
347
536
996
539
838
485
399
431
498
386
842
176
237
19
970
691
658
593
630
676
880
481
280
709
27
146
475
231
940
621
94
288
158
90
827
996
928
578
779
426
964
974
602
201
993
924
245
3
517
875
680
397
709
312
459
736
458
934
320
751
556
414
391
66
856
570
